t	CL	CD	CM
1.2e-6	1.1015531511999999	7874.464667899997	0.45212788325999975
0.007008205805805806	-1.986610064105508e-6	0.255432446285381	-3.44416084863002e-7
0.014015211611611612	-1.7654701910362977e-6	0.18601125283858563	-2.8497417983671244e-7
0.021022217417417416	-1.7057699893675281e-6	0.15323618651556017	-2.7946334476787856e-7
0.028029223223223224	-1.5896936638825094e-6	0.13320784724432966	-2.3260835213111797e-7
0.03503622902902903	-1.5672688768269477e-6	0.11938712189296229	-2.28560322240525e-7
0.04204323483483483	-1.5421798024479399e-6	0.10913315159059496	-2.214533730842902e-7
0.04905024064064064	-1.4664088931585066e-6	0.10114694490243362	-1.8471896887227677e-7
0.05605724644644645	-1.4777441294188598e-6	0.09466478239097673	-1.918199337935529e-7
0.06306425225225225	-1.4678545014776817e-6	0.08921840892771939	-1.8644975497273273e-7
0.07007125805805806	-1.44994887179177e-6	0.08456889113643376	-1.779402728210732e-7
0.07707826386386386	-1.4350033085645218e-6	0.08055255053294244	-1.6790304040389657e-7
0.08408526966966967	-1.4239938791993087e-6	0.07704151618114911	-1.61460039856378e-7
0.09109227547547548	-1.4108496617158667e-6	0.07394474754970497	-1.5376962380224596e-7
0.09809928128128129	-1.3993358587185875e-6	0.07119181132578116	-1.4712339620421244e-7
0.10510628708708708	-1.387267136309971e-6	0.0687260653712418	-1.3984457047161185e-7
0.11211329289289289	-1.3762824344565197e-6	0.06650177044318027	-1.3313872624882884e-7
0.1191202986986987	-1.3651629779079165e-6	0.06448374542862086	-1.2751359300360187e-7
0.12612730450450452	-1.346106715987468e-6	0.0626424919297807	-1.1900396341800758e-7
0.1331343103103103	-1.3550677353424164e-6	0.06095659287705186	-1.2304811854179206e-7
0.1401413161161161	-1.347189559738948e-6	0.059405664132838834	-1.1938319717063945e-7
0.14714832192192193	-1.3388921244632455e-6	0.05797261501523962	-1.1503261080120883e-7
0.15415532772772772	-1.3292723014407556e-6	0.056646106108371334	-1.0984058448199519e-7
0.16116233353353354	-1.310085057987372e-6	0.0554130459451663	-1.0041268725866933e-7
0.16816933933933934	-1.3092852976535848e-6	0.054264392000963564	-1.0114438324282535e-7
0.17517634514514516	-1.2908535327368058e-6	0.05319083450600738	-9.10888183257404e-8
0.18218335095095095	-1.2915660607881963e-6	0.05218441292483925	-9.163373466697493e-8
0.18919035675675674	-1.2869353534232367e-6	0.05123800072381264	-8.98756323910679e-8
0.19619736256256257	-1.2796727100774653e-6	0.050346718246147656	-8.691176185213858e-8
0.20320436836836836	-1.2670260974493864e-6	0.04950746205579806	-8.087407793514869e-8
0.21021137417417418	-1.250364229591424e-6	0.04871377488536841	-7.361592356285592e-8
0.21721837997997998	-1.238874149389854e-6	0.04796338917899904	-6.857355909385885e-8
0.2242253857857858	-1.222096903050704e-6	0.04725190940585613	-6.198057359485318e-8
0.2312323915915916	-1.1777794324653742e-6	0.04657607395616464	-3.983309559880723e-8
0.23823939739739738	-1.1460938981901975e-6	0.04593350125117567	-2.602250800782496e-8
0.2452464032032032	-1.1140323371051832e-6	0.04532163134799751	-1.4050970499445283e-8
0.252253409009009	-1.0788210476101002e-6	0.04473831999755296	2.9066985158846713e-10
0.2592604148148148	-1.0389746254419664e-6	0.044182514016508606	1.6212149917440815e-8
0.26626742062062064	-9.929259340968693e-7	0.043651334709945096	3.482061621485368e-8
0.2732744264264264	-9.371554684448829e-7	0.04314281849469074	5.4843994601255415e-8
0.28028143223223223	-8.773914726749959e-7	0.04265465951723011	7.742726476701783e-8
0.28728843803803805	-8.020450797835154e-7	0.0421878847471259	1.0492551449883649e-7
0.2942954438438438	-7.511600188052058e-7	0.04173981278874208	1.1950241810888655e-7
0.30130244964964964	-6.65584593290557e-7	0.04130939036738884	1.48321511412921e-7
0.30830945545545546	-5.596565263096639e-7	0.040895014898234494	1.8400911192131667e-7
0.3153164612612613	-4.3738235222432606e-7	0.040496139432879684	2.255710963416233e-7
0.32232346706706705	-2.9465448872882805e-7	0.04011425101429385	2.7417568968445764e-7
0.32933047287287287	-1.2759092647873968e-7	0.039743896338396464	3.311917305634957e-7
0.3363374786786787	6.912859073822418e-8	0.03938464327331374	3.9775304365348454e-7
0.34334448448448446	2.96823904873778e-7	0.03903616987213791	4.7507158426960954e-7
0.3503514902902903	5.623299318097292e-7	0.038698137205829576	5.655095387465303e-7
0.3573584960960961	8.75126339256668e-7	0.03837019825985267	6.706365627012566e-7
0.3643655019019019	1.2377736187883614e-6	0.038052005857142246	7.928057951459029e-7
0.3713725077077077	1.6600317796095499e-6	0.03774326165693287	9.350707336586202e-7
0.3783795135135135	2.150911404639352e-6	0.037443528120155486	1.0997144507262612e-6
0.38538651931931933	2.722874178035687e-6	0.037152528695121576	1.290921973383163e-6
0.3923935251251251	3.389892825235832e-6	0.036869938529982764	1.5137966934276288e-6
0.3994005309309309	4.164421905770564e-6	0.03659544617221783	1.7714216101644535e-6
0.40640753673673674	5.068479891419532e-6	0.03632875151686891	2.0728341599955363e-6
0.41341454254254256	6.12268931859363e-6	0.03606956494139833	2.422956498370328e-6
0.42042154834834833	7.351566956221678e-6	0.03581760823816111	2.83094909194528e-6
0.42742855415415415	8.783652011348651e-6	0.03557265038185229	3.305935096637707e-6
0.43443555995995997	1.045356562039381e-5	0.035334363859033935	3.859826101378669e-6
0.4414425657657658	1.2400871160409776e-5	0.035102539832968196	4.5044091267146975e-6
0.44844957157157156	1.4673236430368722e-5	0.03487694341499507	5.256974348194002e-6
0.4554565773773774	1.7321784573552213e-5	0.03465734953952536	6.133347372878477e-6
0.4624635831831832	2.041081681039435e-5	0.03444354323653219	7.155575256575494e-6
0.46947058898898897	2.4013597110380955e-5	0.034235318430029506	8.347943217553504e-6
0.4764775947947948	2.8215735477498636e-5	0.03403250735975483	9.738065654033165e-6
0.4834846006006006	3.311890278693832e-5	0.033834861972818486	1.1359434734867052e-5
0.49049160640640643	3.883717009796044e-5	0.03364223259910866	1.3250883698492012e-5
0.4974986122122122	4.550732171683899e-5	0.03345443914137415	1.54570928533078e-5
0.504505618018018	5.329008769909794e-5	0.03327133720522439	1.8030804923216115e-5
0.5115126238238238	6.236425948510112e-5	0.03309325211087322	2.1031378247645206e-5
0.5185196296296296	7.29494698800898e-5	0.03291946582444308	2.45310608989431e-5
0.5255266354354354	8.529619908896492e-5	0.032749838810576894	2.8612871657146205e-5
0.5325336412412413	9.969628952313298e-5	0.03258425524912113	3.3372993619330347e-5
0.5395406470470471	0.0001164907089774637	0.03242259294953689	3.892398820080886e-5
0.5465476528528529	0.0001360780013686142	0.032264721962510984	4.539739234516707e-5
0.5535546586586586	0.0001589231323739286	0.0321105167137123	5.294663383459973e-5
0.5605616644644644	0.00018556933652314562	0.0319598577680903	6.175099364803155e-5
0.5675686702702702	0.0002166469953442871	0.03181264322670064	7.201846453565922e-5
0.5745756760760761	0.0002528904848377762	0.0316687795836202	8.39913618847432e-5
0.5815826818818819	0.00029515804652901757	0.031528157280424934	9.795291866993465e-5
0.5885896876876877	0.0003444579685742544	0.03139066432288252	0.00011423574427718358
0.5955966934934935	0.00040195295867066994	0.03125621934071163	0.00013322357801895358
0.6026036992992992	0.00046897470700434855	0.031124745724619894	0.000155367027409829
0.6096107051051051	0.0005471695621529152	0.030996135773098957	0.0001811848251093846
0.6166177109109109	0.0006383659603483036	0.030870302419303376	0.000211295260236216
0.6236247167167167	0.0007447147092211018	0.03074717376615654	0.0002464061680015612
0.6306317225225225	0.0008687289710502339	0.030626678606459973	0.00028734589155495047
0.6376387283283284	0.0010133437180573667	0.030508737400722706	0.0003350823383697161
0.6446457341341342	0.0011819887994847413	0.030393272502745438	0.0003907460357107935
0.6516527399399399	0.001378654229127433	0.030280209785345118	0.00045565383371742527
0.6586597457457457	0.0016079890026149157	0.030169485544097232	0.0005313376764951625
0.6656667515515515	0.0018753762890402796	0.03006104567708036	0.0006195725624198709
0.6726737573573573	0.002187123739682457	0.02995482606093013	0.0007224374620090206
0.6796807631631632	0.002550603580816188	0.029850756653460493	0.0008423625171875007
0.686687768968969	0.0029743466247007626	0.029748787667199315	0.000982169531894984
0.6936947747747748	0.003468317597634871	0.029648867406077264	0.001145118394319325
0.7007017805805806	0.004044068535129917	0.02955094489107606	0.0013350261484063861
0.7077087863863863	0.0047150670153614516	0.029454966933938415	0.0015563433312605608
0.7147157921921922	0.005497052483776445	0.029360880707488247	0.0018142374749434724
0.721722797997998	0.006408275063887569	0.02926864542581264	0.0021147096798156168
0.7287298038038038	0.0074698476625396516	0.02917822840102708	0.002464702068499051
0.7357368096096096	0.008706262508279427	0.029089587682137718	0.00287227601419733
0.7427438154154155	0.010146054846216975	0.02900269189105375	0.003346820724863512
0.7497508212212213	0.011822487507732307	0.028917507479497548	0.0038992252169024926
0.756757827027027	0.013773266551218636	0.028834077986931946	0.004541972601574472
0.7637648328328328	0.016042640336344564	0.028752323916985588	0.0052895171385520965
0.7707718386386386	0.01868178097697105	0.028672267848367076	0.006158653353817119
0.7777788444444445	0.02174948200298662	0.028593944709336072	0.007168649465453104
0.7847858502502503	0.02531294220705806	0.028517394522654546	0.008341498682701818
0.7917928560560561	0.02944936025956896	0.02844270205425348	0.009702448165230394
0.7987998618618619	0.034247300361366015	0.02836997397209033	0.011280414015407386
0.8058068676676676	0.03980774181361722	0.02829937295808589	0.013108306861800775
0.8128138734734734	0.046245276360162804	0.028231132535085964	0.015223399227030691
0.8198208792792793	0.05368865130969446	0.028165584088587377	0.017667461287215136
0.8268278850850851	0.062281970141929884	0.028103179475353728	0.020487102811743315
0.8338348908908909	0.07218695534400445	0.02804451954762725	0.023734445414886344
0.8408418966966967	0.08358265296901397	0.02799041521599901	0.027466950953138
0.8478489025025026	0.09666328340293613	0.02794194616901319	0.03174653055489659
0.8548559083083083	0.11163773589298923	0.02790055239152595	0.03663934380471031
0.8618629141141141	0.12872930158267118	0.02786810235129676	0.042215393265771624
0.8688699199199199	0.14817030093457387	0.027847040676777533	0.04854663767094294
0.8758769257257257	0.17019631366015742	0.02784051110295116	0.05570471761116431
0.8828839315315316	0.19503578984285197	0.027852536281282512	0.06375725705173174
0.8898909373373374	0.2228969689078616	0.027888193997411284	0.07276316368216357
0.8968979431431432	0.25395721678561667	0.02795380732472981	0.08276860719936245
0.9039049489489489	0.28834653919097925	0.028057147884794926	0.09380128180369464
0.9109119547547547	0.3261190014403153	0.02820757418546103	0.10586049890852176
0.9179189605605605	0.3672277127074759	0.0284161430586644	0.11890845795895434
0.9249259663663664	0.41150616413847024	0.02869561232720156	0.13286399557546147
0.9319329721721722	0.45864148734284543	0.029060187984222566	0.14759278661331623
0.938939977977978	0.5080766287895212	0.029525458415212865	0.16287545130432313
0.9459469837837838	0.5592601100172931	0.030107298954034772	0.17848922117948912
0.9529539895895895	0.6113905886954879	0.030821683081990025	0.19414403910611522
0.9599609953953954	0.6635395703065516	0.03168167114173033	0.20950217468485965
0.9669680012012012	0.7146609844124424	0.03269894732524833	0.2241954981586379
0.973975007007007	0.7631358669354503	0.03387576280198074	0.23765361317132097
0.9809820128128128	0.8084336690528927	0.035210367067191745	0.24969723748381265
0.9879890186186187	0.8497214645439972	0.03670356261459318	0.2600973367555864
0.9949960244244245	0.885838678394482	0.03833500804940742	0.2684468374192014
1.0020030302302303	0.917342854419324	0.040079657849809124	0.274876044414473
1.0090100360360361	0.9425194845138744	0.04193260478205564	0.2790026669590517
1.016017041841842	0.9619726517290642	0.04386114786824509	0.281010802457848
1.0230240476476475	0.9759549330170465	0.04583685822988103	0.28105931315727656
1.0300310534534534	0.9849859624344044	0.047837129834044194	0.2793764978471864
1.0370380592592592	0.9897245154825398	0.04984194410495422	0.276239190072732
1.044045065065065	0.9909036678760647	0.051833501924271885	0.27194966669656156
1.0510520708708708	0.9893300646496958	0.05380366093245047	0.26681863755072716
1.0580590766766766	0.98576207581031	0.055750532187216824	0.26112970379002537
1.0650660824824825	0.980903697980578	0.05767142039550135	0.2551486593693812
1.0720730882882883	0.975346705178069	0.05957485276674539	0.24907868221425
1.0790800940940941	0.9695732719591132	0.061467104123369525	0.2430856697672124
1.0860870998999	0.963972566306338	0.06335233985211035	0.23730533679856242
1.0930941057057058	0.9587826296124525	0.06524425280215906	0.23179662731132294
1.1001011115115116	0.9542035763292906	0.06714492759426942	0.22662852495044872
1.1071081173173174	0.9503498458330729	0.06906398088534528	0.22181935129922498
1.1141151231231232	0.9472878166536914	0.07100410688481339	0.21738625611548743
1.1211221289289288	0.9450452499029142	0.07297315724050654	0.21332146505053193
1.1281291347347346	0.9436373517998878	0.07496933355178376	0.20963363902065552
1.1351361405405405	0.9430446983899216	0.07700113321729485	0.20629996503515668
1.1421431463463463	0.9432594855901397	0.079067647228596	0.2033188517410554
1.149150152152152	0.9442547488006816	0.08117289872906391	0.20067645884918717
1.156157157957958	0.9459980981892353	0.08331821020926079	0.19835580237567116
1.1631641637637637	0.9484464233453842	0.08550362935833361	0.1963413328682712
1.1701711695695696	0.9515556908244908	0.08773065194392074	0.1946176569436265
1.1771781753753754	0.9552762089017671	0.0900009586919547	0.19315842022799334
1.1841851811811812	0.9595634941809109	0.09231272671929605	0.19194915368969684
1.191192186986987	0.9643563356496078	0.09467021121680105	0.1909578825172051
1.1981991927927929	0.9695767371777678	0.09706641660782844	0.19015654176903013
1.2052061985985987	0.9751707150122964	0.09950400751517142	0.18951555301682585
1.2122132044044045	0.9810783220189848	0.10197812495771133	0.1890136534183769
1.2192202102102103	0.9872468423883926	0.10448651862530497	0.1886233486066064
1.226227216016016	0.9936353877027359	0.1070283580317015	0.18832768280887924
1.2332342218218217	1.0001963453607656	0.10960120353558198	0.18810742542018694
1.2402412276276276	1.0069045012908895	0.1122048647208212	0.18794787792657186
1.2472482334334334	1.0137176988632712	0.11483434127407471	0.18783376919823896
1.2542552392392392	1.0206152232447065	0.11748851051264435	0.18775807706720685
1.261262245045045	1.0275904158799065	0.12017088356890619	0.18770946267515234
1.2682692508508508	1.0346126717362891	0.122872894071287	0.1876841758223019
1.2752762566566567	1.0416802796369131	0.12559793734007924	0.18767701697609557
1.2822832624624625	1.0487945180440672	0.12834783852818832	0.18768651880864584
1.2892902682682683	1.0559385585034124	0.1311186455737784	0.18771297465980585
1.2962972740740741	1.0631152425033874	0.13390827459209198	0.18775269887705792
1.30330427987988	1.070331833698188	0.13672221185451683	0.18780869530221736
1.3103112856856858	1.0775727440639091	0.13955446104569139	0.18788190682603081
1.3173182914914916	1.0848530360466533	0.142409827022889	0.18796998417468666
1.3243252972972972	1.0921632018368357	0.14528787030697882	0.1880754405250697
1.331332303103103	1.099503832846024	0.1481854801881859	0.18819342028122438
1.3383393089089088	1.1068819488304542	0.15110926014302772	0.1883260055862278
1.3453463147147147	1.114273952857813	0.15405065723793246	0.18847117109129677
1.3523533205205205	1.1216866126218754	0.15701377039221956	0.1886297384445247
1.3593603263263263	1.1291227140010798	0.15999806538437852	0.1887953909206134
1.3663673321321321	1.1365735024779986	0.16300439481434958	0.1889681232149193
1.373374337937938	1.1440293955603047	0.16602927616110377	0.18914702116224935
1.3803813437437438	1.1515044917679655	0.1690788928415828	0.18933120685508967
1.3873883495495496	1.1589764332429846	0.17214428626649808	0.18952218189757222
1.3943953553553554	1.1664593232480518	0.1752314389296968	0.18971311005918287
1.4014023611611612	1.1739420918112191	0.17833809279957233	0.18990595168012134
1.408409366966967	1.1814205192130933	0.18146336872492963	0.19010029368298126
1.4154163727727729	1.1889002893610403	0.184607096725509	0.19029709802313782
1.4224233785785785	1.1963849407462985	0.18777244980473087	0.19049155472978277
1.4294303843843843	1.2038666301222523	0.19095775129770368	0.19068607747353344
1.4364373901901901	1.2113388681750594	0.1941615835920725	0.19088548241556674
1.443444395995996	1.2188173330738694	0.1973828082628957	0.19107917354914555
1.4504514018018018	1.2262969604635943	0.20062596033658034	0.19127422510703013
1.4574584076076076	1.233786946725929	0.20389487791550506	0.19147071230190862
1.4644654134134134	1.241267575075383	0.20718075313741655	0.19166807486605117
1.4714724192192192	1.248748086249394	0.21048623073993186	0.19187588810791126
1.478479425025025	1.2562500956156692	0.21381334412440894	0.19207648556810347
1.4854864308308309	1.2637536683955664	0.21716377650762722	0.1922797742313591
1.4924934366366367	1.271268010419935	0.22054101298840706	0.19248573941728656
1.4995004424424425	1.278786954261395	0.22394199148109128	0.1926945616436549
1.5065074482482483	1.2863084440364811	0.22736753252631553	0.19290226532897825
1.5135144540540542	1.2938271702637698	0.23081389677693798	0.1931166673051351
1.5205214598598598	1.301365734747092	0.23428872728340455	0.1933334813572879
1.5275284656656656	1.3089075893196946	0.2377854298941512	0.19355336486313943
1.5345354714714714	1.3164616493810937	0.24130825682634288	0.19377471669782476
1.5415424772772772	1.3240300922519106	0.2448592881813141	0.1939994194442495
1.548549483083083	1.33161447641964	0.248439569722197	0.1942255958455067
1.5555564888888889	1.3392057614387252	0.25204562949749537	0.19445436233854851
1.5625634946946947	1.3468146165854424	0.2556827621501374	0.1946841532560742
1.5695705005005005	1.3544244813537314	0.2593438486303679	0.19491583316205122
1.5765775063063063	1.3620649756833159	0.2630436209936349	0.19514827349313996
1.5835845121121122	1.3697092279462326	0.2667697223277624	0.19538224576516353
1.590591517917918	1.37737863424132	0.2705326740113976	0.1956188438418573
1.5975985237237238	1.3850687879100732	0.2743269396354575	0.19585868583614333
1.6046055295295296	1.392788043200634	0.2781573969968316	0.19609738867140503
1.6116125353353354	1.4005319648255805	0.28202403840897633	0.19633669188544198
1.618619541141141	1.4083035958319663	0.28592984416454953	0.19657583527853228
1.6256265469469469	1.4161129620628237	0.2898813729350149	0.1968147773074044
1.6326335527527527	1.4239537356950003	0.293876797871135	0.19705331107450136
1.6396405585585585	1.4318254841164895	0.2979173060941395	0.1972915651548848
1.6466475643643643	1.439733543315782	0.3020069480846236	0.19752818445303838
1.6536545701701701	1.4476790323816688	0.3061475257583437	0.1977639541479309
1.660661575975976	1.4556663442025997	0.31034273534539736	0.19799921118249697
1.6676685817817818	1.4637054127219193	0.31459944840515947	0.19823206666154208
1.6746755875875876	1.4717947907096105	0.3189181641060578	0.19846469209749934
1.6816825933933934	1.479934834529691	0.3233017496048436	0.19869426806665363
1.6886895991991993	1.4881373688234132	0.32775744722188854	0.19892279091678894
1.695696605005005	1.496388931880707	0.3322803063059424	0.19914868354973553
1.702703610810811	1.5047173079419522	0.33688771487881974	0.19937225868364172
1.7097106166166167	1.5131086580823734	0.34157379810687993	0.1995939445602462
1.7167176224224223	1.5215639387904842	0.34634301152408203	0.1998120661846602
1.7237246282282281	1.5300855164652003	0.3511997499452297	0.20002670361658473
1.730731634034034	1.5386874648103166	0.3561546570378948	0.20023966839331148
1.7377386398398398	1.5473444070287956	0.36119821157554094	0.20044810400162716
1.7447456456456456	1.5560709370953898	0.36634214938790516	0.20065381526716897
1.7517526514514514	1.5648611440473372	0.37158757651004615	0.2008566298770244
1.7587596572572572	1.5736968758175869	0.3769302578979456	0.20105521931648235
1.765766663063063	1.5825690060953475	0.38236779060839154	0.2012523267743037
1.772773668868869	1.591483549795699	0.387911262692052	0.20144726475260138
1.7797806746746747	1.600416516958329	0.39355048660651654	0.20164144774146972
1.7867876804804805	1.6093505028068829	0.3992794424235746	0.20183659131932227
1.7937946862862864	1.618275895246653	0.40509961440896225	0.2020328946737101
1.8008016920920922	1.6271825206053263	0.4110094128408415	0.20223195833340518
1.807808697897898	1.6360443871055124	0.41699534905597097	0.20243586951174103
1.8148157037037036	1.6448706421679185	0.42306785854813667	0.20264645699583284
1.8218227095095094	1.6536334333192968	0.42921014307747846	0.2028651141291463
1.8288297153153152	1.6623384899860718	0.4354287414924876	0.20309163788362158
1.835836721121121	1.6709962322055625	0.4417252462365405	0.20332999741103638
1.8428437269269269	1.6795867210875315	0.448088866241852	0.203577211484738
1.8498507327327327	1.688121627959141	0.4545224604802987	0.20383292528498145
1.8568577385385385	1.6966215420618214	0.46103339892418155	0.20409978546351307
1.8638647443443443	1.7050709113928264	0.46761067113646926	0.204373248415638
1.8708717501501502	1.7134933939192727	0.4742661531326669	0.20465403195828386
1.877878755955956	1.721871417180681	0.48098302408400573	0.20493843781973248
1.8848857617617618	1.7302374473716213	0.48777989451369413	0.2052301878910026
1.8918927675675676	1.7385750416339243	0.4946441134301625	0.2055303255328094
1.8988997733733735	1.7468979753710645	0.5015842758690887	0.20583855196651327
1.9059067791791793	1.7551841430652368	0.508585741933277	0.20615053095253538
1.9129137849849849	1.763446316471469	0.5156568875695777	0.2064667924867591
1.9199207907907907	1.7716679801546662	0.5227855505343447	0.20678673563860492
1.9269277965965965	1.7798584616352797	0.5299793866692379	0.20711042294262488
1.9339348024024023	1.7880039884569692	0.5372282439666566	0.20743807145702775
1.9409418082082082	1.7961125044218305	0.5445344979122756	0.20777052322695166
1.947948814014014	1.8041906410039248	0.5519026752691374	0.20810855359532918
1.9549558198198198	1.8122219761791893	0.5593268621800375	0.2084549338100503
1.9619628256256256	1.8202437990528657	0.5668202282636393	0.20881031637801997
1.9689698314314314	1.828220408824843	0.5743666848834965	0.2091707770341027
1.9759768372372373	1.836141821860217	0.5819672943690184	0.20953681764388463
1.982983843043043	1.8440776196219382	0.589651042944543	0.20992005303844313
1.989990848848849	1.851924403126339	0.5973725548919264	0.21030123118183286
1.9969978546546547	1.859720880139617	0.6051480850619848	0.21068759273573667
2.0040048604604603	1.8674479260391468	0.6129626534371896	0.2110774081027874
2.011011866266266	1.8751626990083479	0.6208500377846072	0.21147858816471626
2.018018872072072	1.88283790550582	0.6287956129015947	0.21189206051206208
2.025025877877878	1.890475383716882	0.63680226966413	0.21231427689323348
2.0320328836836836	1.8980693784302418	0.6448659097640725	0.21274394646973616
2.0390398894894894	1.9056126559202626	0.6529762314171339	0.21317979240442228
2.0460468952952953	1.9131158831539687	0.661145169037911	0.2136204324953522
2.053053901101101	1.9205866524798938	0.6693795526654645	0.21407072696276475
2.060060906906907	1.9279898050912407	0.6776496949268902	0.2145265848689826
2.0670679127127127	1.9353552692848883	0.6859860970473922	0.21499313449114593
2.0740749185185186	1.9426730147928708	0.6943788649921213	0.21546822210212324
2.0810819243243244	1.949948947140818	0.7028265980365733	0.21595618595385296
2.08808893013013	1.9571804658459313	0.7113337058416793	0.2164531021842099
2.095095935935936	1.964359035502719	0.7198863084881248	0.21695878796517093
2.102102941741742	1.9715005808212867	0.7285044690866045	0.21747357225710157
2.1091099475475477	1.9785892854400147	0.737174144055613	0.21799637459696672
2.1161169533533535	1.9856135399084307	0.7458858247865047	0.21852702484668018
2.1231239591591593	1.9925889807118944	0.7546544277512011	0.21906693397747412
2.130130964964965	1.9995055994480553	0.7634681721074486	0.21961420046703733
2.137137970770771	2.0063741184397887	0.7723377205576588	0.2201695025544002
2.1441449765765768	2.0131822113450193	0.7812513675791434	0.22073512216387484
2.1511519823823826	2.0199480703071844	0.7902227640127768	0.2213141647560404
2.1581589881881884	2.026662103634214	0.7992509804334734	0.2219060263869126
2.165165993993994	2.0333148689174374	0.8083236160011654	0.22250912179150845
2.1721729997997996	2.039899424694968	0.8174362707515431	0.22312216853632616
2.1791800056056054	2.046434209212189	0.8266063290941377	0.2237470173086271
2.1861870114114113	2.052894807517475	0.8358121388161815	0.22438058453028115
2.193194017217217	2.0592928182846517	0.8450618155909297	0.22502398080603087
2.200201023023023	2.065640173004067	0.8543692941008877	0.22567856159940608
2.2072080288288287	2.0719191947926885	0.8637101489765128	0.2263432220360126
2.2142150346346345	2.078139099582026	0.8730992261544347	0.22701800542660772
2.2212220404404404	2.0842977476653286	0.8825359262163471	0.22770604467199856
2.228229046246246	2.0903932164086765	0.8920120249765509	0.22840794820522875
2.235236052052052	2.096428590603235	0.9015386667498264	0.22912220500605718
2.242243057857858	2.102398062217373	0.9111047075882793	0.2298477836141225
2.2492500636636636	2.1083008794572704	0.9207096745742371	0.23058340148152234
2.2562570694694695	2.1141362431374873	0.9303554450219321	0.2313330824916218
2.2632640752752753	2.119894554505519	0.9400293872561559	0.23209419461049563
2.270271081081081	2.125585152717216	0.9497518867124825	0.2328688855238646
2.277278086886887	2.1312053383365517	0.9595103691213015	0.23365572480330626
2.2842850926926928	2.136746181582103	0.9692982122575345	0.23445181527229642
2.2912920984984986	2.1422161352670206	0.979123630496109	0.23526041118474544
2.2982991043043044	2.1476075715585954	0.988972394430126	0.23608169142253196
2.30530611011011	2.1529261297625446	0.9988570098559575	0.23691557990527579
2.312313115915916	2.1581776419835874	1.0087845940683793	0.23776337501602365
2.319320121721722	2.1633557951820364	1.0187438383678695	0.23862422861189006
2.3263271275275277	2.1684596357936403	1.0287352182131704	0.23949789907613872
2.3333341333333335	2.1734854917333792	1.038756265588601	0.24038402385233762
2.3403411391391393	2.1784281142318918	1.048798846244351	0.241282641310614
2.347348144944945	2.183296395170767	1.0588717282169706	0.24219564588987036
2.354355150750751	2.188098852374742	1.0689889125788892	0.24312249449396045
2.3613621565565563	2.192816157047606	1.079118710248882	0.24406075909028474
2.368369162362362	2.1974622560841808	1.089280625338315	0.24501430394417795
2.375376168168168	2.2020215032505357	1.0994618310420474	0.2459784565839545
2.382383173973974	2.2065042501410694	1.1096747391156736	0.24695887114562515
2.3893901797797796	2.210903056074006	1.1199111043206504	0.24795425901316712
2.3963971855855855	2.215212996230824	1.13016019713601	0.24896267600129868
2.4034041913913913	2.2194420759398175	1.1404314608575634	0.249984235845055
2.410411197197197	2.223603935948142	1.1507376566166025	0.25102289911497877
2.417418203003003	2.2276721016440932	1.1610511448471188	0.25207269272669036
2.4244252088088087	2.2316615051741664	1.1713978026931697	0.2531375468709966
2.4314322146146146	2.235573558106857	1.1817607282280567	0.25421791835974955
2.4384392204204204	2.239384101167481	1.1921193100509195	0.25530853263161424
2.445446226226226	2.2431171835645123	1.2025115712252172	0.2564160021908803
2.452453232032032	2.246765574008186	1.2129196401149496	0.257537542768502
2.459460237837838	2.2503468527899795	1.2233517793279594	0.25867667227178376
2.4664672436436437	2.2538256928139155	1.233780477857632	0.2598245217157613
2.4734742494494495	2.2572256955096637	1.2442393790357449	0.2609891359733652
2.4804812552552553	2.260531842808856	1.2546912177746712	0.2621654800965268
2.487488261061061	2.26375141691515	1.2651543668744987	0.26335619154277684
2.494495266866867	2.2668892698421845	1.275644598534021	0.26456236750546414
2.5015022726726728	2.269934899673878	1.28613285899943	0.2657787923340531
2.5085092784784786	2.2728994048904476	1.2966243769600638	0.2670106041456368
2.5155162842842844	2.2757784978572477	1.3071359020136066	0.2682588007057731
2.5225232900900902	2.278569422980407	1.317655626719029	0.2695219027863439
2.529530295895896	2.2812726251670736	1.3281793569450442	0.2707994835063613
2.536537301701702	2.283885861014449	1.3387051798313645	0.27208982288376815
2.5435443075075077	2.286411551756667	1.3492393737484447	0.2733956744824222
2.5505513133133135	2.288844579378047	1.359767006323845	0.2747155884342304
2.557558319119119	2.291191181132497	1.3703022872617248	0.27605042211385683
2.5645653249249247	2.293454547825934	1.3808471255361645	0.2773997368649687
2.5715723307307305	2.295626910146874	1.3913814072258284	0.27876023163785574
2.5785793365365364	2.2977103715771867	1.4019256454746856	0.28013555121511224
2.585586342342342	2.299694297098603	1.4124575713388863	0.2815222037598097
2.592593348148148	2.3015846943852876	1.4229812658198266	0.28292188735590257
2.599600353953954	2.3033783306536777	1.4335043007291295	0.2843345027128469
2.6066073597597597	2.3050790330330284	1.4440219585194007	0.28575918555407437
2.6136143655655655	2.3066863559947555	1.4545201621157078	0.28719403361353324
2.6206213713713713	2.3082024800299994	1.4650251108270198	0.28864349106305126
2.627628377177177	2.309620521816449	1.4755177112367341	0.2901040734568286
2.634635382982983	2.310936450638602	1.4859938352501074	0.29157484782604814
2.6416423887887888	2.312145824175338	1.4964408304870358	0.2930534963033416
2.6486493945945946	2.3132513070091747	1.506874315011903	0.2945420126339249
2.6556564004004004	2.314247343815557	1.517285144181482	0.29603878178372545
2.6626634062062062	2.315137372789285	1.5276678245453432	0.2975425881931811
2.669670412012012	2.315911994328182	1.5380269913641766	0.2990518917892366
2.676677417817818	2.31656756782753	1.5483400691521254	0.3005616326522553
2.6836844236236237	2.3171011533385077	1.5586222966541088	0.3020717158606206
2.6906914294294295	2.3174999923298856	1.5688493502565348	0.30357668756827916
2.6976984352352353	2.3177575256309666	1.5790155304837392	0.3050731964633833
2.704705441041041	2.317868638150542	1.5891301012252392	0.3065595378983506
2.711712446846847	2.3178272316346504	1.599158949462428	0.3080263113986015
2.718719452652653	2.3176201180729876	1.6091083724052158	0.30947061992183184
2.7257264584584586	2.3172303741264786	1.6189718576207	0.3108869454544007
2.7327334642642644	2.3166380869322643	1.628700474572239	0.31226265761202887
2.7397404700700703	2.31582386247712	1.6383106788340218	0.3135943245758786
2.746747475875876	2.314766395869033	1.6477521662315915	0.3148652035600076
2.7537544816816815	2.3134499501022354	1.6570193071748025	0.3160655037487728
2.7607614874874873	2.3118402112669183	1.6660974707497949	0.317182280114778
2.767768493293293	2.309904292214145	1.6749237183476076	0.31819459723668175
2.774775499099099	2.3076026621566963	1.6834732750844341	0.3190859466757005
2.7817825049049048	2.304885015830145	1.6916962492380878	0.3198311696029082
2.7887895107107106	2.3017057963980307	1.6995456965017155	0.32040493179416113
2.7957965165165164	2.2980108968711765	1.706973012090477	0.3207784709091859
2.802803522322322	2.2937302366342833	1.7139057470684673	0.3209163885519198
2.809810528128128	2.2887979543376074	1.7202706002156507	0.3207811862274972
2.816817533933934	2.283121133988498	1.7259829059123788	0.32032859944806763
2.8238245397397397	2.2766013966384278	1.730951778283478	0.319508860146422
2.8308315455455455	2.269159230807055	1.7350613444812752	0.3182713258036379
2.8378385513513513	2.2606598424928084	1.7381989422534674	0.3165518901406694
2.844845557157157	2.2509869858702296	1.7402386172476518	0.31428710665731213
2.851852562962963	2.24003039568183	1.741040612021204	0.3114117223964985
2.858859568768769	2.2276144302284853	1.7404526154929412	0.30784192967417595
2.8658665745745746	2.2136101316684527	1.7383173019546896	0.3035033338157268
2.8728735803803804	2.1978760976880864	1.7344743766617114	0.2983168323612538
2.8798805861861863	2.1802959576975933	1.7287672882640055	0.29221295884709203
2.886887591991992	2.1606937278948544	1.7210337892749443	0.2851035356435628
2.893894597797798	2.138998859828712	1.7111464112121444	0.2769390318048709
2.9009016036036037	2.115157542910115	1.6990180362778595	0.26768205000894113
2.9079086094094095	2.0891438100820645	1.6845851168824137	0.25731253259259274
2.9149156152152154	2.061006990650128	1.667851616636186	0.24584709815886052
2.921922621021021	2.0308588433635855	1.648884880468175	0.23333708767846145
2.928929626826827	1.9990007688851719	1.6279176023982176	0.2199231577687677
2.935936632632633	1.9656799611158535	1.605175512029201	0.20573315785058272
2.9429436384384386	1.9314106107447244	1.5811065512067037	0.19102356083715322
2.949950644244244	1.8968169509479873	1.556275979641578	0.17611162544959358
2.95695765005005	1.862443427277702	1.5312237518481335	0.16129289156803633
2.9639646558558557	1.829217026179896	1.5068131005360494	0.1470334413998228
2.9709716616616615	1.7978239879033662	1.483743237998852	0.13370534424973712
2.9779786674674673	1.7691509068969347	1.4628737731328143	0.12176592798431646
2.984985673273273	1.743864746882727	1.4449003517595185	0.11157553394423665
2.991992679079079	1.7226280167732713	1.4304922202089947	0.10347978182488025
2.9989996848848848	1.7058361723357982	1.4200847738840638	0.09769692732625583
3.0060066906906906	1.6937058154196298	1.4139222053830356	0.09435108433109449
3.0130136964964964	1.686271376691109	1.4120918973985555	0.09345520754150616
3.0200207023023022	1.6832855466922587	1.4143861991172682	0.0948902602591329
3.027027708108108	1.6843246306318096	1.4204137201122977	0.0984338243161123
3.034034713913914	1.6888171576490927	1.4296460702838383	0.10379239361615374
3.0410417197197197	1.696086777366471	1.4414316371632097	0.11060641011773045
3.0480487255255255	1.7054242890680047	1.4550879821037555	0.11850356445010486
3.0550557313313313	1.7161435750314291	1.4699551193736204	0.127125496467366
3.062062737137137	1.7275537588019196	1.4853429254178891	0.13609587398800965
3.069069742942943	1.739124700169795	1.5007494601213711	0.14514766031129092
3.076076748748749	1.750347496012201	1.5156681592407655	0.15400456382479338
3.0830837545545546	1.7608749252656337	1.529760542452671	0.16248740021298125
3.0900907603603605	1.7704750657305102	1.5428090880534644	0.17048407883570632
3.0970977661661663	1.7789689050224313	1.554634425818674	0.17789764252884352
3.104104771971972	1.7862747457183281	1.5651612997394952	0.18469023492325298
3.111111777777778	1.7923972160827035	1.574405399297038	0.1908721500121884
3.1181187835835837	1.7973552621009712	1.5823865064130396	0.1964535124032274
3.1251257893893896	1.8012239944028052	1.5891875276873644	0.20148094683795909
3.1321327951951954	1.8040848451957368	1.5948912884998738	0.20599641717514794
3.139139801001001	1.8060390318997035	1.599606953412231	0.21005800907952843
3.146146806806807	1.807189752708831	1.6034380309539427	0.21371582375475984
3.1531538126126124	1.8076403139323902	1.6064962877181346	0.21702779284871823
3.1601608184184182	1.8074881994610454	1.6088777553013083	0.22003741119846415
3.167167824224224	1.8068174524999259	1.6106746941455914	0.22279308820846008
3.17417483003003	1.8057086936239903	1.6119694202374555	0.22533251144617186
3.1811818358358357	1.8042309623276604	1.612835092397902	0.2276917073430868
3.1881888416416415	1.8024583833923675	1.6133464528940542	0.22990435464179837
3.1951958474474473	1.8004557835994088	1.6135745548002978	0.23200629334455028
3.202202853253253	1.7982745806714464	1.6135736402149	0.23402257149809888
3.209209859059059	1.7959608108163674	1.613388392766785	0.23597028610604484
3.216216864864865	1.7935491369840346	1.6130601774487052	0.2378729127753692
3.2232238706706706	1.7910737488073543	1.612627055545316	0.23974947602295718
3.2302308764764764	1.7885688649416072	1.6121208419070334	0.2416096822771592
3.2372378822822823	1.7860533384878101	1.6115665002566997	0.24346837004122326
3.244244888088088	1.7835428650170713	1.6109813363080623	0.24533270369725302
3.251251893893894	1.7810507592617353	1.610380287810153	0.24720840858428766
3.2582588996996997	1.7785893640361388	1.6097768116613773	0.24910010315539158
3.2652659055055056	1.7761775187352418	1.6091902143773318	0.25101184840437935
3.2722729113113114	1.7738129561935263	1.6086248207043623	0.2529519295064252
3.279279917117117	1.771505034391236	1.6080890290176453	0.25491992167767613
3.286286922922923	1.769254852165418	1.6075851364829625	0.2569164733361695
3.293293928728729	1.76706881294051	1.6071208864647442	0.2589425429622726
3.3003009345345347	1.7649465229177732	1.6066980430898703	0.2609997332035407
3.3073079403403405	1.7628904474957314	1.6063193061022671	0.2630863991457965
3.3143149461461463	1.7608939372469923	1.6059796981935586	0.2652009402116797
3.321321951951952	1.7589519239342712	1.6056773272670672	0.2673439130364947
3.328328957757758	1.757065734809039	1.6054103512485731	0.2695083286709097
3.3353359635635638	1.7552320095885439	1.6051795157488014	0.2716970748855336
3.3423429693693696	1.7534495039254476	1.6049829906240665	0.2739039100432479
3.349349975175175	1.7517063715996175	1.60481043298132	0.27612536433640167
3.356356980980981	1.7499995252420397	1.6046602204701494	0.27835863516818954
3.3633639867867866	1.748327963966063	1.6045319553898942	0.2806021600122138
3.3703709925925924	1.746688591951903	1.6044232177874393	0.2828532786288941
3.3773779983983983	1.7450734288959373	1.604325483329512	0.28510638071946237
3.384385004204204	1.7434718157692226	1.6042282561198398	0.2873544749037599
3.39139201001001	1.7418867627770525	1.6041378674406732	0.28960174525525095
3.3983990158158157	1.7403007159233532	1.6040365879004286	0.2918392887516518
3.4054060216216215	1.738723453920094	1.603933312283808	0.294065179978869
3.4124130274274274	1.737139943232598	1.6038135178649806	0.29627314134180627
3.419420033233233	1.7355433062484822	1.6036718916377906	0.2984616668490487
3.426427039039039	1.7339313309373494	1.6035074576072528	0.3006270245250313
3.433434044844845	1.732303174328236	1.6033165889725343	0.30276332323828614
3.4404410506506506	1.7306461604409078	1.6030900169414326	0.3048714787285275
3.4474480564564565	1.7289582410946038	1.602823690533336	0.30694499688163895
3.4544550622622623	1.7272394861587506	1.6025169718241898	0.3089807355435194
3.461462068068068	1.7254810376355727	1.60216196585719	0.31097575609103867
3.468469073873874	1.7236721350992361	1.601750055215711	0.31292751906258026
3.4754760796796798	1.721820862185176	1.6012872134949443	0.3148354355418211
3.4824830854854856	1.7199238615044612	1.60077040813578	0.31669796003396905
3.4894900912912914	1.7179782127173848	1.600197194204721	0.31851404563245794
3.496497097097097	1.7159811738729798	1.5995639113946523	0.32028121650457386
3.503504102902903	1.713929536624989	1.5988657436837563	0.3220016961742853
3.510511108708709	1.7118295836958457	1.5981089088848275	0.3236676610864047
3.5175181145145147	1.7096741262624655	1.5972883020226625	0.3252860378423055
3.5245251203203205	1.7074626394944479	1.5964036409239357	0.3268569603642849
3.5315321261261263	1.7052013512130924	1.5954587805621017	0.3283803788027741
3.538539131931932	1.7028885017034305	1.59445052665297	0.32985403785996514
3.5455461377377375	1.7005255751163548	1.5933827886152674	0.33128447806248285
3.5525531435435433	1.69811116202542	1.5922534394965273	0.3326711856455336
3.559560149349349	1.6956506357823755	1.5910650761863583	0.3340121463323139
3.566567155155155	1.6931405622591944	1.589816248490215	0.33531223961926493
3.573574160960961	1.6905854852452125	1.5885091160834353	0.3365707811192749
3.5805811667667666	1.6879862121722868	1.5871464544927132	0.33779315990492625
3.5875881725725725	1.685345726882545	1.5857298383566143	0.33897949752862755
3.5945951783783783	1.6826657611961786	1.584259944224351	0.3401309597467765
3.601602184184184	1.6799467730494404	1.582738389366283	0.34125056009859894
3.60860918998999	1.6771888105520627	1.5811659503175872	0.3423408024332871
3.6156161957957957	1.6744004370732974	1.5795479718369543	0.3434004256085864
3.6226232016016016	1.671569721204829	1.5778755405449425	0.3444317292325138
3.6296302074074074	1.6687051947489686	1.5761553614113932	0.3454353718571958
3.636637213213213	1.665797350504537	1.5743808450258945	0.34641437327201363
3.643644219019019	1.6628531668932747	1.572555400887726	0.3473652879015731
3.650651224824825	1.659869565799892	1.5706765218899899	0.3482883710950689
3.6576582306306307	1.6568388228489654	1.5687387054185196	0.3491855043062861
3.6646652364364365	1.6537623259754055	1.5667426163906044	0.3500542568328764
3.6716722422422423	1.6506338673984207	1.5646830033744132	0.3508941440306349
3.678679248048048	1.6474561867440063	1.5625615473837342	0.351703702473961
3.685686253853854	1.6442181454221358	1.560368569074224	0.35248109146825224
3.6926932596596598	1.6409142593268058	1.5580984687650754	0.3532236456034109
3.6997002654654656	1.6375370695677207	1.555743428601906	0.3539271016942781
3.7067072712712714	1.634078149189308	1.553295727396149	0.35458768602174473
3.7137142770770772	1.6305287086733853	1.5507468297350937	0.3552007585036622
3.720721282882883	1.6268757700357357	1.5480854087475926	0.35576241322650837
3.727728288688689	1.6231160812853136	1.5453061832363557	0.3562649260360878
3.7347352944944947	1.619225009880731	1.5423860440958852	0.3567002015121079
3.7417423003003	1.615196438449971	1.5393168004878441	0.35705872316631393
3.748749306106106	1.6109969408598255	1.536068352294283	0.35733142528016365
3.7557563119119117	1.6066161273951272	1.532626997645302	0.3575049314742697
3.7627633177177175	1.6020245039123513	1.5289639324082402	0.3575663119965288
3.7697703235235234	1.5971970227285393	1.5250538282366828	0.35750098598445246
3.776777329329329	1.5920983876114092	1.5208597982903733	0.35728884945644
3.783784335135135	1.5866906491787385	1.5163430837200127	0.35690805135168135
3.790791340940941	1.5809298582089473	1.5114590299366477	0.35633447588111816
3.7977983467467467	1.574759078925206	1.506149022703612	0.35553891016961436
3.8048053525525525	1.568126634292194	1.500359067540248	0.3544897297111646
3.8118123583583583	1.5609725101037408	1.4940275038602893	0.35315268475913325
3.818819364164164	1.5532061615795465	1.487061329208534	0.3514826837978391
3.82582636996997	1.544768983421191	1.479398111325162	0.3494401150982355
3.8328333757757758	1.5355613512473805	1.4709343311292111	0.34697252969522796
3.8398403815815816	1.525475560781114	1.4615603363391492	0.34402212626551204
3.8468473873873874	1.5144061464436211	1.4511649181072819	0.3405294238256651
3.8538543931931932	1.5022514132627396	1.439642397444593	0.33643545126034924
3.860861398998999	1.4888766463009384	1.4268527805858293	0.3316682901018483
3.867868404804805	1.4741695114855546	1.4126770138389488	0.3261638156025158
3.8748754106106107	1.457997580405448	1.3969791917404497	0.3198504201692348
3.8818824164164165	1.4402515815448098	1.3796431997309244	0.3126664052054869
3.8888894222222223	1.4208034903795244	1.3605343993080123	0.304543675482914
3.895896428028028	1.3996577188286148	1.339651921640243	0.29547250861027424
3.902903433833834	1.3766975763119478	1.3168740732530284	0.2853971970203329
3.90991043963964	1.3519712169283762	1.2922441262865618	0.27433839326924886
3.9169174454454456	1.3256149353825633	1.265894816934302	0.2623640379316797
3.9239244512512514	1.297695590128432	1.2378905139361174	0.24951746655642293
3.9309314570570573	1.2685934202217417	1.2086097120601385	0.23599304589473
3.9379384628628626	1.2385467795139216	1.1782872094350503	0.22192897646383086
3.9449454686686685	1.2081871529957746	1.147557633453176	0.20765408413339886
3.9519524744744743	1.1780572754610512	1.116960514191456	0.19346489958259333
3.95895948028028	1.1488466504535955	1.0871815245898688	0.17973219496812914
3.965966486086086	1.1213145928563168	1.0589736348099916	0.16686438471226842
3.9729734918918918	1.0962198664049216	1.0330842832561582	0.15527144828784328
3.9799804976976976	1.074404075614358	1.0103415576918948	0.14539956630996984
3.9869875035035034	1.0565008105878588	0.9913565975319039	0.13759103676850865
3.993994509309309	1.0430542486324668	0.976647380716471	0.13213725662254022
4.0010015151151155	1.0344024087472585	0.9665188820575221	0.12922179633462483
4.008008520920921	1.0307248852283915	0.9611181613901458	0.12893478964268015
4.015015526726727	1.031919443377885	0.9603147080846858	0.1312187116576583
4.0220225325325325	1.0376863678230117	0.9637764939334177	0.135922541718558
4.029029538338339	1.0475115216487205	0.9709687396827207	0.1427652618986169
4.036036544144144	1.0607527140086694	0.9812334247972743	0.15140727399110374
4.0430435499499495	1.0766752891936398	0.9938349842978298	0.16146373962634092
4.050050555755756	1.0945431554499327	1.0080466383498643	0.17253608025827402
4.057057561561561	1.1136489602336892	1.0231728635645352	0.18426184996152956
4.064064567367367	1.1333246396768575	1.0385707483116224	0.19629166774374637
4.071071573173173	1.152963661911101	1.0536732673751603	0.2083055275821765
4.078078578978979	1.1720954604251552	1.0680432721644881	0.22006224366224938
4.0850855847847845	1.1903342957625167	1.0813354841354557	0.2313623098598035
4.092092590590591	1.2074359617091315	1.0933360131735652	0.24208279166978608
4.099099596396396	1.223163884487574	1.1038597510649477	0.2520994482694686
4.106106602202202	1.2374433800678106	1.1128579344059284	0.26137713831679676
4.113113608008008	1.250237207088439	1.120319339782346	0.26990091313812403
4.120120613813814	1.261522250973407	1.126260142068176	0.2776564331765251
4.127127619619619	1.2713643917984234	1.1307620616782952	0.28468351597546704
4.134134625425426	1.2798402536068292	1.133916961103572	0.2910259866663544
4.141141631231231	1.287023559660556	1.1358237278724774	0.29671804314270406
4.148148637037037	1.2930186290213272	1.1365930953883236	0.30181676213005426
4.155155642842843	1.2979264419937744	1.1363367904588215	0.3063745655131815
4.162162648648649	1.301842205261382	1.135156480350602	0.310441399237365
4.169169654454454	1.3048623500606493	1.1331522864107386	0.3140673200570412
4.176176660260261	1.307065588614341	1.1304170096297952	0.31728977761952903
4.183183666066066	1.3085377146358645	1.1270360878265309	0.32015489367084404
4.190190671871872	1.309358842780406	1.1230843180373122	0.32270498306144996
4.197197677677678	1.3095935163336079	1.1186338029218894	0.3249704635574486
4.204204683483484	1.309307747305909	1.1137541973194653	0.3269819833694382
4.211211689289289	1.308551142926243	1.1084862037915655	0.3287699283993102
4.2182186950950955	1.307372739347828	1.1028897996022964	0.3303546206072404
4.225225700900901	1.305814986601434	1.097004182807852	0.33175983071893683
4.232232706706707	1.3039195619018893	1.090870885021808	0.33300544631215706
4.2392397125125125	1.3017151115186956	1.0845182778194857	0.3341080927575969
4.246246718318318	1.299230830044601	1.0779714810819685	0.33508375002811186
4.253253724124124	1.2964874146289973	1.0712627868631157	0.33593996547386973
4.2602607299299295	1.2935359649113753	1.0644291840506384	0.3367015824963037
4.267267735735736	1.2903783676360159	1.0574767368111337	0.3373733737452015
4.274274741541541	1.2870431557347455	1.0504353819752648	0.3379673306465453
4.2812817473473475	1.2835357558649865	1.0433112514971077	0.3384904685866788
4.288288753153153	1.2798817415153525	1.0361247230476514	0.33895506013748794
4.295295758958959	1.2760981859396046	1.0288940674758278	0.3393694992245224
4.3023027647647645	1.272199836529545	1.021632849914298	0.33974216036172356
4.309309770570571	1.268204797540733	1.0143628458547673	0.3400802080512359
4.316316776376376	1.2641164968371519	1.0070751413227588	0.3403937817036974
4.323323782182182	1.2599624399126346	0.9998036448156401	0.3406917768234994
4.330330787987988	1.2557614253238982	0.9925609295871098	0.3409856161955214
4.337337793793794	1.2515201394863051	0.9853470135937253	0.3412831958396761
4.344344799599599	1.247262285855234	0.9781892235419046	0.3415928682773023
4.351351805405406	1.2430055712559174	0.9710924774956996	0.34192764206561854
4.358358811211211	1.2387442534530761	0.9640565449322163	0.34228856427051463
4.365365817017017	1.2345041664708423	0.957094884097201	0.34268985796283463
4.372372822822823	1.2303074450417038	0.9502335741951233	0.343135802830343
4.379379828628629	1.2261559452447341	0.9434624121915416	0.34363688943601395
4.386386834434434	1.2220574474492385	0.9367895828222753	0.344195038999432
4.393393840240241	1.2180035578232322	0.9302089741872697	0.34480667680980365
4.400400846046046	1.2140442159667297	0.923750515435465	0.34549043448197125
4.407407851851852	1.210142500895895	0.917391847728233	0.3462310537427797
4.414414857657658	1.2063013134750666	0.9111253852306054	0.34703596320489677
4.421421863463464	1.2025365944093824	0.9049911974027269	0.3479040924093111
4.428428869269269	1.1988256936796744	0.8989576254694065	0.3488316697859255
4.435435875075075	1.1951584994409634	0.8930032931937801	0.34981929572597237
4.442442880880881	1.1915674874537734	0.8871592980442231	0.350870939691321
4.449449886686686	1.1880098614525834	0.8813921961346476	0.3519722670923862
4.4564568924924925	1.1844981419283154	0.8757049516007152	0.35312837669536173
4.463463898298298	1.181049118830776	0.8701108894202088	0.3543431590669962
4.470470904104104	1.1776612416763002	0.8646085334365728	0.355619853652262
4.47747790990991	1.1743498050221355	0.8592065823779633	0.35696272038088617
4.484484915715716	1.171106948635963	0.8538931698505606	0.3583703173257034
4.491491921521521	1.167942142130987	0.8486746875854208	0.35985216644274476
4.4984989273273275	1.1648436380759086	0.8435672228995181	0.36139165468435924
4.505505933133133	1.1618728622128716	0.8385393584634808	0.3630322813621574
4.512512938938939	1.1589646714705406	0.833611346548417	0.364722683744331
4.5195199447447445	1.1561332390265209	0.8287737615234615	0.36647946037851753
4.526526950550551	1.153360195361263	0.8240069736878912	0.3682997895477525
4.533533956356356	1.1506874540491963	0.8193441732597501	0.37018841670227526
4.540540962162162	1.148084061339027	0.8147541053808113	0.37213910988382776
4.547547967967968	1.1455507784428753	0.8102414443370515	0.37414242728943076
4.554554973773774	1.1430733000141096	0.8057919007493396	0.3761933904921604
4.561561979579579	1.1406417656437573	0.8013946565581533	0.3782870236757111
4.568568985385386	1.138250415587417	0.7970515969474918	0.3804087165538703
4.575575991191191	1.135889898256959	0.792747207209886	0.38256151530921223
4.582582996996997	1.1335581014242566	0.7884843856766713	0.38473464538205443
4.589590002802803	1.1312455992839747	0.7842513217839528	0.3869261366503087
4.596597008608609	1.128942950671473	0.7800465149138365	0.3891203942187778
4.603604014414414	1.1266357913209661	0.775848936835947	0.39132074869634803
4.610611020220221	1.1243263190762312	0.7716709610838538	0.3935120643250575
4.617618026026026	1.1219965818789275	0.7674927683051084	0.39569142213629366
4.624625031831832	1.1196434808498803	0.7633142823863521	0.3978505401489356
4.631632037637638	1.1172531714921177	0.7591241240136577	0.39998326360413156
4.638639043443443	1.1148159097217238	0.7549195059766837	0.4020757483173605
4.645646049249249	1.1123255005075694	0.7506900700654271	0.40412953115808237
4.652653055055055	1.1097773614297137	0.7464409371602175	0.40612885373659435
4.659660060860861	1.1071613382823269	0.7421582297250207	0.4080753836970812
4.666667066666666	1.1044733219399796	0.737842777823194	0.40995933132801204
4.673674072472473	1.1017131887577298	0.733493813295769	0.41177907297169525
4.680681078278278	1.0988738622775889	0.72910524766973	0.413531411571107
4.687688084084084	1.0959602887126463	0.7246814719034984	0.4152147439409959
4.69469508988989	1.0929712647225003	0.7202216139542079	0.4168269255518901
4.701702095695696	1.089904079758016	0.715723176447416	0.4183673264916846
4.708709101501501	1.0867602814697863	0.7111865547793056	0.4198362524815477
4.7157161073073075	1.0835480768725028	0.7066173638915776	0.4212370292223486
4.722723113113113	1.080269522001765	0.7020189112811561	0.4225701412882521
4.729730118918919	1.0769236924164913	0.6973910385963568	0.42383588972533076
4.7367371247247245	1.073512063864745	0.6927367043047232	0.42503330558751923
4.743744130530531	1.0700413432636953	0.6880641393249488	0.42616354086937125
4.750751136336336	1.06649867695532	0.6833594757182343	0.42722764144862063
4.757758142142142	1.0629021913813173	0.6786398041380778	0.42822985125377544
4.764765147947948	1.0592375896521788	0.6738946857787149	0.42916516363757684
4.771772153753754	1.0554972634121635	0.6691214661195983	0.43002742999299115
4.7787791595595595	1.0516793737425703	0.6643217629775188	0.43081377781238855
4.785786165365366	1.0477870301610344	0.659497366506495	0.43152556106254675
4.792793171171171	1.0438112763802885	0.6546467972458125	0.4321554070156342
4.799800176976977	1.0397415154618368	0.6497609085019372	0.4327012476355192
4.806807182782783	1.0355727315259302	0.6448380274937886	0.43315932596965995
4.813814188588589	1.031319950890405	0.6398914121164563	0.4335328470286736
4.820821194394394	1.0269763536918954	0.6349128104082555	0.4338233318542206
4.8278282002002	1.022536751971314	0.6299034685276518	0.4340243564109079
4.834835206006006	1.0180055507271586	0.6248670875579054	0.4341367299020795
4.841842211811811	1.013374237004607	0.6197951570785886	0.43415900008865277
4.848849217617618	1.0086436957029545	0.6146925136463487	0.43408864705948635
4.855856223423423	1.0038110651364718	0.6095569439812067	0.43392506626626953
4.862863229229229	0.9988867506052267	0.6043940367654118	0.43367218257652923
4.869870235035035	0.9938668880955897	0.5992026062725849	0.4333273993490306
4.876877240840841	0.9887369759431678	0.5939710281632925	0.4328863274742279
4.883884246646646	0.9835249479884703	0.588725072567406	0.43235356567247807
4.890891252452453	0.9781951649836487	0.5834347418695702	0.43172114356544716
4.897898258258258	0.97277403003599	0.5781250169499245	0.43099323048453214
4.904905264064064	0.967244895059332	0.5727816493051451	0.43016672501622005
4.91191226986987	0.9616065787388605	0.5674036741561935	0.42924187170355643
4.918919275675676	0.95586814569659	0.5619989983458815	0.4282214776282555
4.925926281481481	0.9500304239607612	0.5565707433201281	0.427104960393672
4.9329332872872875	0.9440775929063807	0.5511055766955171	0.42588775874076984
4.939940293093093	0.9380323776334941	0.5456234158078508	0.42457595473471343
4.946947298898899	0.9318818020626414	0.5401147250705128	0.42316671709447934
4.9539543047047045	0.9256225622400793	0.5345754036991397	0.42166122434520426
4.960961310510511	0.9192747467644595	0.5290222581440431	0.4200644132744396
4.967968316316316	0.9128209828490054	0.5234448354383919	0.4183695623070959
4.9749753221221225	0.9062579661360216	0.5178404492316191	0.4165757597703112
4.981982327927928	0.8995906109087577	0.5122151218985912	0.4146845946052328
4.988989333733734	0.8928133552773694	0.5065629996348635	0.41269518492158386
4.9959963395395395	0.8859420360947107	0.5008990612509152	0.4106121537125587
5.003003345345346	0.878945973791761	0.4952021955472383	0.40842635703121993
5.010010351151151	0.8718661591756792	0.4894980598633507	0.40615360557883784
5.017017356956957	0.8646743940070138	0.48377240286102197	0.4037830186241841
5.024024362762763	0.8573789256323494	0.4780317012687318	0.40131718900430713
5.031031368568568	0.849967303140534	0.47226633959013553	0.39875243373274183
5.038038374374374	0.8424489653449944	0.4664880822432951	0.3960921898217412
5.04504538018018	0.8348244303527341	0.4606946037853644	0.39333969313689743
5.052052385985986	0.8271129286531738	0.4548981169048299	0.3905034621360663
5.059059391791791	0.8192857461393777	0.44908171702769745	0.38757183703213033
5.066066397597598	0.8113585935431774	0.4432583566263961	0.3845501603687011
5.073073403403403	0.8033191227060036	0.4374192503348295	0.3814348339880875
5.080080409209209	0.7951882072897523	0.43157861749124726	0.3782351749243369
5.087087415015015	0.7869513180697811	0.4257280464227864	0.3749464680376544
5.094094420820821	0.7786136176931172	0.41987430205092496	0.3715725282305975
5.101101426626626	0.7701671577032034	0.4140109431761147	0.3681115016442734
5.108108432432433	0.7616258062779208	0.40814734508778644	0.36456989692847197
5.115115438238238	0.7529978290254493	0.4022891003530534	0.36095193186036895
5.122122444044044	0.7442663163376382	0.39642593684408006	0.35725114701544425
5.12912944984985	0.7354512342113974	0.390571026303094	0.35347790225789605
5.136136455655656	0.7265367630751572	0.3847142552383782	0.3496271801396927
5.143143461461461	0.7175250744029347	0.3788618162833873	0.3457007624775804
5.1501504672672676	0.708416827884038	0.3730144511378831	0.3416997141569254
5.157157473073073	0.699212395423317	0.3671752103203845	0.33762427483877533
5.164164478878879	0.6898990964686459	0.3613360386468005	0.3334695658698645
5.171171484684685	0.6805025413850613	0.35551053682370976	0.32924900189388034
5.178178490490491	0.6710314683475435	0.3497031600743098	0.32496904922547837
5.185185496296296	0.661475324122013	0.34390725799715904	0.32062643781720496
5.1921925021021025	0.6518364836605952	0.33812598181835607	0.3162235846601991
5.199199507907908	0.6421116836522825	0.3323595892370767	0.31176019780132125
5.206206513713714	0.6323124618942634	0.3266165941782517	0.3072423670397283
5.2132135195195195	0.6224100437250722	0.3208823633253532	0.3026580763142322
5.220220525325326	0.6124212925381248	0.31516721296282413	0.2980167833781294
5.227227531131131	0.602353418598863	0.30947403524644446	0.29332400843884343
5.2342345369369365	0.5922143222802037	0.30380693074362286	0.2885852706920832
5.241241542742743	0.5819899804211125	0.2981606847273354	0.28379507400432447
5.248248548548548	0.5716870570772885	0.2925381418131487	0.27895749885201937
5.255255554354354	0.5613151499474985	0.28694587673116817	0.274077805904159
5.26226256016016	0.5508669094083731	0.2813811665761739	0.26915440509464034
5.269269565965966	0.5403448567836939	0.27584625080410324	0.2641902987546071
5.2762765717717715	0.5297383980302512	0.27033690883884587	0.2591825283966088
5.283283577577578	0.5190614080592795	0.2648618125273023	0.2541389873084918
5.290290583383383	0.5083140007528024	0.2594213605772119	0.24906113875741576
5.297297589189189	0.49747966540280847	0.2540084158686828	0.2439423829443225
5.304304594994995	0.48657537803992357	0.24862811352019984	0.23879271785120507
5.311311600800801	0.4756268459106816	0.2432957085483374	0.23362215933149572
5.318318606606606	0.4645973641568533	0.23799735687736973	0.22842120007768518
5.325325612412413	0.45351638343302747	0.23274431277876434	0.22320184257985232
5.332332618218218	0.44235435225016184	0.22752428695605323	0.2179517587886227
5.339339624024024	0.43113668524030724	0.22234939885006688	0.21268392331954078
5.34634662982983	0.4198631422513742	0.21721979573305905	0.20739948364976343
5.353353635635636	0.4085476772894576	0.21214134528972872	0.202105002649196
5.360360641441441	0.3971640758839879	0.20710357192983336	0.19679101865736817
5.367367647247248	0.38572351855802706	0.20211317596693237	0.19146588483148025
5.374374653053053	0.37426140122775425	0.19718243750070502	0.18614011260538035
5.381381658858859	0.3627208058754638	0.19229120360710283	0.18079575568682027
5.388388664664665	0.351154891967537	0.18746024308961934	0.175455591918993
5.395395670470471	0.33953385276175263	0.18267819973940985	0.17010726812086285
5.402402676276276	0.32787148864005644	0.17795178328658992	0.16475884890004863
5.4094096820820825	0.3161786553402715	0.17328541152209428	0.15941502176828667
5.416416687887888	0.3044446217780848	0.1686759817251936	0.1540728338320534
5.423423693693693	0.29267562377472706	0.16412378839935615	0.1487328731829711
5.4304306994994995	0.2808683595090061	0.15962965975182267	0.14339845879951732
5.437437705305305	0.2690495462089916	0.15520183255734704	0.13807932154208227
5.444444711111111	0.25721759169865915	0.15084166045851602	0.13277839333914748
5.4514517169169165	0.24535746555785534	0.1465413159791409	0.12748712289811007
5.458458722722723	0.23350742943914923	0.14231444760466752	0.12222319618595942
5.465465728528528	0.22163257019888732	0.13814751012207196	0.11697016984195871
5.4724727343343345	0.20975971750133476	0.13405487382695833	0.11174727775548067
5.47947974014014	0.19788668041556037	0.1300315589261628	0.10654767327509626
5.486486745945946	0.18600016708470807	0.12608340385357536	0.10137720436280337
5.4934937517517515	0.17411076644866963	0.12220510042315712	0.09623228493310729
5.500500757557558	0.1622289828818486	0.11836591093158366	0.09107957294694488
5.507507763363363	0.15043412593560784	0.11464538636629307	0.08601302014834764
5.514514769169169	0.13864470711799123	0.11099699818855299	0.08097830578476721
5.521521774974975	0.12687275494584943	0.1074227694389109	0.07597857212217257
5.528528780780781	0.11513579959176154	0.10392727500028492	0.07102018382339602
5.535535786586586	0.10342200713434874	0.10050749259659914	0.06609903516014773
5.542542792392393	0.09176177482864861	0.09717145642896492	0.06122746397407773
5.549549798198198	0.08014550220451565	0.09391595347548884	0.05640092912965503
5.556556804004004	0.06856375452017482	0.09073881465914183	0.051616674519051366
5.56356380980981	0.05703641733033711	0.08764340991170401	0.04688178737597075
5.570570815615616	0.045566256761748664	0.08463029699570945	0.04219730735268482
5.577577821421421	0.03415431408970595	0.08170097748591645	0.037564799587948616
5.584584827227228	0.02279461904667467	0.07885196299921017	0.03298046807332734
5.591591833033033	0.011524287640075997	0.07609147374720392	0.028459167980574476
5.598598838838839	0.0003084090624476965	0.07341082174290137	0.0239878923864075
5.605605844644645	-0.01083230352358822	0.07081510369900508	0.019574186771227207
5.612612850450451	-0.02187439975547182	0.0683069764787874	0.01522621690203819
5.619619856256256	-0.03283100480343342	0.06588285240286866	0.01093904354169091
5.626626862062062	-0.04369069601951771	0.06354433123210672	0.006716565672189877
5.633633867867868	-0.05445986955067482	0.061289869105364984	0.0025567599273005497
5.640640873673673	-0.0651256362603626	0.05911920749410865	-0.0015374507697171777
5.6476478794794795	-0.07566871094671175	0.057038452536140635	-0.005555397556724246
5.654654885285285	-0.08608465378063089	0.05504521250874637	-0.009497373485759717
5.661661891091091	-0.09637343079836941	0.053136986050517934	-0.013365196330349549
5.668668896896897	-0.10652082867866089	0.05131493359668193	-0.017153396405186552
5.675675902702703	-0.11649909934262262	0.04958295496435004	-0.02085150392429294
5.682682908508508	-0.12635137915034955	0.04793595149856384	-0.02447103452375792
5.6896899143143145	-0.13599724183441567	0.046377409853780596	-0.027991168091854392
5.69669692012012	-0.14546278685422162	0.044906218815086864	-0.03141633733273581
5.703703925925926	-0.15473831220253326	0.04352558213842992	-0.03473904561042627
5.7107109317317315	-0.16378633373375467	0.04223221587461893	-0.0379541245514224
5.717717937537538	-0.1725726649735514	0.0410271230593454	-0.04104940187747105
5.724724943343343	-0.1811188946054799	0.03991353835298867	-0.04402438073116459
5.731731949149149	-0.1893871617811979	0.03888810035982566	-0.04687137246339659
5.738738954954955	-0.1973125878342603	0.03795383599384892	-0.04956983837761691
5.745745960760761	-0.20489896321478052	0.03710929016133024	-0.05211937256342264
5.752752966566566	-0.2121959952222899	0.03636050792558652	-0.054520069659221196
5.759759972372373	-0.21934360035593106	0.035708115713306295	-0.05679402041149603
5.766766978178178	-0.22608230374643135	0.03514127639374224	-0.0588918527100916
5.773773983983984	-0.23234438406847358	0.034660771333323064	-0.060793575495568714
5.78078098978979	-0.23806794616292973	0.034269285597373425	-0.062477328583091546
5.787787995595596	-0.24314093403279247	0.033968075036396865	-0.06390902510472092
5.794795001401401	-0.24751833359813524	0.03375773613300246	-0.06507000535074073
5.801802007207208	-0.25113100032273505	0.033643880498462085	-0.06593115309239947
5.808809013013013	-0.25376912716023753	0.03362198080215839	-0.06643526088237496
5.815816018818818	-0.2554314326076137	0.03370011524764196	-0.0665654968111831
5.822823024624625	-0.2558834995403742	0.03387196754774739	-0.06625641777263855
5.82983003043043	-0.2549934610130839	0.03414309123476745	-0.06545737018269272
5.836837036236236	-0.25259834255468827	0.0345122227371395	-0.06411415835995052
5.843844042042042	-0.24861766379414593	0.03497981502911273	-0.062189101452866435
5.850851047847848	-0.2427478797773973	0.03554218263430232	-0.05959117374775258
5.857858053653653	-0.23466816258643675	0.036195042831019084	-0.056220026596275056
5.86486505945946	-0.22435840603723978	0.036936056224817174	-0.052056380675678623
5.871872065265265	-0.21135196857109753	0.037757835100205125	-0.046959022488111776
5.878879071071071	-0.19553534009374815	0.0386524619179019	-0.040888642416880845
5.885886076876877	-0.17664790941832137	0.03961073244800984	-0.0337603439213357
5.892893082682683	-0.1545053848894366	0.04061793953605623	-0.025520006505037742
5.899900088488488	-0.12893635192849845	0.04165808199351567	-0.01611871501557636
5.9069070942942945	-0.09967826585314882	0.042709846925059095	-0.005490312278083729
5.9139141001001	-0.06703837604181304	0.04375701981661211	0.006264751891664352
5.920921105905906	-0.030725350166064692	0.04477064714825611	0.019205752958706294
5.9279281117117115	0.008859624970577204	0.045726715512666355	0.03318372195700483
5.934935117517518	0.05099220155201311	0.046603148665596034	0.0479385638413259
5.941942123323323	0.09577510365909844	0.0473674530828333	0.06345050273178168
5.948949129129129	0.14173770030266666	0.04800301545655602	0.07921699043602533
5.955956134934935	0.188825809774666	0.04848686804780207	0.09515909812336576
5.962963140740741	0.2350136309893977	0.04881252348707217	0.11058638546142345
5.9699701465465465	0.28039861683158523	0.04895905392636073	0.12545657109396002
5.976977152352353	0.3223573949442993	0.04895922379572981	0.13892122101821097
5.983984158158158	0.3597416615438276	0.04880626852297025	0.15056450022441434
5.990991163963964	0.39189373900892743	0.048499737672803196	0.16014936256917567
5.99799816976977	0.41642611742802355	0.04808439785916038	0.16698396530512116
6.005005175575576	0.4395056468523358	0.0475467155247732	0.17290179070708592
6.012012181381381	0.4540172069139264	0.04696333340624752	0.17576382434146656
6.019019187187187	0.46252157613096384	0.046335715839366624	0.17640330855557596
6.026026192992993	0.4653530104177992	0.04568565081082655	0.17497203782712456
6.033033198798798	0.4630896390917161	0.04503449042382555	0.17171860214549386
6.040040204604605	0.4564652026044815	0.04439409147726993	0.16693219276379923
6.04704721041041	0.4462901520660958	0.0437751646819892	0.16093301978286054
6.054054216216216	0.4334008241851331	0.04318365677654848	0.15404556607925202
6.061061222022022	0.41861456709460576	0.042621846609416675	0.14657807569458797
6.068068227827828	0.4026448584355989	0.042090620033353995	0.13880412539277995
6.075075233633633	0.38618133506799796	0.04158822262407095	0.13097591225362654
6.08208223943944	0.36969665705693516	0.04111178889726558	0.1232653695624554
6.089089245245245	0.35370801856631856	0.04066003368747945	0.11586089220253394
6.096096251051051	0.3384287562561688	0.04022907614963391	0.10883762374132515
6.103103256856857	0.32416748774404813	0.03981693860127567	0.10229846186843036
6.110110262662663	0.31096514553580196	0.039420571594134944	0.09625835084044705
6.117117268468468	0.29893782678094694	0.03903749119056895	0.09074527900786461
6.1241242742742745	0.28811060817762857	0.038667074763322	0.08576856956844096
6.13113128008008	0.2784355411825984	0.03830770538243733	0.0813020382465951
6.138138285885886	0.2698955269041529	0.037957871008631565	0.07732700657848386
6.1451452916916915	0.26240636362562203	0.03761702246706582	0.07380946130990977
6.152152297497498	0.2558931185240962	0.037284546145793865	0.07071515774407519
6.159159303303303	0.2502336850518594	0.03695970352502294	0.06799802179913486
6.1661663091091095	0.24534311702620004	0.036642284010973226	0.06562068510184378
6.173173314914915	0.24110173099838045	0.03633060615927502	0.06353828884198184
6.180180320720721	0.2375147339248351	0.036025572584209874	0.06173864500284189
6.1871873265265265	0.23447102304273573	0.03572638543691313	0.060179124958321034
6.194194332332333	0.23189911757275147	0.03543308441555053	0.05882980276179547
6.201201338138138	0.22976270692589712	0.03514622908216287	0.05767275175522329
6.208208343943944	0.22800289637966856	0.03486494733259359	0.05668132218201717
6.21521534974975	0.22658439749016018	0.03459009380810233	0.05583979592330272
6.222222355555555	0.22540220069617775	0.034320639633830245	0.05511317582884439
6.229229361361361	0.2244469666108804	0.03405712264191684	0.05449285267542401
6.236236367167167	0.22369563231701742	0.03379967098522775	0.053967667782845334
6.243243372972973	0.22311450818192413	0.033547662841260775	0.05352311489877105
6.250250378778778	0.2226758845293428	0.03330104559799971	0.05314748775361622
6.257257384584585	0.22235788896296738	0.033060330119196416	0.052831822868604134
6.26426439039039	0.22212092427335925	0.03282496642434821	0.05256197460378893
6.271271396196196	0.22191936606154747	0.03259442007730869	0.052322067051594826
6.278278402002002	0.2218533729846145	0.032369586487909774	0.05213714639767161
6.285285407807808	0.2217422695854276	0.032148944023492915	0.05195466304608663
6.292292413613613	0.22171761703510734	0.031933899151853774	0.05180987592103475
6.29929941941942	0.22162786962624517	0.031722565466018836	0.05165720662289424
6.306306425225225	0.22144136076265056	0.03151374415638749	0.05148536548766195
6.313313431031031	0.221341833888681	0.0313098579363032	0.05134642423164416
6.320320436836837	0.22123261005717584	0.031109754863163246	0.05121062760136007
6.327327442642643	0.22110768565646	0.03091377146569967	0.051075162007929685
6.334334448448448	0.22088945071371824	0.030720645890465758	0.05091608662282485
6.3413414542542546	0.22072216687557009	0.030532381207016356	0.05077450572831419
6.34834846006006	0.22052106943031569	0.030348017291245272	0.05062456296361366
6.355355465865866	0.22028162462647996	0.03016774262946021	0.05046398373634742
6.362362471671672	0.2199131405368298	0.029990076433245205	0.05026463703350528
6.369369477477478	0.21958901412198678	0.02981669295750583	0.050077217314005426
6.376376483283283	0.21921161692469893	0.029647580129818194	0.04987217418549338
6.3833834890890895	0.21877900363732244	0.029482217374765304	0.04964789443666624
6.390390494894895	0.21828725260863213	0.029320481847059977	0.04940237006302298
6.397397500700701	0.2177334105823391	0.02916239477166774	0.049133860226792836
6.4044045065065065	0.21701156954558554	0.029005475360248317	0.04880910832776923
6.411411512312312	0.21634184912084392	0.028853865515263467	0.048495620630915066
6.418418518118118	0.21559460291741278	0.0287057274938829	0.04815262897954522
6.4254255239239235	0.21477508520962255	0.028560817771619267	0.04778105526418347
6.43243252972973	0.21388399023619964	0.028419476435093873	0.047380871566636076
6.439439535535535	0.21291962238310436	0.02828138552359179	0.04695104937567887
6.446446541341341	0.2118803834479546	0.028146474767673672	0.04649056852440942
6.453453547147147	0.21076377600715887	0.02801448187898258	0.04599803602811089
6.460460552952953	0.20957284097533793	0.027885725356277414	0.045474511664578846
6.4674675587587585	0.20830551469046776	0.027759948077758584	0.04491884311690445
6.474474564564565	0.20684740591751483	0.02763348964851536	0.04429393919209798
6.48148157037037	0.20533636190817744	0.027508267613356355	0.043643284768074955
6.488488576176176	0.20385519242647154	0.027389830187821134	0.042994362104049506
6.495495581981982	0.20229592518675843	0.027274189364557992	0.04231190345332813
6.502502587787788	0.20081913731052936	0.027167547608492618	0.04165008594925817
6.509509593593593	0.19909629816358984	0.02705856657599267	0.04089901514806223
6.5165165993994	0.1973034894486854	0.02695184693662558	0.04011749892027096
6.523523605205205	0.19545177545310824	0.026847612609105228	0.03930968577217178
6.530530611011011	0.19353607097768627	0.026745849893370498	0.03847336700084139
6.537537616816817	0.19154972561634392	0.026645834545174524	0.03760626172079519
6.544544622622623	0.18951054972836573	0.026548357205602453	0.03671490408886074
6.551551628428428	0.18741897377310468	0.026453240802021254	0.03580001164644197
6.558558634234235	0.18526487193176192	0.026359525817784436	0.03485782966073254
6.56556564004004	0.18306869749854465	0.026268208404956434	0.03389620900742393
6.572572645845846	0.18082636797450247	0.02617877414778985	0.03291389686280119
6.579579651651652	0.17853762674488322	0.02609074115522086	0.0319109481023397
6.586586657457458	0.17621733370390882	0.02600484799491661	0.030893513635922427
6.593593663263263	0.17386011015801167	0.02592048779247394	0.029859388213897824
6.6006006690690695	0.17147718680768356	0.025837808371206483	0.028813632450671502
6.607607674874875	0.16906477478624046	0.025756126599480535	0.027754473776221276
6.61461468068068	0.1666360387724884	0.025676250449245465	0.02668790730056345
6.6216216864864865	0.16419151772148652	0.025597658970904096	0.025614060550996576
6.628628692292292	0.16173348725810854	0.025520211169629735	0.024534051375652156
6.635635698098098	0.15926906293341364	0.025443955675595337	0.023450995284738905
6.6426427039039035	0.15680501190318621	0.02536841549485251	0.0223674572248841
6.64964970970971	0.1543389089482352	0.025294111343943094	0.02128346493293192
6.656656715515515	0.15187969434211976	0.025220661471377998	0.02020230574834607
6.6636637213213215	0.14943124152527584	0.025147998008063607	0.019125884949323005
6.670670727127127	0.14699765284550725	0.025076020891276963	0.018056040535005216
6.677677732932933	0.14458670940923435	0.02500476643195816	0.01699620452643357
6.6846847387387385	0.14219543102473642	0.024933967345948438	0.015945088228911317
6.691691744544545	0.13983414042475642	0.024863269740805695	0.014906416749022385
6.69869875035035	0.137500844059933	0.024793314283360145	0.013880980455287718
6.705705756156156	0.13520004898227173	0.02472377339665583	0.012869955351189968
6.712712761961962	0.1329346735004791	0.02465447616320672	0.011874746001754775
6.719719767767768	0.13070867572917644	0.024585416085128087	0.010897031723740066
6.726726773573573	0.1285240918960314	0.02451654455581154	0.009937640184354106
6.73373377937938	0.1263833444474694	0.02444779454503736	0.008997766261967981
6.740740785185185	0.12428642345856697	0.024379052172207667	0.00807738576694216
6.747747790990991	0.12223984395250301	0.024310464518860278	0.007179184683124076
6.754754796796797	0.12024303206656073	0.024241913574114704	0.006303004461591284
6.761761802602603	0.1182976272099445	0.0241733694837741	0.005449556441130036
6.768768808408408	0.11640453120280411	0.024104810920102807	0.0046191626077792675
6.775775814214215	0.11456438907337184	0.024036208785396657	0.0038121148614481642
6.78278282002002	0.11279038382386206	0.023967058429070008	0.003032340589684376
6.789789825825826	0.11105863635797737	0.023898324003541332	0.002272935217569604
6.796796831631632	0.10938165101348864	0.023829525756571684	0.0015374675013440494
6.803803837437437	0.10776177324023696	0.023760719568215728	0.000827059125402763
6.810810843243243	0.10619632400386517	0.023691843388868757	0.00014037671382522592
6.817817849049049	0.10468730645946368	0.02362296308448952	-0.0005216215602119724
6.824824854854855	0.10323245593063118	0.023553995174109967	-0.0011600043235292599
6.83183186066066	0.10183238332475483	0.023484986108355546	-0.0017745409687293756
6.8388388664664665	0.10048842383630377	0.02341603631990657	-0.002364657190501767
6.845845872272272	0.09919739640563437	0.02334703606654164	-0.002931792250980041
6.852852878078078	0.09796102179766236	0.02327812955467998	-0.0034752626166791502
6.859859883883884	0.09677613573870254	0.02320916325392217	-0.003996376115068176
6.86686688968969	0.09564306594233549	0.023140258755375814	-0.004495134025972949
6.873873895495495	0.09456261579267883	0.023071521638991968	-0.004971185773460714
6.8808809013013015	0.09353115222748572	0.023002805962842387	-0.00542612611854518
6.887887907107107	0.09254985955953755	0.022934296589285502	-0.0058594573759180564
6.894894912912913	0.091615710588166	0.022865867445032308	-0.006272565419579748
6.9019019187187185	0.09072876092811201	0.022797600880752104	-0.0066654459307360315
6.908908924524525	0.08988895631466053	0.022729623258462936	-0.007038113857255291
6.91591593033033	0.08909317714600525	0.02266178407432848	-0.007391980860227637
6.922922936136136	0.08834244743606637	0.022594272510879015	-0.007726550042410281
6.929929941941942	0.08763307233963581	0.02252695104926132	-0.008043583734911828
6.936936947747748	0.08696547182214295	0.02245992507687607	-0.008342792517262082
6.943943953553553	0.08633914205940588	0.022393307331299767	-0.008624416225266707
6.95095095935936	0.08575119456480709	0.022326940945869525	-0.008889739054759161
6.957957965165165	0.08520205897002035	0.022261037956834862	-0.009138580462016275
6.964964970970971	0.08468908730026507	0.02219541893347992	-0.009372059192428544
6.971971976776777	0.08421184775281393	0.022130234338584794	-0.009590472738309564
6.978978982582583	0.08377002813772362	0.022065565505741812	-0.009793813465969317
6.985985988388388	0.08336090888389931	0.022001258198930965	-0.00998333373441082
6.992992994194195	0.08298459864896725	0.02193750213278656	-0.01015894033977778
7.0	0.082639070818	0.021874150119	-0.010321542937
