t	CL	CD	CM
1.2e-6	1.2588643840999996	7874.464667899998	0.7291438032799996
0.007008205805805806	-2.0104596897356683e-6	0.2554324462967279	-8.48129684951142e-7
0.014015211611611612	-1.7831634175702161e-6	0.186011253009585	-7.355377863570431e-7
0.021022217417417416	-1.7173142120169425e-6	0.1532361864945586	-7.135184735597166e-7
0.028029223223223224	-1.5973287160536995e-6	0.13320784701691418	-6.358328960707891e-7
0.03503622902902903	-1.5775859393985964e-6	0.11938712269590689	-6.237341891736615e-7
0.04204323483483483	-1.5521953229324197e-6	0.10913315104553474	-6.143298142249458e-7
0.04905024064064064	-1.466839848369836e-6	0.10114694481863078	-5.52245690366423e-7
0.05605724644644645	-1.4808616198250597e-6	0.09466478227064806	-5.643197603109375e-7
0.06306425225225225	-1.46796688538214e-6	0.08921840876030859	-5.54823597510453e-7
0.07007125805805806	-1.4497201963735147e-6	0.08456889106858764	-5.411721847861009e-7
0.07707826386386386	-1.430276417623007e-6	0.0805525501751198	-5.251344737643236e-7
0.08408526966966967	-1.4196251046802714e-6	0.07704151583390063	-5.157436738223086e-7
0.09109227547547548	-1.4092108241409633e-6	0.07394474741515074	-5.063531135833828e-7
0.09809928128128129	-1.3993368677049517e-6	0.07119181124927555	-4.977180096676644e-7
0.10510628708708708	-1.385968370030953e-6	0.06872606526502158	-4.865491860690273e-7
0.11211329289289289	-1.3742430344787887e-6	0.06650177017940744	-4.770741464125286e-7
0.1191202986986987	-1.3614154386128663e-6	0.06448374527668352	-4.669005573878425e-7
0.12612730450450452	-1.3454718963205683e-6	0.06264249198960167	-4.5533050857770895e-7
0.1331343103103103	-1.3532915280112935e-6	0.060956592727391214	-4.61520069585915e-7
0.1401413161161161	-1.3459635807148216e-6	0.05940566416383472	-4.5570031598773106e-7
0.14714832192192193	-1.336736414815375e-6	0.05797261477270906	-4.496679040448911e-7
0.15415532772772772	-1.3272144423400605e-6	0.05664610594597533	-4.4204246623902206e-7
0.16116233353353354	-1.311656390249948e-6	0.055413046116027834	-4.301370766957909e-7
0.16816933933933934	-1.3105180915608746e-6	0.054264392213549555	-4.3089436459017896e-7
0.17517634514514516	-1.289963265129158e-6	0.05319083440833245	-4.152987925591997e-7
0.18218335095095095	-1.294807953624679e-6	0.05218441300661702	-4.186093779904237e-7
0.18919035675675674	-1.2865100053185643e-6	0.05123800097326962	-4.1400152177499903e-7
0.19619736256256257	-1.2802371183660286e-6	0.05034671841768163	-4.104207956828548e-7
0.20320436836836836	-1.2683042727195395e-6	0.04950746209369442	-4.01927723182097e-7
0.21021137417417418	-1.2553799932528563e-6	0.04871377499012895	-3.937643150953195e-7
0.21721837997997998	-1.2385868949625517e-6	0.04796338907642597	-3.835899134272254e-7
0.2242253857857858	-1.2248522637391128e-6	0.047251909704947526	-3.7436986602038165e-7
0.2312323915915916	-1.1775091195049209e-6	0.04657607394880849	-3.415995859933922e-7
0.23823939739739738	-1.1422196463892535e-6	0.045933500941261945	-3.191265612558393e-7
0.2452464032032032	-1.1162343407519237e-6	0.045321631434624886	-3.027365722024374e-7
0.252253409009009	-1.0801679595490433e-6	0.04473832014078277	-2.8072233316742573e-7
0.2592604148148148	-1.0391800444497952e-6	0.044182514186733336	-2.557790549422232e-7
0.26626742062062064	-9.882115068417442e-7	0.04365133442363235	-2.2598685895017574e-7
0.2732744264264264	-9.369899096778581e-7	0.04314281874370042	-1.954732972725875e-7
0.28028143223223223	-8.762242005707183e-7	0.042654659626197834	-1.6047200604049781e-7
0.28728843803803805	-8.005591134689977e-7	0.042187883964102675	-1.1697676048547384e-7
0.2942954438438438	-7.459969613249796e-7	0.041739812774922364	-9.252625379747421e-8
0.30130244964964964	-6.600883207815036e-7	0.041309390424687065	-4.6508280527396725e-8
0.30830945545545546	-5.557317756165906e-7	0.04089501501678023	9.450498410341105e-9
0.3153164612612613	-4.3367372048590663e-7	0.04049613963483676	7.547500599257827e-8
0.32232346706706705	-2.9183482007009436e-7	0.0401142510964032	1.5169508345282097e-7
0.32933047287287287	-1.2551719813643096e-7	0.03974389641331613	2.4131835344196305e-7
0.3363374786786787	7.071891811389863e-8	0.039384643513415425	3.471665913484271e-7
0.34334448448448446	2.994370280689654e-7	0.03903617011776643	4.707647284773511e-7
0.3503514902902903	5.67989210158153e-7	0.03869813698675873	6.152119081541874e-7
0.3573584960960961	8.780118826102251e-7	0.038370198841462026	7.830196764757778e-7
0.3643655019019019	1.243827824031416e-6	0.038052006196229074	9.790595850587133e-7
0.3713725077077077	1.6710218874663576e-6	0.03774326162949207	1.2085846932010458e-6
0.3783795135135135	2.168038812212655e-6	0.03744352801092506	1.4754542458640173e-6
0.38538651931931933	2.74625632681543e-6	0.03715252865540089	1.785382037826481e-6
0.3923935251251251	3.4199712234100543e-6	0.03686993852698702	2.14596884357833e-6
0.3994005309309309	4.201991127865022e-6	0.036595446218724965	2.5632014752688413e-6
0.40640753673673674	5.117886454620705e-6	0.03632875152928935	3.0530913249606445e-6
0.41341454254254256	6.183556724494167e-6	0.03606956504093953	3.6220668201805903e-6
0.42042154834834833	7.425383290505043e-6	0.035817608328309936	4.283759411447582e-6
0.42742855415415415	8.8731295956595e-6	0.03557265050954945	5.055147673131225e-6
0.43443555995995997	1.0561957295839991e-5	0.035334363910713484	5.954411042873003e-6
0.4414425657657658	1.2531214410701554e-5	0.03510253978723235	7.001980626201974e-6
0.44844957157157156	1.482855640719e-5	0.03487694341503828	8.225166321332334e-6
0.4554565773773774	1.7506046443287846e-5	0.034657349513778184	9.648816555513501e-6
0.4624635831831832	2.0629490523257865e-5	0.03444354318364383	1.1309550290901615e-5
0.46947058898898897	2.42726622719198e-5	0.034235318393526476	1.3247104108993614e-5
0.4764775947947948	2.852143962541497e-5	0.034032507388557495	1.5506393908684164e-5
0.4834846006006006	3.347916655153551e-5	0.03383486205921677	1.8141897755991283e-5
0.49049160640640643	3.926185305047204e-5	0.033642232590340895	2.1215727638880836e-5
0.4974986122122122	4.6006777833305374e-5	0.033454439103544925	2.480119759742485e-5
0.504505618018018	5.387705501554802e-5	0.03327133712946397	2.898443486591551e-5
0.5115126238238238	6.305400498276265e-5	0.033093251966784615	3.386172309564089e-5
0.5185196296296296	7.375821020143966e-5	0.0329194656606771	3.95504686837371e-5
0.5255266354354354	8.624518263607087e-5	0.03274983860485298	4.618615559254733e-5
0.5325336412412413	0.00010080972588614487	0.03258425499244418	5.392529905332681e-5
0.5395406470470471	0.00011779711759941317	0.03242259263786564	6.295121532938974e-5
0.5465476528528529	0.00013761097279312663	0.0322647215902187	7.347814920544556e-5
0.5535546586586586	0.0001607220978257588	0.03211051627527708	8.575598846637064e-5
0.5605616644644644	0.00018768068324822394	0.03195985725800753	0.00010007676437112745
0.5675686702702702	0.0002191251099478601	0.031812642627731334	0.00011677926860176975
0.5745756760760761	0.000255798857131563	0.031668778865464854	0.0001362580894208643
0.5815826818818819	0.00029857230645960464	0.031528156408538226	0.0001589750999612126
0.5885896876876877	0.0003484656946762733	0.03139066323433873	0.00018547173896145942
0.5955966934934935	0.00040665830131766457	0.031256217956769014	0.0002163737865890847
0.6026036992992992	0.00047452484437484103	0.031124738333451526	0.0002524108634123451
0.6096107051051051	0.0005536783306115417	0.03099612621410599	0.0002944389810350316
0.6166177109109109	0.0006459630555239764	0.030870295436504804	0.0003434446127771566
0.6236247167167167	0.0007536301373068321	0.030747166393613686	0.0004006063417425524
0.6306317225225225	0.0008791878202767164	0.030626670922930345	0.0004672627342905298
0.6376387283283284	0.0010256130279386888	0.03050872905891318	0.0005449926589578929
0.6446457341341342	0.0011963821643161299	0.03039326308867526	0.0006356400807201205
0.6516527399399399	0.0013955323631777896	0.030280198510430595	0.0007413473123022482
0.6586597457457457	0.0016277729783131967	0.030169471617247104	0.0008646116083529397
0.6656667515515515	0.0018985652554452932	0.030061028091524635	0.0010083295812373001
0.6726737573573573	0.0022142982829558735	0.02995480350748899	0.0011758896373090396
0.6796807631631632	0.0025824449053564297	0.029850727309346528	0.001371254453552452
0.686687768968969	0.0030116347871833866	0.02974874860342648	0.0015990107829550336
0.6936947747747748	0.0035119815926762036	0.029648816383349576	0.001864498742803387
0.7007017805805806	0.0040951848137854895	0.029550877918903682	0.002173932770900095
0.7077087863863863	0.0047748892966011985	0.029454878308001576	0.002534559299076231
0.7147157921921922	0.005567040515084166	0.029360763242203276	0.0029548161819782414
0.721722797997998	0.006490117163666183	0.02926848883128353	0.0034444900084672253
0.7287298038038038	0.007565528324590868	0.029178019465331235	0.004014918881075888
0.7357368096096096	0.008818044671545799	0.029089308025206814	0.004679236019231488
0.7427438154154155	0.010276565190038115	0.029002316860055707	0.005452748047189872
0.7497508212212213	0.011974761131206085	0.028916999786930915	0.0063532509704720104
0.756757827027027	0.013950729215476208	0.028833403605768408	0.0074009928459476465
0.7637648328328328	0.016249335643147043	0.02875141408161384	0.0086196557076526
0.7707718386386386	0.018922246102564728	0.02867103991273164	0.010036588194317731
0.7777788444444445	0.022028889849441555	0.02859228636415618	0.01168321325987409
0.7847858502502503	0.025637096233044093	0.028515154790014128	0.013595379515774046
0.7917928560560561	0.029824763568806343	0.02843967572388037	0.01581423989377381
0.7987998618618619	0.034681163478519475	0.028365883773953764	0.01838691866813559
0.8058068676676676	0.04030795689835312	0.02829384590096752	0.02136703609802495
0.8128138734734734	0.046820349131094036	0.02822366609778762	0.02481529868533282
0.8198208792792793	0.05434755180401532	0.028155502247263126	0.02879971233149215
0.8268278850850851	0.06303387503490049	0.028089574759369573	0.033396121226889286
0.8338348908908909	0.07304086271136183	0.02802617548076197	0.038689284009222204
0.8408418966966967	0.08454722696578962	0.027965709247980395	0.044772791082023616
0.8478489025025026	0.09773256839437497	0.027908629276135643	0.05174006644195277
0.8548559083083083	0.11283040961315877	0.02785525278332568	0.0597132001139579
0.8618629141141141	0.1300406893790523	0.027807082898765833	0.0687953873720656
0.8688699199199199	0.149595057099071	0.027765307679600514	0.07910599644861946
0.8758769257257257	0.17171232492168614	0.027731513855814426	0.09075657612747216
0.8828839315315316	0.19661331916634284	0.027707690964308834	0.10385844982303209
0.8898909373373374	0.22448247234059113	0.02769636302655592	0.11850216308769455
0.8968979431431432	0.25547462032114576	0.02770059498004786	0.13476033074070887
0.9039049489489489	0.28965585228750623	0.02772399901379718	0.1526574699516559
0.9109119547547547	0.32710082473954466	0.02777088078963021	0.17221852236530794
0.9179189605605605	0.36767844561279794	0.027847053697633024	0.193358242928537
0.9249259663663664	0.4111590853833146	0.027958466022741765	0.21593573567006022
0.9319329721721722	0.45716653166225085	0.028111665671754146	0.23972957569603442
0.938939977977978	0.5050194709258097	0.02831313254959167	0.26435388048699543
0.9459469837837838	0.5542143048242237	0.028568990019362694	0.28951449924284633
0.9529539895895895	0.6036885009056502	0.028886190133229774	0.3146214263950374
0.9599609953953954	0.6523207251386925	0.029269922882128197	0.3390447064770339
0.9669680012012012	0.6989922952249409	0.029722604439821262	0.36218081686342957
0.973975007007007	0.7422714192539279	0.03024226313350214	0.3832695548010939
0.9809820128128128	0.7815402106411312	0.03082391567762266	0.401958491658666
0.9879890186186187	0.8154438802066264	0.03146133060256856	0.41754502379504366
0.9949960244244245	0.8425350056545571	0.03213963657583319	0.4293192412768343
1.0020030302302303	0.863817139826069	0.03284150311430592	0.4377297349966861
1.0090100360360361	0.8777421939365211	0.03355832741591871	0.4421057918322842
1.016017041841842	0.8849896941221816	0.03426740680942252	0.4427919579089926
1.0230240476476475	0.8859406746648317	0.0349516704351629	0.4400505678285453
1.0300310534534534	0.8812992228160108	0.035597879989124656	0.43430684472570374
1.0370380592592592	0.871918105480476	0.036197493843925836	0.42605688696726596
1.044045065065065	0.8588012388260667	0.036742969122955264	0.41588610697429457
1.0510520708708708	0.8429789637741795	0.03723154418693727	0.4043870206450532
1.0580590766766766	0.8253811312333376	0.03766672760937762	0.3920716265095654
1.0650660824824825	0.806886456956428	0.03805286533580845	0.3794287982316446
1.0720730882882883	0.7882962824268882	0.03839722251262257	0.36689900857850793
1.0790800940940941	0.7701434088593136	0.03870936930273173	0.3547573499559089
1.0860870998999	0.7528997945906268	0.038999509535566704	0.3432482731474386
1.0930941057057058	0.7368882222477561	0.03927657951642051	0.3325355064226656
1.1001011115115116	0.7222680009682783	0.039550197999894364	0.3226824640421054
1.1071081173173174	0.7091738069185508	0.03982699011129902	0.31375364401045075
1.1141151231231232	0.6976019208102651	0.04011406976464131	0.3057217014653878
1.1211221289289288	0.6875525522055348	0.040415600344282675	0.2985808750794435
1.1281291347347346	0.6789485105697194	0.04073557099270234	0.29227559586546026
1.1351361405405405	0.6717027495589698	0.04107627039236818	0.2867495030451638
1.1421431463463463	0.6657284745240603	0.04143982581693928	0.28194694024604616
1.149150152152152	0.6609374533616879	0.041826311166607934	0.2778200566622576
1.156157157957958	0.6572165744118467	0.04223653252661621	0.2743031978428669
1.1631641637637637	0.6544811190036453	0.04267077320193419	0.27134543693965
1.1701711695695696	0.6526342627879501	0.04312855421517366	0.2689011093769888
1.1771781753753754	0.651595336625656	0.043610130175443164	0.26691831463073856
1.1841851811811812	0.6512888784556861	0.04411488557759348	0.26535841070767385
1.191192186986987	0.651642056688462	0.044642092121997344	0.26418217254583065
1.1981991927927929	0.6525822225613664	0.045190579327001	0.26335090916741977
1.2052061985985987	0.6540489132196987	0.045761694725795485	0.2628262305678875
1.2122132044044045	0.6559725877402885	0.04635199703706776	0.26257347943218406
1.2192202102102103	0.6583062500284464	0.04696312768159481	0.2625613494721864
1.226227216016016	0.6609899480580165	0.047592143938550165	0.26275528795491276
1.2332342218218217	0.6639726823776331	0.048238430711240364	0.26312606485866674
1.2402412276276276	0.6672181583790635	0.048902357571567905	0.2636496459574758
1.2472482334334334	0.6706745440474992	0.04957919961531185	0.2643038230790853
1.2542552392392392	0.6743168427841969	0.0502692946368324	0.26506611264582686
1.261262245045045	0.6781190246993992	0.050972415489637046	0.2659115733066803
1.2682692508508508	0.6820333885156744	0.05168611356105723	0.26682216974546796
1.2752762566566567	0.6860415495700447	0.05240992201170441	0.2677776442204764
1.2822832624624625	0.6901213546789976	0.05314401728899275	0.26877108161871494
1.2892902682682683	0.6942548758887465	0.05388628487011416	0.2697871492761297
1.2962972740740741	0.6984299987228537	0.05463738890507046	0.2708200038115926
1.30330427987988	0.702635992125236	0.05539679351612205	0.27186814198709786
1.3103112856856858	0.7068663027582432	0.056163114563674725	0.27292201529667803
1.3173182914914916	0.711116891712324	0.05693695327307553	0.2739823493466608
1.3243252972972972	0.7153813389005351	0.05771745415535641	0.27504746525024515
1.331332303103103	0.7196639791754599	0.058505414761284354	0.2761189216708525
1.3383393089089088	0.7239556948079724	0.05929904208429932	0.2771946873905997
1.3453463147147147	0.728264515531191	0.06009977675224821	0.2782785655590457
1.3523533205205205	0.7325921017620823	0.06090780971154527	0.27937145332260244
1.3593603263263263	0.736936363727106	0.06172259016072753	0.280473599710866
1.3663673321321321	0.7412939188329075	0.06254355437397886	0.28158520128180986
1.373374337937938	0.7456722451677735	0.06337196371659788	0.28270866451165305
1.3803813437437438	0.7500688109997262	0.06420746899940759	0.28384257898358806
1.3873883495495496	0.7544898891387234	0.06505040009562937	0.2849885140347631
1.3943953553553554	0.7589212012763527	0.06589935780773233	0.28614552648652186
1.4014023611611612	0.76336694818599	0.06675591421488007	0.28731262482946185
1.408409366966967	0.7678325591403183	0.06761896130007032	0.28848539898635106
1.4154163727727729	0.772301738136287	0.06848783958192133	0.2896681983464266
1.4224233785785785	0.7767927443865836	0.06936539425812403	0.2908565943255915
1.4294303843843843	0.7812816493070129	0.07024744715127733	0.2920508699340911
1.4364373901901901	0.7857882021231927	0.07113830770406597	0.29324720731297865
1.443444395995996	0.7902862267761193	0.0720330416304485	0.29444665810185977
1.4504514018018018	0.7947968077460127	0.07293551617305834	0.29564413624058156
1.4574584076076076	0.7993033199947362	0.0738456666025181	0.2968451843806158
1.4644654134134134	0.8038117804034569	0.07475790768254678	0.29804020496430694
1.4714724192192192	0.8083189334194484	0.07567805478227123	0.29923212594964427
1.478479425025025	0.8128260069405175	0.07660621233590487	0.30042185808505223
1.4854864308308309	0.8173042702319018	0.07753529037923321	0.3016165114976719
1.4924934366366367	0.8218216864837946	0.07846955907576054	0.3028026324362314
1.4995004424424425	0.8263292963851753	0.07941179261714028	0.3039860662515354
1.5065074482482483	0.8308480323016151	0.08037031280684723	0.305160698141959
1.5135144540540542	0.8353311031547269	0.08132996793795733	0.30633527181563996
1.5205214598598598	0.839815368346329	0.08229495625422163	0.30750864436913683
1.5275284656656656	0.8443055263315754	0.08326662857126463	0.3086827855848739
1.5345354714714714	0.8487994165222031	0.08424476757451758	0.30985775614963584
1.5415424772772772	0.853299833591421	0.08522999979952005	0.31103482722121834
1.548549483083083	0.8578053648260477	0.08622212374619793	0.31221348332395776
1.5555564888888889	0.8623107134357523	0.08722000981654866	0.3133932474344484
1.5625634946946947	0.8668278339850913	0.08822645314260623	0.3145779034624675
1.5695705005005005	0.8713522326850522	0.08924014238631756	0.3157655345287495
1.5765775063063063	0.8758815863147196	0.09026112464714019	0.3169569550095135
1.5835845121121122	0.8804161287793627	0.0912890535799745	0.3181508465420052
1.590591517917918	0.8849636018706354	0.09232616284075155	0.3193502570492473
1.5975985237237238	0.8895213223177907	0.09337183841616141	0.3205543440455681
1.6046055295295296	0.8940850189094396	0.09442510017283232	0.32176106914973757
1.6116125353353354	0.8986528831030304	0.0954858658362862	0.32297037065006357
1.618619541141141	0.9032353043225723	0.09655668705698184	0.32418490026181956
1.6256265469469469	0.9078169703771385	0.09763421366587874	0.3253997776686312
1.6326335527527527	0.9124087614566027	0.09872100979890645	0.32661836121936827
1.6396405585585585	0.9170097544534799	0.09981716150059083	0.32783974437319496
1.6466475643643643	0.9216171956446094	0.10092218484963232	0.32906307397757073
1.6536545701701701	0.9262275989330615	0.10203534568452524	0.33028738114062817
1.660661575975976	0.9308501203576812	0.10315911332562186	0.3315149775087824
1.6676685817817818	0.9354712312831208	0.1042903725348679	0.33274178747883354
1.6746755875875876	0.9401079666681545	0.10543332302565425	0.3339720526693135
1.6816825933933934	0.9447464734375873	0.10658486798285388	0.3352031821738975
1.6886895991991993	0.9493954875659315	0.10774730543829343	0.3364368478709551
1.695696605005005	0.9540473102992713	0.10891875320512312	0.33767016661584026
1.702703610810811	0.9587135123323747	0.11010246279447343	0.3389079955593507
1.7097106166166167	0.9633852334469537	0.11129617806889391	0.3401462986334995
1.7167176224224223	0.9680664998907791	0.1125013158428375	0.3413879641196188
1.7237246282282281	0.9727641204101546	0.113719648630245	0.3426334048229825
1.730731634034034	0.9774681702274526	0.11494901621274711	0.3438815357873707
1.7377386398398398	0.9821850019558606	0.11619093274682657	0.34513279472602854
1.7447456456456456	0.9869188762944359	0.1174463358745225	0.34639049706394665
1.7517526514514514	0.9916643964866372	0.11871380617943442	0.34765116918942296
1.7587596572572572	0.9964250632154397	0.11999465617040386	0.34891620386428984
1.765766663063063	1.001214085027963	0.12129304355734907	0.3501902061870905
1.772773668868869	1.0060102644083848	0.12260375247282226	0.351465957326108
1.7797806746746747	1.0108307358554458	0.12393177038827903	0.35274981794237587
1.7867876804804805	1.0156650981859388	0.1252747195294094	0.3540370691375321
1.7937946862862864	1.0205235114849156	0.12663587521756317	0.3553315911923644
1.8008016920920922	1.0254072649017385	0.1280160571760943	0.3566338584446853
1.807808697897898	1.0303031731441639	0.12941194217786328	0.3579395918765322
1.8148157037037036	1.0352298604707382	0.13082960661179005	0.35925359499429405
1.8218227095095094	1.0401739024478047	0.1322655997611152	0.3605723958522749
1.8288297153153152	1.0451434226495235	0.1337226976246256	0.36189823096419227
1.835836721121121	1.0501393084529673	0.1352019268171247	0.36323048641171274
1.8428437269269269	1.0551621124671455	0.13670382824855268	0.36457069456168917
1.8498507327327327	1.0602089514286643	0.13822841374431463	0.3659172505960465
1.8568577385385385	1.0652833655006269	0.13977755356916424	0.367269472138006
1.8638647443443443	1.0703840570794994	0.14135129549042985	0.36862956927674223
1.8708717501501502	1.0755161017462453	0.14295186864569492	0.3699964575707177
1.877878755955956	1.080678674304656	0.14458004453743734	0.3713709648368929
1.8848857617617618	1.0858744217465774	0.14623688619463587	0.37275483309124213
1.8918927675675676	1.0911000375668778	0.14792261808828194	0.3741451559677449
1.8988997733733735	1.0963543327759318	0.14963759727305959	0.3755418575019646
1.9059067791791793	1.1016399968086852	0.15138350589986788	0.37694655610118716
1.9129137849849849	1.1069574171578835	0.15316105474250435	0.37835913986102193
1.9199207907907907	1.1123101227620846	0.15497220074788848	0.3797805045996087
1.9269277965965965	1.117694397505295	0.15681682645385225	0.3812100534538624
1.9339348024024023	1.1231087325301363	0.15869556706202298	0.3826472880203658
1.9409418082082082	1.128545240259908	0.16060685718518308	0.38408813520487356
1.947948814014014	1.1340221914574926	0.16255652377952548	0.38554195743359515
1.9549558198198198	1.1395327098250019	0.16454443581096456	0.38700620197557184
1.9619628256256256	1.145043071142522	0.1665604434363015	0.38846650341779404
1.9689698314314314	1.150595556584328	0.16861852852253362	0.38994354198080694
1.9759768372372373	1.1561517042551752	0.17070686476057945	0.3914182617850572
1.982983843043043	1.161722520292404	0.17283246316602097	0.3928985706868901
1.989990848848849	1.1672990029033923	0.17499180942314344	0.3943829361147872
1.9969978546546547	1.1729618022840582	0.17719790039607392	0.3959020007751108
2.0040048604604603	1.1785051535540818	0.1794153816498108	0.39737290984948453
2.011011866266266	1.1840933395121704	0.18167899063436785	0.39887015151619887
2.018018872072072	1.1896801625707596	0.1839748423811188	0.4003708808187181
2.025025877877878	1.1952487079245617	0.1862974766560194	0.4018708312811884
2.0320328836836836	1.2008175141253112	0.18865510089170456	0.4033762113712096
2.0390398894894894	1.2063644171577024	0.19103893929374033	0.404881257148724
2.0460468952952953	1.2118973625867862	0.19345286452360214	0.40638819466983866
2.053053901101101	1.2174111278262028	0.19589435176462539	0.40789649293124486
2.060060906906907	1.222904568681082	0.19836295763389103	0.40940594092032245
2.0670679127127127	1.2283876471656339	0.20086225112669204	0.41091970732959315
2.0740749185185186	1.233842926512846	0.20338419048890735	0.41243271228190054
2.0810819243243244	1.2392921587425036	0.2059374820922602	0.4139512987967131
2.08808893013013	1.2447208832918197	0.20851527744647305	0.415470922437286
2.095095935935936	1.250141251410877	0.2111216303770131	0.4169955885373784
2.102102941741742	1.2555551523242467	0.2137566345996061	0.41852530683150774
2.1091099475475477	1.2609541463009242	0.21641566491699507	0.42005711764902437
2.1161169533533535	1.266348263399915	0.21910144370614662	0.4215942178757893
2.1231239591591593	1.2717427757371649	0.2218164441094686	0.42313688628123425
2.130130964964965	1.2771247764325713	0.2245530958807618	0.42468095884431134
2.137137970770771	1.2825092276122234	0.2273184062975241	0.42623069449289325
2.1441449765765768	1.287886992725091	0.2301065955872206	0.42778358500196745
2.1511519823823826	1.2932571834371052	0.23291748482782926	0.42933838984974293
2.1581589881881884	1.2986290329618344	0.2357550643182419	0.43089792640162755
2.165165993993994	1.3039937259878043	0.23861381049942582	0.43245998401199803
2.1721729997997996	1.3093578541709734	0.24149853503889587	0.4340246730907566
2.1791800056056054	1.3147169899043871	0.24440452472961344	0.43559419278591555
2.1861870114114113	1.3200805025473747	0.24733699085985036	0.43717023400965865
2.193194017217217	1.3254465060990337	0.250295049237577	0.43875184673199247
2.200201023023023	1.3308007483075808	0.25327104187794824	0.4403343791540452
2.2072080288288287	1.3361641569608325	0.2562776590583778	0.4419254930366637
2.2142150346346345	1.3415184375317784	0.25930455229072374	0.44351921357400625
2.2212220404404404	1.3468600003305113	0.26235013121059814	0.44511355894032795
2.228229046246246	1.3522047995369748	0.2654224191990029	0.44671406864900703
2.235236052052052	1.3575371884641154	0.2685144507245894	0.4483140171220674
2.242243057857858	1.3628629264403762	0.27162696032373584	0.4499174220958925
2.2492500636636636	1.3681815464503795	0.2747612676179746	0.45152271198901994
2.2562570694694695	1.3734978401377533	0.277919579784784	0.4531328024358709
2.2632640752752753	1.378816178923737	0.2811049607474473	0.4547523699072197
2.270271081081081	1.384126482903222	0.28431094959193015	0.4563762949670814
2.277278086886887	1.3894316970655476	0.287540050134453	0.45800337066978697
2.2842850926926928	1.3947333418020282	0.2907921572769755	0.4596347463004162
2.2912920984984986	1.4000216987737515	0.29406244591108405	0.4612674318646883
2.2982991043043044	1.405313872569119	0.29736018548966386	0.4629059870835221
2.30530611011011	1.4105960840464966	0.300679311364953	0.4645471725018565
2.312313115915916	1.4158705115812678	0.30401866951407297	0.4661920015380534
2.319320121721722	1.4211395885661913	0.30738211753572625	0.4678425942628519
2.3263271275275277	1.4264044412170342	0.3107699732072643	0.46949798685635535
2.3333341333333335	1.431665431812101	0.3141827554025442	0.47115819050691393
2.3403411391391393	1.4369161822655196	0.3176157105667928	0.4728232437881351
2.347348144944945	1.4421641393031366	0.3210742590866033	0.4744954756353202
2.354355150750751	1.447404372466852	0.32455521080110056	0.4761721466202801
2.3613621565565563	1.452636059349283	0.32805800965370424	0.477852732519178
2.368369162362362	1.4578666202703978	0.3315874211970079	0.479539391210054
2.375376168168168	1.4630834078323527	0.33513489644660266	0.48122809541121614
2.382383173973974	1.4682888729062076	0.33870490328602004	0.4829183825005889
2.3893901797797796	1.4735002464849472	0.3423045661460182	0.4846185629192772
2.3963971855855855	1.4786958592652133	0.34592197437061756	0.4863200617286023
2.4034041913913913	1.4838734860564942	0.3495581681552611	0.4880212688690993
2.410411197197197	1.4890555421403873	0.3532230685582239	0.4897319684197289
2.417418203003003	1.4942165218625296	0.3569052532221173	0.49144123558193564
2.4244252088088087	1.4993853862177817	0.3606168446959523	0.49316367863659594
2.4314322146146146	1.5045307189478225	0.3643454754445077	0.4948863776079174
2.4384392204204204	1.509683010096316	0.36810368076252353	0.496622489061194
2.445446226226226	1.5148206126914818	0.37188630490137586	0.4983600704552463
2.452453232032032	1.519939252010543	0.3756850252024055	0.500099044283408
2.459460237837838	1.5250450936040214	0.3795052041318996	0.5018411639995825
2.4664672436436437	1.530163142276925	0.38335585980214276	0.503598778913513
2.4734742494494495	1.5352495044874805	0.3872217670119293	0.5053497537610744
2.4804812552552553	1.5403221352223904	0.3911087989982251	0.5071045007885461
2.487488261061061	1.545378723328524	0.3950157053229504	0.5088619205323331
2.494495266866867	1.550421401519347	0.3989431564708188	0.5106225065629089
2.5015022726726728	1.5554500813180885	0.40289222893079	0.512385767918799
2.5085092784784786	1.5604732621605608	0.4068659961518721	0.5141562704914244
2.5155162842842844	1.5654861219071536	0.41086271130860497	0.515933509427657
2.5225232900900902	1.570481928013035	0.4148777465078995	0.5177142736583775
2.529530295895896	1.5754642378334147	0.41891386853204526	0.519499409173117
2.536537301701702	1.580439336703399	0.4229763386298237	0.521291558862222
2.5435443075075077	1.5854005500740194	0.42705857276567877	0.5230871241637086
2.5505513133133135	1.590348941164694	0.43116372079583193	0.5248874259360404
2.557558319119119	1.5952775006358177	0.43528603346578904	0.5266898105798635
2.5645653249249247	1.6001902142264561	0.439430439257522	0.5284958341249658
2.5715723307307305	1.6050792552373312	0.4435909498379061	0.5303032781361172
2.5785793365365364	1.6099480960541472	0.4477701465607754	0.5321120082321878
2.585586342342342	1.614797254939681	0.45196876291293947	0.5339220487023117
2.592593348148148	1.6196219089116077	0.4561840103525402	0.535731463293501
2.599600353953954	1.6244276952875203	0.4604196109649883	0.5375430325345205
2.6066073597597597	1.6292011095106158	0.4646658019686035	0.5393512232468253
2.6136143655655655	1.6339619875347218	0.4689394418656334	0.5411642156946366
2.6206213713713713	1.6386837119093252	0.4732204959720804	0.5429706432944813
2.627628377177177	1.643378330714965	0.4775192731485176	0.5447754016018821
2.634635382982983	1.6480354416302636	0.4818283947577686	0.5465736332365384
2.6416423887887888	1.652658789333354	0.4861511454699905	0.5483671137993592
2.6486493945945946	1.6572357426093207	0.4904821348090975	0.5501491338184292
2.6556564004004004	1.6617712252566184	0.4948231409607061	0.5519213249717502
2.6626634062062062	1.6662578629721814	0.49917076161497376	0.5536800788824245
2.669670412012012	1.670687523763048	0.5035208230594552	0.5554210380117724
2.676677417817818	1.6750558782339393	0.507872577304747	0.5571414199108989
2.6836844236236237	1.6793556970204084	0.5122253873305229	0.5588371605930093
2.6906914294294295	1.6835804136841164	0.5165737293445473	0.5605043095731856
2.6976984352352353	1.6877078429362806	0.5209056371782239	0.5621321378298993
2.704705441041041	1.691740252860907	0.5252267681148287	0.5637213254363298
2.711712446846847	1.6956579571476504	0.5295291850443152	0.5652615776028095
2.718719452652653	1.6994449550854382	0.5338040426857656	0.5667428044453707
2.7257264584584586	1.7030799379963226	0.538043464702532	0.5681526815341458
2.7327334642642644	1.7065373669983535	0.5422312213479443	0.5694778651540005
2.7397404700700703	1.7098020102218634	0.5463693073211765	0.5707076332605714
2.746747475875876	1.712841863294853	0.5504373598975801	0.5718244161030434
2.7537544816816815	1.7156213964913314	0.5544231738300313	0.5728068508922539
2.7607614874874873	1.7181013307022783	0.5583076757189254	0.5736330581491551
2.767768493293293	1.720237876407466	0.5620715771781866	0.5742777541405557
2.774775499099099	1.721982425326528	0.5656948395796237	0.5747118380338379
2.7817825049049048	1.7232755947549787	0.5691524917624018	0.5748999599625856
2.7887895107107106	1.7240482164074966	0.5724127277281235	0.574801806905685
2.7957965165165164	1.7242265197744282	0.575440640162041	0.574374667195636
2.802803522322322	1.7237132231326024	0.578196224332124	0.5735616268229462
2.809810528128128	1.7224109446792517	0.580636850710049	0.5723068251856593
2.816817533933934	1.7202146271360992	0.5827107509429705	0.5705475893608358
2.8238245397397397	1.7169854530134367	0.584357331775269	0.5682028241562199
2.8308315455455455	1.7125855025520496	0.5855129992201455	0.5651919213204606
2.8378385513513513	1.7068574410291335	0.5861065384100316	0.5614224722107395
2.844845557157157	1.6996323821514696	0.5860592089028642	0.5567947888362103
2.851852562962963	1.6907277224271113	0.5852867644510344	0.5512015196118741
2.858859568768769	1.679940455263877	0.5836944790723947	0.544526028495556
2.8658665745745746	1.6670690467813003	0.5811874129293305	0.536650929846958
2.8728735803803804	1.6518941132404978	0.5776620342804305	0.5274478702875669
2.8798805861861863	1.6342643736147198	0.573036796686208	0.516828960961825
2.886887591991992	1.6139311754216517	0.5672018198304619	0.5046512105135211
2.893894597797798	1.5907545858952377	0.5600793129723703	0.4908362575991668
2.9009016036036037	1.564668888350103	0.5516270841879934	0.4753514086220319
2.9079086094094095	1.5356145899683296	0.5418082861480543	0.45816874877493463
2.9149156152152154	1.5036159316438777	0.5306213788201619	0.4393123958046828
2.921922621021021	1.4688275461962252	0.5181270295619579	0.4188862184228378
2.928929626826827	1.4315696267203342	0.5044507859072104	0.397094103903158
2.935936632632633	1.3923170359891675	0.4897988176777918	0.37423476326352734
2.9429436384384386	1.3515824205752829	0.47439599277405947	0.35063126348537904
2.949950644244244	1.3102623400910665	0.4586372925297408	0.32683405672987237
2.95695765005005	1.269193081926469	0.4428975910524522	0.3033621069327072
2.9639646558558557	1.2295168396313958	0.4276939973738792	0.2809082771111024
2.9709716616616615	1.1922298531185656	0.4134857427951864	0.26008617369950116
2.9779786674674673	1.1584753728679758	0.4007940410869526	0.24158450127301637
2.984985673273273	1.1293172086950558	0.39010564608561143	0.22603687061218225
2.991992679079079	1.1055230635609385	0.38178556436998523	0.2139006946012126
2.9989996848848848	1.087760697620994	0.37614209224562706	0.2055567421967145
3.0060066906906906	1.0762822790320425	0.3732835745341137	0.2011303382620224
3.0130136964964964	1.0712425018704494	0.37330840502632784	0.2006857643669975
3.0200207023023022	1.0722805955766523	0.37604648785712125	0.20397228205301138
3.027027708108108	1.0788325957982403	0.3812378288469871	0.21060818844082208
3.034034713913914	1.0901088603444942	0.38851605075491213	0.2200733692587513
3.0410417197197197	1.1052206161394886	0.3974765873475382	0.2318023129156886
3.0480487255255255	1.123199522149809	0.4076707626958127	0.24517659870004704
3.0550557313313313	1.1430514254358168	0.4186361137836046	0.25956501463754456
3.062062737137137	1.163896488068294	0.4299670928240829	0.2744178818791746
3.069069742942943	1.1849810676190864	0.44131821002716715	0.28926829270984117
3.076076748748749	1.2056358455996972	0.45237994527970077	0.3037041461157826
3.0830837545545546	1.225370738381322	0.4629307551203198	0.3174295954040901
3.0900907603603605	1.243798951990917	0.47279486743279003	0.3302125959607714
3.0970977661661663	1.260709862621488	0.481881891030124	0.34193542447850794
3.104104771971972	1.2759493619325442	0.4901245908804311	0.35251300293554033
3.111111777777778	1.2894930850041506	0.49751863600635127	0.3619453978613802
3.1181187835835837	1.3013711781375568	0.5040845607743114	0.37026546203092137
3.1251257893893896	1.3116584678085976	0.5098625550418464	0.37753231711030794
3.1321327951951954	1.3204515984579681	0.5149015000973146	0.383817405618214
3.139139801001001	1.3279069969164943	0.519281950378761	0.389232190669211
3.146146806806807	1.3341557651213125	0.5230681949635119	0.3938670018915292
3.1531538126126124	1.339341762911453	0.5263309882467807	0.39781868793522923
3.1601608184184182	1.3436136768414448	0.5291448622889625	0.4011879061004233
3.167167824224224	1.3470994279870134	0.5315712012969334	0.40405869266734795
3.17417483003003	1.3499208874240995	0.533670566614583	0.40651337388701314
3.1811818358358357	1.3521809858359335	0.5354924071245685	0.40861835349944137
3.1881888416416415	1.3539800252050336	0.5370869396511732	0.4104409377475938
3.1951958474474473	1.3553989063552598	0.5384911250517745	0.412031176017831
3.202202853253253	1.3565117800204933	0.5397427366370093	0.4134384377442645
3.209209859059059	1.3573798947958506	0.5408707084155292	0.4147004112298369
3.216216864864865	1.358053017454006	0.541900259313371	0.41584982946244503
3.2232238706706706	1.358571858314261	0.5428499996219375	0.41691073322077493
3.2302308764764764	1.358973584187056	0.5437388929663758	0.4179070515971918
3.2372378822822823	1.3592836566438198	0.5445775750664988	0.4188525949748361
3.244244888088088	1.359523999928589	0.5453772331865193	0.41976146248425855
3.251251893893894	1.3597167528292176	0.5461498215009655	0.42064780292742654
3.2582588996996997	1.35987075842545	0.5468986754577366	0.42151633243048015
3.2652659055055056	1.3599994050796456	0.5476307902522783	0.4223741816132001
3.2722729113113114	1.3601104344506394	0.5483502444897107	0.4232251586040415
3.279279917117117	1.3602045085282308	0.5490580396436637	0.42407012644795383
3.286286922922923	1.360288838133381	0.5497568369720174	0.4249117353516121
3.293293928728729	1.3603560093797902	0.5504428169396839	0.42574453539577295
3.3003009345345347	1.3604090339059136	0.5511177700203991	0.42656966185715367
3.3073079403403405	1.3604512688071868	0.5517841274933184	0.42738835794177865
3.3143149461461463	1.3604732087335862	0.5524378992996093	0.4281962859730867
3.321321951951952	1.3604795163104069	0.5530802244745432	0.42899287057437235
3.328328957757758	1.360462178437116	0.5537087962242064	0.42977561853637447
3.3353359635635638	1.3604211336752698	0.5543223051163162	0.43054159689110866
3.3423429693693696	1.360349771667556	0.5549175177478918	0.4312876096390956
3.349349975175175	1.360254886594614	0.5554995993147066	0.4320180700816283
3.356356980980981	1.3601308950525612	0.5560654564827078	0.43272934265526863
3.3633639867867866	1.3599726115532822	0.5566112213310556	0.4334172794001845
3.3703709925925924	1.359787591464761	0.5571419320804953	0.4340870724382282
3.3773779983983983	1.3595730710589937	0.5576560209818178	0.43473670739708015
3.384385004204204	1.3593252779984937	0.5581523497885793	0.4353651451577455
3.39139201001001	1.3590528755796307	0.5586334524947031	0.43597488246405913
3.3983990158158157	1.3587519493962568	0.5590992176591809	0.43656706235345816
3.4054060216216215	1.3584249151400942	0.5595503524173447	0.43714256725904976
3.4124130274274274	1.3580690948267955	0.5599854063664171	0.43770067138691787
3.419420033233233	1.3577015298339243	0.5604123812327194	0.4382500445037623
3.426427039039039	1.3573181591503642	0.5608298221997213	0.43879091015996374
3.433434044844845	1.3569241747169027	0.5612401144813446	0.4393274827892462
3.4404410506506506	1.3565244542878432	0.5616445776524384	0.43986261295696644
3.4474480564564565	1.3561230002945717	0.5620457143093275	0.440400981332956
3.4544550622622623	1.355723483219185	0.5624451717848117	0.4409458220090272
3.461462068068068	1.355333994301878	0.5628470102795418	0.4415038938746706
3.468469073873874	1.354958329352547	0.5632527143187495	0.4420785367770088
3.4754760796796798	1.3546034577243649	0.5636656587471447	0.44267502335566694
3.4824830854854856	1.3542750685022404	0.5640880664178017	0.44329673764795274
3.4894900912912914	1.3539769123950043	0.5645211821746009	0.44394621526007416
3.496497097097097	1.3537134622932814	0.5649674762334974	0.4446280738778167
3.503504102902903	1.3534792500707695	0.5654228148991721	0.44533905004303437
3.510511108708709	1.3533031753486284	0.5659024744670331	0.4460972377769756
3.5175181145145147	1.3531780184306725	0.5664029688888716	0.4469009159795775
3.5245251203203205	1.3531076118340248	0.5669253056099791	0.4477519677761428
3.5315321261261263	1.353094142769953	0.5674702205729456	0.4486526083219806
3.538539131931932	1.353139674132076	0.5680395504866873	0.4496063636610595
3.5455461377377375	1.3532469490059416	0.5686340738305369	0.4506145973869479
3.5525531435435433	1.3534200042152669	0.5692555698030273	0.45167961233710346
3.559560149349349	1.3536587794007435	0.5699040571616162	0.4528019304256158
3.566567155155155	1.3539653295006386	0.5705800541529179	0.45398254543832717
3.573574160960961	1.3543393171953784	0.5712842690112419	0.45522310600774785
3.5805811667667666	1.3547817553999884	0.5720155910628499	0.45652077154549336
3.5875881725725725	1.3552906514447227	0.5727748511509891	0.4578779151977835
3.5945951783783783	1.3558631501321612	0.5735594863866825	0.45929028662834154
3.601602184184184	1.3564991945464682	0.5743706032901972	0.46075990281060136
3.60860918998999	1.357195460105746	0.5752063663697535	0.4622838192700207
3.6156161957957957	1.357948615346946	0.5760651948327828	0.4638590462473366
3.6226232016016016	1.3587555863371532	0.5769460581130039	0.4654838307258834
3.6296302074074074	1.3596111603514953	0.5778466210106432	0.4671545496209315
3.636637213213213	1.3605089351438011	0.5787637704916395	0.4688667174600339
3.643644219019019	1.3614415448486021	0.5796939756524182	0.47061458712576104
3.650651224824825	1.3624040235401775	0.5806356877316414	0.4723962294160935
3.6576582306306307	1.3633882451031543	0.5815847284833829	0.4742052148335566
3.6646652364364365	1.3643870372312923	0.5825380253481635	0.47603655594965977
3.6716722422422423	1.3653878921781675	0.5834901747040967	0.47788280936702354
3.678679248048048	1.3663818402084678	0.5844368411580328	0.47973643241994623
3.685686253853854	1.3673602990531142	0.5853738482788556	0.4815902306678274
3.6926932596596598	1.3683075649530625	0.5862945798141823	0.48343673476439697
3.6997002654654656	1.369213186486051	0.5871947251279777	0.4852697574004959
3.7067072712712714	1.3700572807336646	0.5880636669115809	0.4870732461233548
3.7137142770770772	1.370827487091624	0.5888969796026748	0.4888413172765607
3.720721282882883	1.3715026460727773	0.5896848357402824	0.4905610068235276
3.727728288688689	1.3720603654083767	0.5904160993664308	0.4922163607311312
3.7347352944944947	1.3724793648861071	0.5910817379958918	0.49379589424483716
3.7417423003003	1.3727281297777874	0.5916672118943485	0.4952809229665539
3.748749306106106	1.3727790628553616	0.5921591458381823	0.49665168951164884
3.7557563119119117	1.3725926509869135	0.5925396605803591	0.4978859050839498
3.7627633177177175	1.372135819194926	0.5927938399734918	0.49896381637567916
3.7697703235235234	1.3713560898786008	0.5928969257931523	0.49985291285601574
3.776777329329329	1.370209029882963	0.5928280326456599	0.5005249711666868
3.783784335135135	1.3686322487381317	0.5925586017175462	0.5009437570497278
3.790791340940941	1.3665574781849752	0.5920563112569994	0.5010666169780013
3.7977983467467467	1.3639101047664668	0.5912874036009799	0.5008508258045051
3.8048053525525525	1.3605991332304632	0.5902090496605131	0.5002405514872771
3.8118123583583583	1.3565283902800902	0.5887770205626826	0.4991782696754742
3.818819364164164	1.3515817698599564	0.5869373676153617	0.4975946413018274
3.82582636996997	1.3456405888555834	0.5846351897694863	0.49541784532356314
3.8328333757757758	1.3385729796207766	0.5818087209835117	0.4925676655295135
3.8398403815815816	1.3302188054303772	0.5783839544980747	0.4889491127703986
3.8468473873873874	1.3204145234188474	0.5742858582917849	0.484465049752025
3.8538543931931932	1.3089830582896516	0.5694319943172257	0.4790087558725211
3.860861398998999	1.2957489326083518	0.5637419272769681	0.47247637337707504
3.867868404804805	1.2804854167332453	0.5571115147710398	0.4647350185743053
3.8748754106106107	1.2630493553803348	0.5494747636597761	0.45569771578618345
3.8818824164164165	1.2432390935745452	0.5407393351914529	0.44524642903187295
3.8888894222222223	1.2208696718420957	0.5308227022775114	0.4332769455245511
3.895896428028028	1.195837277783909	0.5196775883701521	0.41972823965312467
3.902903433833834	1.1680880886921783	0.507282576238004	0.40457461708180625
3.90991043963964	1.137540819508599	0.4936034830771345	0.38777713014188175
3.9169174454454456	1.1043573347192728	0.47871955002389255	0.3694409638568417
3.9239244512512514	1.0687468444759565	0.462730880957599	0.34970078533943116
3.9309314570570573	1.0309847573452644	0.4457727107270291	0.3287413254927391
3.9379384628628626	0.9916653430346992	0.4281218420249375	0.3069266751039455
3.9449454686686685	0.9513505349686057	0.41004669366403534	0.28461846090922394
3.9519524744744743	0.9108961660493554	0.3919437304170713	0.2623419227350844
3.95895948028028	0.8712856968625101	0.3742723087891454	0.24070708031625393
3.965966486086086	0.8335709468226961	0.35751423581739133	0.2203551164991811
3.9729734918918918	0.7988343643847794	0.34216941136697554	0.20195467662424282
3.9799804976976976	0.7681451720933218	0.32872124272511266	0.18615224932233038
3.9869875035035034	0.7424674858044217	0.3176014616096363	0.17352764125151612
3.993994509309309	0.7225795629967111	0.3091509327840292	0.16454188523135366
4.0010015151151155	0.7089289647162211	0.30354734995582	0.1594432565672111
4.008008520920921	0.70186209293657	0.3009297296342275	0.15841673664430578
4.015015526726727	0.7012298818884524	0.30119993953334584	0.16134906954063016
4.0220225325325325	0.7066321866529381	0.3041450631980321	0.16796555388409018
4.029029538338339	0.7174462897312888	0.3094537042309168	0.17786466214206811
4.036036544144144	0.7328553174239316	0.3167284949058431	0.19052528349763465
4.0430435499499495	0.7518912106514671	0.32550730563528857	0.20533133748300947
4.050050555755756	0.7735978343197198	0.3353418337326056	0.22168602998891695
4.057057561561561	0.7970483794729861	0.34580183828185873	0.23901374709196313
4.064064567367367	0.8212862793878178	0.3564516092857942	0.2567131927991296
4.071071573173173	0.8455732043495703	0.3669601946311627	0.2743316122769327
4.078078578978979	0.8693306012602872	0.3770720119923745	0.2915220420821457
4.0850855847847845	0.89201067670511	0.3865525132912325	0.30794434267783344
4.092092590590591	0.9132876311721199	0.39526727545171203	0.32340908172501387
4.099099596396396	0.9329132372190012	0.40312029658621995	0.3377705389417534
4.106106602202202	0.950805885358215	0.41008842183109406	0.3509936365239096
4.113113608008008	0.9669001445153453	0.41615917860546264	0.3630455554679877
4.120120613813814	0.9812630822864541	0.42137451731540765	0.37398351545943753
4.127127619619619	0.9939639541896396	0.42577877942411446	0.38386056329793544
4.134134625425426	1.0051249667850888	0.42943767185031484	0.3927627898000266
4.141141631231231	1.0148514209679897	0.4324109230139939	0.4007611895691111
4.148148637037037	1.023308368343437	0.43477805175757805	0.40796943123716556
4.155155642842843	1.0306209019315546	0.4366026868674673	0.41447054621788393
4.162162648648649	1.0369266126019703	0.43795147227076314	0.4203550577148445
4.169169654454454	1.0423354943536174	0.4388810731658984	0.4256909923874671
4.176176660260261	1.0469654896852905	0.4394461290681063	0.43055593059437003
4.183183666066066	1.0509129271375968	0.43969411998661656	0.4350091762422127
4.190190671871872	1.0542642285570165	0.43966670529526286	0.43910369646575936
4.197197677677678	1.0571018863642545	0.43940017749589166	0.4428941142413965
4.204204683483484	1.0594830932000285	0.4389248211459056	0.4464112744652343
4.211211689289289	1.0614729340157028	0.43826953032685245	0.4496969126713024
4.2182186950950955	1.0631182511840378	0.4374582696223382	0.4527765975767213
4.225225700900901	1.0644679055430248	0.4365092447915789	0.45568585960489477
4.232232706706707	1.0655552930798629	0.43544427214112136	0.4584363249011034
4.2392397125125125	1.0664240758530508	0.43427903980125737	0.46106057869223505
4.246246718318318	1.067098436788137	0.43302743557411333	0.4635696546678589
4.253253724124124	1.0676162234438	0.4317032116004291	0.4659914892865316
4.2602607299299295	1.0679958310909405	0.43031819584148984	0.46833299003957474
4.267267735735736	1.0682714490700955	0.42888433731857084	0.4706204117566358
4.274274741541541	1.068455680391636	0.42741054304491904	0.47285689981275986
4.2812817473473475	1.0685820582138226	0.4259100140146002	0.4750663196818938
4.288288753153153	1.0686573819945253	0.4243866429972945	0.47725105238964294
4.295295758958959	1.0687138649021082	0.4228531899443065	0.479434222973928
4.3023027647647645	1.0687539944639717	0.4213097922933673	0.4816183643460722
4.309309770570571	1.0688073593035787	0.41976986541344824	0.48382250121685627
4.316316776376376	1.0688734929122854	0.41823334960942254	0.4860451630513489
4.323323782182182	1.0689785535925216	0.4167110178934686	0.4883045180276573
4.330330787987988	1.069116984190838	0.4151999735121483	0.4905955841957175
4.337337793793794	1.06930274117585	0.41370505716925166	0.49292864592579766
4.344344799599599	1.0695548723872295	0.4122349580205241	0.4953149714008394
4.351351805405406	1.069850369276823	0.41078029329763316	0.49773633251621163
4.358358811211211	1.0702124882194295	0.4093483893312371	0.5002123949010198
4.365365817017017	1.0706114936851574	0.40793044507602794	0.5027148826150326
4.372372822822823	1.0710548069332224	0.4065276440303834	0.5052504894569126
4.379379828628629	1.071553433100188	0.4051418770587075	0.5078301310427097
4.386386834434434	1.0720610210094799	0.4037606507610732	0.5104097678159824
4.393393840240241	1.072585995712968	0.4023819118669111	0.513002888487954
4.400400846046046	1.0731403282785743	0.40101408127260807	0.515613483928244
4.407407851851852	1.0736690250214729	0.39963563483638	0.5181994122333087
4.414414857657658	1.0741847425259383	0.3982514346817744	0.5207704381566663
4.421421863463464	1.0746778344665378	0.3968585574636473	0.5233190555432575
4.428428869269269	1.0751737743280492	0.39546600562394507	0.5258672099514377
4.435435875075075	1.0755967466828622	0.3940489755711174	0.5283500775278701
4.442442880880881	1.0759694422051822	0.39261570983938776	0.5307873791109683
4.449449886686686	1.0762851100206292	0.39116186456715274	0.5331779065409639
4.4564568924924925	1.0765346783640108	0.38968657844364635	0.5355124768025504
4.463463898298298	1.0767107047091522	0.3881879440051824	0.5377849955115769
4.470470904104104	1.0768045830033488	0.3866637158155168	0.5399890771962803
4.47747790990991	1.0768089870384336	0.38511202216739904	0.5421192744801302
4.484484915715716	1.0767167618575462	0.38353127153744965	0.5441701335396657
4.491491921521521	1.0765210708779283	0.38191995950163726	0.5461369670281584
4.4984989273273275	1.0762117988492208	0.38027538675483263	0.548012675354475
4.505505933133133	1.075864915188027	0.3786266693074779	0.5498559116318482
4.512512938938939	1.0753093981786832	0.3769121458042649	0.5515342803671737
4.5195199447447445	1.0746170416002603	0.3751581073476186	0.5531068594869541
4.526526950550551	1.0737856136576294	0.37336797251959725	0.5545684266134364
4.533533956356356	1.0727976748936325	0.3715340340244042	0.5559096728159459
4.540540962162162	1.0716452933373075	0.36965513636602015	0.5571248028191488
4.547547967967968	1.0703403908871403	0.36773760847334364	0.5582224699772198
4.554554973773774	1.068867243451913	0.36577562189190926	0.5591926856991728
4.561561979579579	1.067229774613244	0.3637744279401334	0.5600355396115243
4.568568985385386	1.0654280029095131	0.36173119936558085	0.5607575034487073
4.575575991191191	1.0634679747017388	0.35965272463228826	0.5613586966366929
4.582582996996997	1.0613433623781279	0.3575357284834073	0.5618381385116175
4.589590002802803	1.0590573776551333	0.355383833019136	0.5621967688669555
4.596597008608609	1.056606224800393	0.35319650521694584	0.5624335528008672
4.603604014414414	1.05398658990144	0.3509721323432773	0.5625493006579927
4.610611020220221	1.0512015763110372	0.34871395375920583	0.5625450714315875
4.617618026026026	1.0482517914076896	0.3464242690294493	0.5624196840109861
4.624625031831832	1.0451349385736373	0.344103724345616	0.5621715628859023
4.631632037637638	1.0418407833403456	0.3417476079380614	0.5617976510032453
4.638639043443443	1.038368405311021	0.33935851332951295	0.5612950953561241
4.645646049249249	1.0347101218059103	0.33693501882822696	0.560658364026712
4.652653055055055	1.0308620998952698	0.33447668182684265	0.5598864632939189
4.659660060860861	1.0268222606566784	0.33198612900079444	0.5589743102758302
4.666667066666666	1.0225731017563644	0.32945498976830034	0.557915742610978
4.673674072472473	1.0181189436284153	0.32688849624667166	0.5567093947312538
4.680681078278278	1.0134565377862	0.3242872844168661	0.5553530520825025
4.687688084084084	1.0085836474753196	0.32165225158141136	0.55384529130521
4.69469508988989	1.0034873674286384	0.3189785178035858	0.5521814022949226
4.701702095695696	0.9981787724016972	0.3162733548988024	0.550364940001716
4.708709101501501	0.9926539881350126	0.3135359325207089	0.5483955522341213
4.7157161073073075	0.986911890748526	0.31076777123137045	0.5462711458721239
4.722723113113113	0.9809540892054407	0.3079699193934313	0.5439952688650352
4.729730118918919	0.9747782787871315	0.30514268140952433	0.5415675365970664
4.7367371247247245	0.9683980057693045	0.3022918426714558	0.538997288426109
4.743744130530531	0.9617784850319275	0.2994087403190373	0.5362598598572204
4.750751136336336	0.9549717713618561	0.2965103383586209	0.5333920533166202
4.757758142142142	0.9479410822407539	0.29358725373654265	0.5303675122675576
4.764765147947948	0.9407145031967137	0.2906478845177996	0.527208186567038
4.771772153753754	0.9332809894329441	0.2876914843534535	0.5239040468964264
4.7787791595595595	0.9256384639195635	0.2847162536817837	0.5204594406505274
4.785786165365366	0.9177905191525028	0.2817256825939036	0.5168731097566803
4.792793171171171	0.9097545339025631	0.27872566476683186	0.513155386963597
4.799800176976977	0.9015027725656467	0.27570817480692134	0.5092915360695196
4.806807182782783	0.8930290547173804	0.2726748179116776	0.5052720499703001
4.813814188588589	0.8843901851022217	0.26963959388196235	0.5011413204503794
4.820821194394394	0.8755510063167332	0.26659419960919745	0.49687334710942505
4.8278282002002	0.8665100983155243	0.26354089438186534	0.4924655635992753
4.834835206006006	0.8572837653148468	0.26048342543561676	0.4879319855997716
4.841842211811811	0.8479121822865117	0.2574337601804341	0.4832987824599846
4.848849217617618	0.83837430277916	0.2543863425760871	0.4785554500424628
4.855856223423423	0.8286534856094389	0.25133970699544	0.47368486803551724
4.862863229229229	0.8188458084390633	0.24831536066826917	0.46876262581649353
4.869870235035035	0.8088814704945215	0.24529919905923359	0.46373513711523084
4.876877240840841	0.7988894542937235	0.24231995550744426	0.4586942897215555
4.883884246646646	0.7885142542752789	0.2393060195809	0.4533825287749517
4.890891252452453	0.7779118186864927	0.2363005914580091	0.4479285329317488
4.897898258258258	0.7673413089520387	0.23335975155908675	0.4425126119949245
4.904905264064064	0.7567684853479952	0.23046985450559704	0.43711553503654443
4.91191226986987	0.7462230730043371	0.22763480108868184	0.43175001394720813
4.918919275675676	0.7357158044578092	0.2248528183217224	0.42642359800761803
4.925926281481481	0.7252647150499586	0.22212525541910505	0.4211473591149863
4.9329332872872875	0.714876438801217	0.21945186966695987	0.4159221864684627
4.939940293093093	0.7046083299148935	0.2168384567469918	0.41078986248262944
4.946947298898899	0.6944099742158404	0.21427212300190554	0.4057111167986683
4.9539543047047045	0.6843345055948608	0.21176129797781712	0.40071700319911824
4.960961310510511	0.6743707352891547	0.20929729756383592	0.3958044757276852
4.967968316316316	0.6645056423551563	0.20687727102061765	0.3909580190755579
4.9749753221221225	0.6547272550184748	0.20449538481100415	0.386168045314117
4.981982327927928	0.6450448086078969	0.20214827309524352	0.3814380586484093
4.988989333733734	0.6354379567694826	0.199831852009812	0.37674883122461095
4.9959963395395395	0.6258878597019623	0.19754313903759518	0.37208655376867694
5.003003345345346	0.6163861235197752	0.1952701194666084	0.36744442859080045
5.010010351151151	0.6069211920852786	0.19301653484735884	0.36280860553859456
5.017017356956957	0.5974923958386593	0.19078027206343956	0.3581788584450718
5.024024362762763	0.5880762526673361	0.1885545504163651	0.35353858461819965
5.031031368568568	0.5786723969728768	0.1863384098496199	0.34888543145593537
5.038038374374374	0.5692713442350449	0.18412951271430564	0.34421184930393334
5.04504538018018	0.5598621077624044	0.18192449256734744	0.33950837138999834
5.052052385985986	0.5504427216907142	0.17972324049932764	0.33477260113017293
5.059059391791791	0.5409930739958151	0.17752046222062645	0.32999187883269465
5.066066397597598	0.5315096051911476	0.17531528611679525	0.3251615952942142
5.073073403403403	0.521989970906959	0.17310703464883606	0.32027638736470326
5.080080409209209	0.5124205501257727	0.17089259084747546	0.3153291734591213
5.087087415015015	0.5028015969664796	0.16867212698337564	0.3103191466393475
5.094094420820821	0.4931266746046109	0.1664440566749531	0.30523996145502436
5.101101426626626	0.4833794896667328	0.16420489840353095	0.3000830444163765
5.108108432432433	0.4735749289484669	0.1619581175158437	0.2948556462473334
5.115115438238238	0.4636979993448858	0.15970018724747098	0.289547553452587
5.122122444044044	0.4537582904338405	0.15743376843733847	0.28416385745888456
5.12912944984985	0.44372518226582996	0.15515276801035738	0.27868837100399685
5.136136455655656	0.43362207682814496	0.1528628667441242	0.27313249237978987
5.143143461461461	0.42343395612688495	0.1505611203214753	0.26748780234027275
5.1501504672672676	0.41316115287866156	0.14824864296137752	0.26175543880968793
5.157157473073073	0.4028088907962366	0.1459271818280721	0.255937758484768
5.164164478878879	0.39238676357219293	0.14359965763356367	0.2500420359049852
5.171171484684685	0.3818949289679922	0.141266207657626	0.24407059419532712
5.178178490490491	0.3713303704966262	0.13892722516864608	0.23802219630030463
5.185185496296296	0.36069788202996766	0.13658470578342918	0.23190026677728912
5.1921925021021025	0.35001654771181906	0.13424277574081284	0.22571745247478076
5.199199507907908	0.3392718223793031	0.13189866495468083	0.219467314374432
5.206206513713714	0.32848755447333905	0.1295585843399248	0.21316355645398966
5.2132135195195195	0.31764631495435947	0.12721919336973486	0.2067981791488439
5.220220525325326	0.306767194462118	0.12488485387451037	0.20038420716238753
5.227227531131131	0.2958780694902801	0.12256183352277719	0.19394065312334058
5.2342345369369365	0.28493430027889377	0.12024147736164918	0.18744103180711605
5.241241542742743	0.2739821533843809	0.11793384935013156	0.18091479386677733
5.248248548548548	0.26301187285669947	0.1156370057748637	0.17435850470454545
5.255255554354354	0.2520428146304266	0.11335574248667592	0.16778502244493623
5.26226256016016	0.2410700393131528	0.11108901176408449	0.16119275113922477
5.269269565965966	0.23008879781895575	0.10883626502325909	0.1545798530276232
5.2762765717717715	0.21913367768359826	0.10660463919345134	0.14796969815286873
5.283283577577578	0.20818691230074796	0.10439088133598158	0.14135245338471011
5.290290583383383	0.19725098116366988	0.1021955670115737	0.1347311740229304
5.297297589189189	0.18635100826197487	0.10002372624211295	0.12812300384166406
5.304304594994995	0.17547388804234507	0.09787334026824066	0.12152068844067787
5.311311600800801	0.16463507481053824	0.09574740820668047	0.11493506693039597
5.318318606606606	0.15383723409547972	0.09364659195021582	0.10836950360349609
5.325325612412413	0.14309600383097257	0.09157411426770042	0.10183500483569097
5.332332618218218	0.13239948916344355	0.08952791866294599	0.09532541984035303
5.339339624024024	0.1217561970647471	0.0875097916580835	0.08884633895080417
5.34634662982983	0.11118083726259696	0.08552204557552436	0.08240952985977018
5.353353635635636	0.1006692762257149	0.0835643064864254	0.07601310775928212
5.360360641441441	0.09023418008735608	0.08163845044484003	0.06966712622799684
5.367367647247248	0.07986860228550519	0.07974340082176669	0.06336713410747133
5.374374653053053	0.06958368474235455	0.07788115446825628	0.05712133347130502
5.381381658858859	0.05938328303775888	0.07605227333481529	0.05093402007444276
5.388388664664665	0.04929012785069972	0.07426069838277805	0.04482016066670859
5.395395670470471	0.03926636697892361	0.07249981093466866	0.038757309233787667
5.402402676276276	0.02934981578871908	0.07077617134739601	0.03276933110651498
5.4094096820820825	0.01954686099306338	0.06909033671029316	0.026861870119361187
5.416416687887888	0.009833157955884724	0.06743827601149345	0.02102115653611597
5.423423693693693	0.000252811905550904	0.06582712088718348	0.015275290451970293
5.4304306994994995	-0.009218926205757011	0.06425235827140251	0.009610323253984329
5.437437705305305	-0.01857627270045739	0.06271474851675267	0.004030531588909538
5.444444711111111	-0.027795749262562355	0.06121777990367311	-0.0014487625993484937
5.4514517169169165	-0.036909637775237494	0.059756441765576464	-0.00684699145250649
5.458458722722723	-0.04588193142870955	0.058335915189254274	-0.012141101599779448
5.465465728528528	-0.05469497160947378	0.05695800433216583	-0.017317356163909264
5.4724727343343345	-0.0633841375723436	0.05561750311168455	-0.0223988348210198
5.47947974014014	-0.07193803986384986	0.05431608863206645	-0.027378129460301395
5.486486745945946	-0.08030315817919506	0.053059520363081335	-0.03221702573039686
5.4934937517517515	-0.08852875269592259	0.05184062524462339	-0.03694903255089291
5.500500757557558	-0.09673737286645322	0.050643016588379115	-0.041655477717204216
5.507507763363363	-0.10472109757329129	0.049500889056721925	-0.04620420291742964
5.514514769169169	-0.1125124291366028	0.04840155521627702	-0.050607840900558455
5.521521774974975	-0.12014551176627893	0.047341559669316566	-0.05489092114946307
5.528528780780781	-0.12762549178798802	0.04632015135914619	-0.05905639571096802
5.535535786586586	-0.134937160486391	0.045339147269217034	-0.06309534212984028
5.542542792392393	-0.1420969848244768	0.04439578411806931	-0.06701640971817024
5.549549798198198	-0.1490950104632926	0.043490929858415295	-0.07081400867257154
5.556556804004004	-0.15592411369157055	0.04262494576872629	-0.07448386765789383
5.56356380980981	-0.16258976303813125	0.04179664819598309	-0.07802944864432404
5.570570815615616	-0.16908451612790154	0.041006343407407934	-0.08144686191020696
5.577577821421421	-0.17542266317366895	0.04025157929477546	-0.08474228078744589
5.584584827227228	-0.18158546579572687	0.03953443799946247	-0.08790901684732227
5.591591833033033	-0.18760898169444584	0.03885080705010168	-0.09096436501669189
5.598598838838839	-0.19344759764656536	0.03820419004248602	-0.0938855573136097
5.605605844644645	-0.19911934612623594	0.0375920790849006	-0.09668173716490275
5.612612850450451	-0.2046426216209517	0.03701302360794442	-0.09936217979176643
5.619619856256256	-0.2099927926590804	0.036468083076205644	-0.10191643269968377
5.626626862062062	-0.21518194694730663	0.03595568744125767	-0.10434967948554444
5.633633867867868	-0.2202061508138243	0.03547565340846357	-0.10666159239858443
5.640640873673673	-0.2250654972060771	0.035027306355333646	-0.10885237496046568
5.6476478794794795	-0.22976083671240244	0.034608902482906816	-0.11092303845362467
5.654654885285285	-0.23430837296972812	0.03421739429572119	-0.11288151563267611
5.661661891091091	-0.23868958764260395	0.03385407038592348	-0.11472090035660575
5.668668896896897	-0.2429113351686113	0.0335181024789809	-0.11644468022572205
5.675675902702703	-0.24697266857037514	0.033208884878322006	-0.11805230613237601
5.682682908508508	-0.2508592919789257	0.03292718290114607	-0.11953927350992778
5.6896899143143145	-0.2545720233721512	0.03267213405674657	-0.12090617846721866
5.69669692012012	-0.2581078410999222	0.032443222658384355	-0.1221519191105878
5.703703925925926	-0.2614529720839774	0.032240573524609746	-0.12327121166948257
5.7107109317317315	-0.26459695817068973	0.03206418756741736	-0.1242590749917626
5.717717937537538	-0.26754478818213107	0.03191162177729264	-0.1251204814028693
5.724724943343343	-0.2702721364514892	0.03178369089376974	-0.1258405771987389
5.731731949149149	-0.2727560748096111	0.031680891717265215	-0.12640876801404238
5.738738954954955	-0.27497632947889733	0.03160356326819511	-0.1268158860854066
5.745745960760761	-0.276896695758046	0.0315530088812773	-0.12704110121642326
5.752752966566566	-0.27851023972149197	0.0315278453816983	-0.1270853393075531
5.759759972372373	-0.27975551458058007	0.03153049862025949	-0.12691318910540333
5.766766978178178	-0.2806056285192847	0.03156023297596546	-0.12651438801541273
5.773773983983984	-0.2810080695128542	0.03161844549745639	-0.12586025798500705
5.78078098978979	-0.28090603512822043	0.03170545748585261	-0.12492375145807584
5.787787995595596	-0.28021846315466936	0.03182333123790778	-0.12365613518805577
5.794795001401401	-0.27889522014159357	0.03197133836954335	-0.12203956037453718
5.801802007207208	-0.27682257345375055	0.03215160060609766	-0.12000886719266278
5.808809013013013	-0.2739093461783595	0.032365093722358206	-0.11751763111509667
5.815816018818818	-0.27004175603687763	0.03261199082634647	-0.11450767095297035
5.822823024624625	-0.2650865722884737	0.032894438451567067	-0.11090676490757148
5.82983003043043	-0.2589748908464528	0.033207797111846474	-0.1066912631933065
5.836837036236236	-0.25149267637248995	0.03355477616510663	-0.10173439494756968
5.843844042042042	-0.24246046943831479	0.03393643153766182	-0.09594315652799748
5.850851047847848	-0.23167161448433873	0.03435347719457613	-0.08920800379097318
5.857858053653653	-0.21890544189900007	0.034806903041553934	-0.08141102966915009
5.86486505945946	-0.20404191674671418	0.03529157675289672	-0.07250340841203756
5.871872065265265	-0.18679294196249918	0.0358074350807811	-0.062326483324903155
5.878879071071071	-0.16699640173118915	0.036350067071842324	-0.05080224392095354
5.885886076876877	-0.1444165086694928	0.03691647144160162	-0.03780893250837623
5.892893082682683	-0.11894360937681242	0.03749985028917601	-0.023298955777531893
5.899900088488488	-0.09045747038164859	0.038093499891079914	-0.007217722304711582
5.9069070942942945	-0.058876812739998265	0.03868966079317393	0.010466572618468962
5.9139141001001	-0.024340046864722856	0.0392771658548796	0.02966178576396893
5.920921105905906	0.013034586325646523	0.03984647530167567	0.05028919284315777
5.9279281117117115	0.052939266848615954	0.040385720411680155	0.072162175836115
5.934935117517518	0.09483858901135633	0.040882658733785056	0.09497105875585862
5.941942123323323	0.13815496842218333	0.04132712148515598	0.11838078732720968
5.948949129129129	0.1819352175555529	0.041707893968904654	0.14185637645517724
5.955956134934935	0.22522902621767765	0.04201785525999998	0.1648616287077759
5.962963140740741	0.26694447913536423	0.042252454334732105	0.18678660427340849
5.9699701465465465	0.3057462466547438	0.042409876990585314	0.20689352985714982
5.976977152352353	0.34053667868115073	0.04249369083721829	0.22457731475405615
5.983984158158158	0.36923601999285416	0.04249685682644719	0.2386888397785076
5.990991163963964	0.39262033725466705	0.042449531807535676	0.24972384198428588
5.99799816976977	0.4073165142661762	0.04233272393950079	0.25581118434651623
6.005005175575576	0.41760194335807843	0.04220440602801247	0.2593873730431495
6.012012181381381	0.41930784430740875	0.04203686075343196	0.2581568771978282
6.019019187187187	0.41431772601497685	0.04185345894860159	0.25321598091303216
6.026026192992993	0.40320874266485995	0.041661494307363364	0.24491697741014506
6.033033198798798	0.3868350990983372	0.041466124933466374	0.23376692332363896
6.040040204604605	0.36622310640860545	0.041270315890779584	0.22036938188746524
6.04704721041041	0.3423705455915748	0.041074398709537344	0.2052943976993106
6.054054216216216	0.3163403295440412	0.040877985576531245	0.1891503317269366
6.061061222022022	0.289084910907347	0.040679573295022815	0.17246964927265748
6.068068227827828	0.2615373722772444	0.04047834588183098	0.1557802873434816
6.075075233633633	0.23433559507731894	0.0402722184813601	0.13942765897971304
6.08208223943944	0.2081049631251272	0.04006075067601257	0.12375459993760017
6.089089245245245	0.183269954637687	0.039843656972567254	0.10898450120363185
6.096096251051051	0.1600716762968	0.039620331860691846	0.09524004252132723
6.103103256856857	0.13871003087816236	0.03939133823800389	0.08261969143416532
6.110110262662663	0.11924684180338532	0.03915721264121802	0.07114515106824516
6.117117268468468	0.10170757529067649	0.03891901632769393	0.060819390067708146
6.1241242742742745	0.08598333238220675	0.03867707870450491	0.05156976472177559
6.13113128008008	0.07201807616452104	0.038432685196037916	0.043356186481132125
6.138138285885886	0.05969679820783451	0.03818684150577608	0.03610658198845174
6.1451452916916915	0.04887064914987077	0.03793958860981441	0.029735134871668036
6.152152297497498	0.039438457772385374	0.03769101450403062	0.0241833684951214
6.159159303303303	0.03125285298957332	0.03744323750692552	0.019356918312229278
6.1661663091091095	0.024173398520592578	0.03719653365022169	0.015171601692928399
6.173173314914915	0.01807908128941243	0.03695183047632514	0.011555463974954161
6.180180320720721	0.012834754401653782	0.03670895161755204	0.008431757334038005
6.1871873265265265	0.008360238764507836	0.03646935530027006	0.005751616553267646
6.194194332332333	0.0045379457310295145	0.03623262026730799	0.0034485602151351743
6.201201338138138	0.0012898637128322397	0.0359996146310128	0.001473975125598108
6.208208343943944	-0.0014682953724624286	0.035770156404207415	-0.00021948972984614583
6.21521534974975	-0.003806443502034068	0.035544416060541394	-0.0016723004577710618
6.222222355555555	-0.005785195865296177	0.03532256529614148	-0.0029204366315632177
6.229229361361361	-0.007456146263222102	0.035104876519391565	-0.003993350251075281
6.236236367167167	-0.008864623311319918	0.034891261545507445	-0.0049178459730494905
6.243243372972973	-0.010049625525830719	0.034682097061056585	-0.005717876077139719
6.250250378778778	-0.011052160249088611	0.034476533935759425	-0.006412710590912013
6.257257384584585	-0.011895826757811818	0.03427534172356282	-0.007020442878342857
6.26426439039039	-0.012605226189365461	0.034078234468720846	-0.007552962629396845
6.271271396196196	-0.013212874244060755	0.033884560016767186	-0.008027531387444824
6.278278402002002	-0.013720229325205922	0.03369530398176144	-0.008449275547673636
6.285285407807808	-0.014159426493097772	0.033509456109812714	-0.008831262214343117
6.292292413613613	-0.014536092735987107	0.03332715105692464	-0.009178949203481156
6.29929941941942	-0.014860171434905894	0.03314859759473193	-0.009498649602497685
6.306306425225225	-0.015150425367922646	0.032972991822809355	-0.009797868205777006
6.313313431031031	-0.015405526179193394	0.0328005997813006	-0.010078280013996967
6.320320436836837	-0.0156335316153363	0.032631340100354976	-0.010344511907639983
6.327327442642643	-0.015838762707640133	0.032465475701139224	-0.010598567839167124
6.334334448448448	-0.016026066127025108	0.03230244523263674	-0.010843428194527114
6.3413414542542546	-0.01619945303276455	0.03214244099886506	-0.011081067469831552
6.34834846006006	-0.01636035358987092	0.03198555584157108	-0.011311875616354033
6.355355465865866	-0.01651253253107151	0.0318313350666565	-0.01153827075686064
6.362362471671672	-0.016656734864181056	0.03167999047361951	-0.011760564847052566
6.369369477477478	-0.016803143704640214	0.03153062184157138	-0.011980894102882398
6.376376483283283	-0.016936559648330487	0.031384467524554774	-0.01219677589384325
6.3833834890890895	-0.01706614515349833	0.031240578022897723	-0.012410584862545917
6.390390494894895	-0.017191638190005284	0.031099444522678637	-0.012621444988113765
6.397397500700701	-0.017314259634099004	0.03096040841530697	-0.012830554432911454
6.4044045065065065	-0.017433613184642933	0.03082396950042012	-0.013036965881969611
6.411411512312312	-0.017549833657797463	0.03068965252482352	-0.013241052046622908
6.418418518118118	-0.01766324759056023	0.030557452281290205	-0.013442847702631034
6.4254255239239235	-0.017772893066254195	0.030427410238491853	-0.013641521237721941
6.43243252972973	-0.017878984671692643	0.03029939484283374	-0.0138372063129668
6.439439535535535	-0.017981069849735843	0.030173330608848983	-0.014029549711195072
6.446446541341341	-0.01807827952759506	0.030049232959481992	-0.014217855111146498
6.453453547147147	-0.018170507095125722	0.029927078250061745	-0.01440196754737135
6.460460552952953	-0.018257312158933177	0.029806498585383524	-0.014581880459081412
6.4674675587587585	-0.018337840385286144	0.029687928609304932	-0.014756498010192777
6.474474564564565	-0.018412030379041367	0.029570827526728575	-0.014926259969630784
6.48148157037037	-0.01847914362029285	0.029455614223353518	-0.01509016701471513
6.488488576176176	-0.018539054135305454	0.02934190942739191	-0.015248460400712453
6.495495581981982	-0.018591503829532497	0.029229780069950036	-0.015400822241017553
6.502502587787788	-0.018637313555678072	0.029119311660229925	-0.015548284590075952
6.509509593593593	-0.018672955974798695	0.02901023534882774	-0.015687527834051345
6.5165165993994	-0.01869996263824323	0.028902676277289492	-0.01581996731626098
6.523523605205205	-0.018717797294182024	0.028796464380317827	-0.01594541573672164
6.530530611011011	-0.018724246643663636	0.028691479217835207	-0.01606212995679034
6.537537616816817	-0.018722798305716718	0.028588076713029986	-0.016172717495811534
6.544544622622623	-0.018710966181080892	0.028485858145734344	-0.01627563561378344
6.551551628428428	-0.01868895318794744	0.028384945218133187	-0.01637082097466797
6.558558634234235	-0.018656384581256943	0.02828530103634866	-0.016458066272046337
6.56556564004004	-0.018613409425612393	0.028186880211937763	-0.016537485978178085
6.572572645845846	-0.018559998632397056	0.028089822739495247	-0.016608887387614745
6.579579651651652	-0.018495838259467462	0.02799384611040644	-0.01667236482132186
6.586586657457458	-0.018421188132596272	0.027898991169795658	-0.016728042825617767
6.593593663263263	-0.01833586027935675	0.027805308621738443	-0.016775752867941862
6.6006006690690695	-0.018240008828950046	0.02771275138906625	-0.0168156579836365
6.607607674874875	-0.018133647175542333	0.027621307577078875	-0.01684777978602086
6.61461468068068	-0.018016991446544957	0.02753101507959867	-0.016872227440925338
6.6216216864864865	-0.01789027174326747	0.027441792489696876	-0.016889263332742103
6.628628692292292	-0.017753585836612504	0.027353564815949024	-0.016899027750171627
6.635635698098098	-0.017607229306796146	0.027266386782458758	-0.016901689609724393
6.6426427039039035	-0.017447613717203526	0.027180138197603683	-0.01689487455300414
6.64964970970971	-0.017283008634576772	0.027095001566746633	-0.01688408151493607
6.656656715515515	-0.017109812817118205	0.027010883109134156	-0.016866993626086298
6.6636637213213215	-0.01692802385832579	0.026927686866273174	-0.016843706531718343
6.670670727127127	-0.016738145799559505	0.026845506181313063	-0.016814450014418666
6.677677732932933	-0.01654074680481299	0.026764347864147345	-0.016779623486166437
6.6846847387387385	-0.016336034652990845	0.026684151980488586	-0.016739428373663087
6.691691744544545	-0.01612415206929964	0.026604886078043073	-0.016694009487276104
6.69869875035035	-0.015905513607216044	0.02652650446760499	-0.01664370422538441
6.705705756156156	-0.015680465503106304	0.02644916442958392	-0.016588559253714937
6.712712761961962	-0.015449261281017678	0.026372747935862355	-0.016528873916077033
6.719719767767768	-0.015212148512867606	0.026297262503568206	-0.01646480210607897
6.726726773573573	-0.014968839249610852	0.026222576025410026	-0.016396314074718244
6.73373377937938	-0.014720366371518504	0.02614893629062867	-0.016323766157063803
6.740740785185185	-0.01446637759472732	0.026076190808671792	-0.01624710964740441
6.747747790990991	-0.014207190731221416	0.026004362374968556	-0.016166497589745903
6.754754796796797	-0.01394228425714973	0.025933302212612308	-0.016081763171109282
6.761761802602603	-0.013672676668071792	0.02586325994886004	-0.015993242326225267
6.768768808408408	-0.013397896467754657	0.025794091170703404	-0.015900781530009667
6.775775814214215	-0.013118212506488753	0.025725811962507696	-0.015804503920697537
6.78278282002002	-0.01283311098106448	0.02565830846314008	-0.01570420551124699
6.789789825825826	-0.012543269154063114	0.025591751766517783	-0.015600093706642618
6.796796831631632	-0.012248600294178652	0.025526060867121603	-0.015492168340748085
6.803803837437437	-0.011948996256597639	0.025461228779847002	-0.015380361606479665
6.810810843243243	-0.01164433456268526	0.025397191046832746	-0.015264634997395079
6.817817849049049	-0.01133487315250174	0.025333999227991004	-0.0151450738397143
6.824824854854855	-0.011020827014859175	0.0252716899454183	-0.01502175909401932
6.83183186066066	-0.01070210201146396	0.02521020862874218	-0.014894672872299274
6.8388388664664665	-0.010378531534696499	0.02514953401603065	-0.014763723528962838
6.845845872272272	-0.01004332829447671	0.025089477880484934	-0.014624586669474247
6.852852878078078	-0.009711143931938011	0.025030274249152006	-0.014486674338690983
6.859859883883884	-0.009375111996342424	0.024971983416129613	-0.014345399836342136
6.86686688968969	-0.009035012956997799	0.02491448785558625	-0.014200745461762579
6.873873895495495	-0.008690933334849557	0.02485775588623689	-0.01405278906280517
6.8808809013013015	-0.008343605573198243	0.024801873715630085	-0.013901886845310841
6.887887907107107	-0.00799288259974003	0.024746760971316274	-0.013748033756585837
6.894894912912913	-0.007638582156192311	0.024692369108838656	-0.013591187956319407
6.9019019187187185	-0.007281902492196477	0.024638840272552066	-0.013431930138263725
6.908908924524525	-0.006922403916409396	0.024586056983610473	-0.013270121405723687
6.91591593033033	-0.006559851608802961	0.024533953392144987	-0.013105697865206135
6.922922936136136	-0.006195626147504298	0.024482700877053114	-0.012939331841262842
6.929929941941942	-0.0058288028233588075	0.02443212031626149	-0.01277065753900804
6.936936947747748	-0.005460330913758665	0.024382326285065467	-0.012600147503009789
6.943943953553553	-0.005090480064271242	0.0243333029631213	-0.012427988126530034
6.95095095935936	-0.004718773094949037	0.024284954491552727	-0.01225399886921825
6.957957965165165	-0.0043459967234874925	0.024237367719559238	-0.012078578088013131
6.964964970970971	-0.003972451996012679	0.024190527623244033	-0.01190192443832487
6.971971976776777	-0.0035976299416881703	0.024144367580596102	-0.011723814483583714
6.978978982582583	-0.003222204797522923	0.02409892492594746	-0.011544612655878781
6.985985988388388	-0.002846717424720022	0.024054222771711247	-0.011364611381286915
6.992992994194195	-0.0024703127516309802	0.024010137196193226	-0.011183425718706733
7.0	-0.0020942588126	0.023966828277	-0.011001682174
