t	CL	CD	CM
250.0003931	7.876868361299998e-6	0.038861259854	2.1290443279999997e-6
250.0073997135135	-4.330211241051294e-7	0.038906370698454984	2.3673330392038944e-7
250.01440632702702	-3.5685885070590486e-7	0.03864461253870511	2.2768010768949102e-7
250.02141294054053	-3.0344771378548615e-7	0.038446126547765525	2.207235812137942e-7
250.02841955405404	-2.7446489060515775e-7	0.03828559176126041	2.1459780333890077e-7
250.03542616756755	-2.659243303571547e-7	0.03815070214349523	2.0932184596746202e-7
250.0424327810811	-2.6771780786818707e-7	0.03803441924032729	2.0389801558085689e-7
250.0494393945946	-2.7692243598353343e-7	0.03793229570031134	2.0003886408231497e-7
250.0564460081081	-2.851167299906846e-7	0.03784131977800473	1.963732659013826e-7
250.06345262162162	-2.900476538557878e-7	0.03775935475505405	1.9287985306759144e-7
250.07045923513513	-2.920061541205883e-7	0.0376848280360495	1.899311751953007e-7
250.07746584864864	-2.89779733385766e-7	0.03761652713392858	1.8681749528918657e-7
250.08447246216215	-2.8491131641596447e-7	0.037553521722665725	1.8367071515996636e-7
250.09147907567566	-2.7809110410898355e-7	0.037495124012197206	1.8041471002649e-7
250.09848568918918	-2.6914363949636015e-7	0.037440735527914666	1.7652011741595442e-7
250.1054923027027	-2.6049123092919095e-7	0.03738986896786428	1.7279408514053046e-7
250.11249891621623	-2.5144095218505393e-7	0.03734212232486299	1.6882995733999253e-7
250.11950552972974	-2.428296780639642e-7	0.037297159238036455	1.6483439906880414e-7
250.12651214324325	-2.3442851795716196e-7	0.037254694348760685	1.6078771106947323e-7
250.13351875675676	-2.2611911808421878e-7	0.03721448608035493	1.5668343537614072e-7
250.14052537027027	-2.1939823929886386e-7	0.037176324667855316	1.5319182023976035e-7
250.14753198378378	-2.1265295478004305e-7	0.037140028915431764	1.4971381452168457e-7
250.1545385972973	-2.0614997899784552e-7	0.037105440295945105	1.4647329148916922e-7
250.1615452108108	-2.0013415290207474e-7	0.037072421076391845	1.4355862042236895e-7
250.1685518243243	-1.9417453537535011e-7	0.03704084841657962	1.4080029248527935e-7
250.17555843783782	-1.8889689628583415e-7	0.03701061377911522	1.3848367456358522e-7
250.18256505135136	-1.8304972713022012e-7	0.0369816204811187	1.360897279228752e-7
250.18957166486487	-1.786369839769942e-7	0.03695378154290645	1.3439479886246596e-7
250.19657827837838	-1.7386259903000858e-7	0.03692702002057535	1.3273500226332974e-7
250.2035848918919	-1.6927413202232637e-7	0.036901265327910916	1.3128777624004976e-7
250.2105915054054	-1.6582543280138435e-7	0.0368764539303454	1.304352783677354e-7
250.21759811891891	-1.6286753949350095e-7	0.036852527781742486	1.2992631206408118e-7
250.22460473243243	-1.600460317215581e-7	0.0368294349138585	1.2961723905708505e-7
250.23161134594594	-1.5931760829190768e-7	0.036807126934854995	1.302521178123679e-7
250.23861795945945	-1.5896462671153305e-7	0.03678555974509857	1.3121082305312174e-7
250.24562457297296	-1.6082589297113748e-7	0.036764692786278176	1.331699463404771e-7
250.2526311864865	-1.6482951500359474e-7	0.03674448698343132	1.3610164872507844e-7
250.2596378	-1.706645622463116e-7	0.036724904322442194	1.3990747783836996e-7
250.26664441351352	-1.7949243859094072e-7	0.036705920846379386	1.4502407250884433e-7
250.27365102702703	-1.9169365837786624e-7	0.03668750563331084	1.516032216867553e-7
250.28065764054054	-2.0746047251518367e-7	0.03666963067176565	1.5973012874725533e-7
250.28766425405405	-2.282607205456134e-7	0.03665227010560009	1.7000146762298396e-7
250.29467086756756	-2.5362150207915016e-7	0.036635399695605655	1.8227631622535732e-7
250.30167748108107	-2.8569443503908105e-7	0.0366189974804671	1.9725092628323643e-7
250.30868409459458	-3.248518871840109e-7	0.03660304237060387	2.1540706351439488e-7
250.3156907081081	-3.7227158412037515e-7	0.03658751473431486	2.3717743518426609e-7
250.32269732162163	-4.2951202941177187e-7	0.03657239620433031	2.63236801494126e-7
250.32970393513514	-4.980877460865486e-7	0.03655766953068712	2.942736088842034e-7
250.33671054864865	-5.795598242564478e-7	0.03654331834992553	3.3106664930139606e-7
250.34371716216216	-6.758818016681164e-7	0.03652932768231801	3.745341707471825e-7
250.35072377567568	-7.902209365696214e-7	0.03651568300608091	4.261111134217379e-7
250.3577303891892	-9.24903701289048e-7	0.03650237075416495	4.868988340384601e-7
250.3647370027027	-1.0823911349368807e-6	0.036489378048007684	5.581470867569337e-7
250.3717436162162	-1.2689363450616624e-6	0.03647669278608743	6.425930170303559e-7
250.37875022972972	-1.4862711405606274e-6	0.0364643033891724	7.412673470937453e-7
250.38575684324323	-1.740839996944459e-6	0.036452199074676055	8.571170341490572e-7
250.39276345675674	-2.0395967385185863e-6	0.03644036948222026	9.933040995155824e-7
250.39977007027028	-2.387830875392604e-6	0.03642880476608726	1.1524554256325813e-6
250.4067766837838	-2.7953252034926257e-6	0.03641749559085405	1.339010438866301e-6
250.4137832972973	-3.2713281675457684e-6	0.03640643324930673	1.5573400113661686e-6
250.4207899108108	-3.826978891063255e-6	0.036395609138407135	1.8126154657543628e-6
250.42779652432432	-4.475732710261295e-6	0.03638501528019442	2.1111011321790546e-6
250.43480313783783	-5.2343608450749645e-6	0.03637464402800891	2.460461260547485e-6
250.44180975135134	-6.118974137847544e-6	0.03636448805075563	2.868339830072692e-6
250.44881636486485	-7.152142882816055e-6	0.03635454041551713	3.345089466703167e-6
250.45582297837836	-8.358668620984864e-6	0.036344794462997196	3.9021527893039834e-6
250.46282959189188	-9.766367590248546e-6	0.0363352438184054	4.552498467340963e-6
250.46983620540541	-1.141025454040584e-5	0.036325882377802814	5.3122266681916026e-6
250.47684281891893	-1.332895953553736e-5	0.03631670441754949	6.1992412526946195e-6
250.48384943243244	-1.5567364881135108e-5	0.03630770424102358	7.234352209433157e-6
250.49085604594595	-1.818096073937224e-5	0.03629887662694588	8.443079179842455e-6
250.49786265945946	-2.1230529235349313e-5	0.036290216247916056	9.85364410190342e-6
250.50486927297297	-2.4790441015441263e-5	0.03628171837423937	1.1500274964606895e-5
250.51187588648648	-2.894430819399649e-5	0.03627337838325029	1.3421773876911974e-5
250.5188825	-3.379189186955965e-5	0.036265191680787526	1.5664176350704884e-5
250.5258891135135	-3.944941837085914e-5	0.03625715372929739	1.828117089675958e-5
250.532895727027	-4.6050413814790134e-5	0.03624926058215198	2.1334576633698987e-5
250.53990234054055	-5.375349550069452e-5	0.03624150809803711	2.489765986418398e-5
250.54690895405406	-6.274164707614821e-5	0.0362338924379891	2.9055025166988423e-5
250.55391556756757	-7.322827749046291e-5	0.036226410031951366	3.3905372950678236e-5
250.56092218108108	-8.546400276207367e-5	0.036219057286369975	3.956451108406032e-5
250.5679287945946	-9.973964762300332e-5	0.036211830517469186	4.6166952135331744e-5
250.5749354081081	-0.00011639517875629812	0.03620472664510184	5.386981878663828e-5
250.58194202162161	-0.0001358263160645709	0.036197742362260074	6.285616962560527e-5
250.58894863513513	-0.00015849679183283806	0.03619087449661459	7.334029737880138e-5
250.59595524864864	-0.00018494355329944033	0.036184120346070964	8.557060949663882e-5
250.60296186216215	-0.00021579689956066191	0.036177476713213634	9.983847954667341e-5
250.6099684756757	-0.00025178955831876214	0.036170941032554256	0.00011648278962800979
250.6169750891892	-0.0002937751479157768	0.03616451037943656	0.00013589819404641497
250.6239817027027	-0.00034275341717967443	0.03615818244364105	0.0001585471553238447
250.63098831621622	-0.000399886630957963	0.03615195448022092	0.00018496714642490277
250.63799492972973	-0.00046652784299840795	0.036145824182095235	0.00021578400088557263
250.64500154324324	-0.000544259656126799	0.03613978892458186	0.00025172960390941294
250.65200815675675	-0.0006349211395406447	0.03613384649880254	0.0002936547582478204
250.65901477027026	-0.0007406614896794488	0.03612799456360906	0.00034255353655982337
250.66602138378377	-0.0008639791437641992	0.03612223081432303	0.00039958187044178385
250.67302799729728	-0.0010077886565951764	0.03611655265140723	0.00046608827428188846
250.68003461081082	-0.001175481647008271	0.036110958026721936	0.000543642222194958
250.68704122432433	-0.0013710076644332765	0.0361054444659184	0.0006340717297295851
250.69404783783784	-0.0015989648385819892	0.03610000960059506	0.0007395053438324841
250.70105445135135	-0.0018647003263026637	0.03609465051483347	0.0008624188938664786
250.70806106486486	-0.002174433604059644	0.036089364439813615	0.0010056927448451143
250.71506767837838	-0.0025353931413411857	0.03608414797180809	0.0011726759401358233
250.7220742918919	-0.002955972919937784	0.03607899732247909	0.0013672587458438388
250.7290809054054	-0.0034459164315781697	0.036073907594405506	0.0015939584967053346
250.7360875189189	-0.00401651981642967	0.03606887335187067	0.0018580157953555416
250.74309413243242	-0.004680869087656109	0.036063887510387777	0.0021655045840008927
250.75010074594593	-0.005454119242185059	0.03605894141494242	0.0025234624954095924
250.75710735945947	-0.006353682657841466	0.03605401880868303	0.0029399877294383494
250.76411397297298	-0.007399839255587647	0.03604910935563576	0.003424516596521912
250.7711205864865	-0.008615734540352691	0.036044192900859376	0.003987831559630692
250.7781272	-0.010028058961710223	0.03603924220633976	0.004642384973870479
250.7851338135135	-0.011667300156479658	0.03603422134147559	0.005402424746000209
250.79214042702702	-0.013568332892142128	0.03602908256708916	0.006284280365654864
250.79914704054053	-0.01577072471467711	0.03602376217040086	0.0073065244907377196
250.80615365405404	-0.018319318171288086	0.0360181748125837	0.008490265243796468
250.81316026756755	-0.021264500080351807	0.0360122062408435	0.009859304857023044
250.82016688108106	-0.02466263150214783	0.036005705247714535	0.011440381326854506
250.8271734945946	-0.028576096189545763	0.03599846919824423	0.013263248754258276
250.83418010810811	-0.033073516869297825	0.03599022969627955	0.015360851766646613
250.84118672162163	-0.03822891403208066	0.03598063268027357	0.017769032722835625
250.84819333513514	-0.044121529684903654	0.035969211751635734	0.02052657843261912
250.85519994864865	-0.05083373446363118	0.035955356282978086	0.023674406207695814
250.86220656216216	-0.058449483112831345	0.035938272608047994	0.027255055152782783
250.86921317567567	-0.06705040128647548	0.03591693673871378	0.03131111892686031
250.87621978918918	-0.07671194722423609	0.035890038702785725	0.035883775784990225
250.8832264027027	-0.08749679667774521	0.03585592207870501	0.04101007632570237
250.8902330162162	-0.09944776214697586	0.03581251736423624	0.04672008560066089
250.89723962972974	-0.1125777140102591	0.03575727609473769	0.05303265591412772
250.90424624324325	-0.12685941858820501	0.03568711237801657	0.059951215803354004
250.91125285675676	-0.1422112174986353	0.03559837807739581	0.06745756834806296
250.91825947027027	-0.15848574239171664	0.03548686035708632	0.07550711840285544
250.92526608378378	-0.1754548442529645	0.035347861167335806	0.08402201731446252
250.9322726972973	-0.19280096109908276	0.03517633252473043	0.09288715660022114
250.9392793108108	-0.210108506328884	0.034967163704018187	0.10194562199619481
250.94628592432431	-0.22686582625208795	0.03471555570708775	0.11099867385485278
250.95329253783783	-0.2424729237087611	0.03441756259556981	0.11980756666814839
250.96029915135134	-0.2562632872267531	0.03407072088706572	0.12810145826297897
250.96730576486488	-0.2675350793881785	0.03367482465306054	0.13558879178079747
250.9743123783784	-0.27559582606990923	0.03323250549156424	0.14197483568349753
250.9813189918919	-0.2798122246829337	0.03274973524120934	0.14698095593752403
250.9883256054054	-0.27966541389832034	0.032236184845759346	0.1503675368063214
250.99533221891892	-0.2747997048583883	0.0317052609023715	0.15195374383732146
251.00233883243243	-0.26506011886538716	0.031173544465978642	0.15163422620789657
251.00934544594594	-0.2505158608045812	0.030659992269159442	0.14939070761025403
251.01635205945945	-0.23145335409652976	0.030184659786412684	0.14529047280248636
251.02335867297296	-0.2083585703785701	0.029767306142485447	0.13948209112963014
251.03036528648647	-0.1818730638349735	0.02942597803257011	0.1321801722977393
251.0373719	-0.15274423577186524	0.02917586034155941	0.1236468136482681
251.04437851351352	-0.12176454257779588	0.02902828531900299	0.11416887745463682
251.05138512702703	-0.08972058577125809	0.02899038591613751	0.10403873259324628
251.05839174054054	-0.05734439966020562	0.029064990574423553	0.0935340169270834
251.06539835405405	-0.025281118934321667	0.029250998928981354	0.0829051599950223
251.07240496756756	0.005932786969943012	0.029544001547151158	0.07236572925725815
251.07941158108108	0.03587556504008318	0.029936993331785795	0.06208896655485063
251.0864181945946	0.06424192557098903	0.03042119394865483	0.05220616463241755
251.0934248081081	0.09083145036050955	0.03098679215206543	0.04281004580893993
251.1004314216216	0.115535382328044	0.031623591062386984	0.033959035344044916
251.10743803513512	0.13832110089609195	0.03232154832245566	0.025682547063481782
251.11444464864866	0.15921421235546548	0.033071119286996506	0.017987319365187535
251.12145126216217	0.17828340205154974	0.03386355079391705	0.010862771044663539
251.12845787567568	0.19563448891668092	0.03469114370853889	0.004283228857259828
251.1354644891892	0.21138570659496075	0.03554700266291499	-0.001782788233976131
251.1424711027027	0.22566868666852016	0.03642534247852005	-0.007373165309547339
251.1494777162162	0.23861792897786815	0.03732130146402699	-0.01252831404959258
251.15648432972972	0.2503657596858589	0.03823084921472282	-0.017289036982971805
251.16349094324323	0.26104006130869645	0.03915077510805733	-0.021695537818698925
251.17049755675674	0.2707605918215654	0.04007850592254363	-0.025785982778474825
251.17750417027025	0.27963874786076365	0.04101206989369025	-0.029596303021749086
251.1845107837838	0.28777560175745787	0.0419499302386014	-0.033159345530276094
251.1915173972973	0.29526332710414765	0.0428910013053004	-0.03650531253569927
251.19852401081081	0.30218398069299757	0.04383449078796606	-0.03966121580843274
251.20553062432433	0.30861115977433073	0.04477988734661706	-0.04265142078132826
251.21253723783784	0.3146096655868329	0.04572687460095855	-0.04549742421897122
251.21954385135135	0.32023686980465565	0.046675290343706204	-0.04821835058036391
251.22655046486486	0.32554277655067176	0.047625087713369735	-0.05083086958947551
251.23355707837837	0.3305716591005909	0.04857635239251106	-0.05334978586413731
251.24056369189188	0.33536169657625503	0.04952922628693955	-0.05578788743506292
251.2475703054054	0.33994651595898395	0.05048389381113535	-0.058156422441852665
251.25457691891893	0.34435516581977305	0.05144058222057265	-0.0604651229257394
251.26158353243244	0.3486128463271021	0.052399530057184715	-0.0627224152265313
251.26859014594595	0.3527416666825471	0.05336101962890981	-0.06493570886114451
251.27559675945946	0.3567606079556557	0.05432528953674317	-0.06711129735681322
251.28260337297297	0.36068624884290534	0.05529262751228475	-0.06925473582134987
251.28960998648648	0.3645328153136592	0.0562632681563321	-0.07137070936021063
251.2966166	0.3683127910988123	0.05723749608309112	-0.07346337369010147
251.3036232135135	0.3720369057451507	0.058215547986480626	-0.0755362365202374
251.31062982702701	0.37571429144967783	0.059197635642076044	-0.0775923108909781
251.31763644054053	0.3793530949191386	0.060184013317964836	-0.07963428125128016
251.32464305405406	0.38296015908395287	0.06117486789258136	-0.08166434598027383
251.33164966756758	0.38654151026485534	0.06217042518033131	-0.08368452578488352
251.3386562810811	0.3901021980519918	0.06317084645597866	-0.08569645649425832
251.3456628945946	0.3936468887906321	0.06417633891962582	-0.08770169860038833
251.3526695081081	0.3971791701957341	0.06518702002634404	-0.08970139361907595
251.35967612162162	0.40070252146332397	0.06620307160252943	-0.09169674926221824
251.36668273513513	0.40421949201078067	0.06722459999296719	-0.09368861579208433
251.37368934864864	0.4077326212517769	0.0682517339211311	-0.09567786802313592
251.38069596216215	0.41124386929194895	0.06928458209403209	-0.09766520542391889
251.38770257567566	0.4147549233367592	0.07032320016630736	-0.09965122368051439
251.3947091891892	0.418267032228215	0.07136769509169578	-0.10163639231392597
251.4017158027027	0.4217814086115632	0.0724181514967601	-0.10362116006906094
251.40872241621622	0.42529889363520906	0.0734746687299685	-0.10560588186429404
251.41572902972973	0.42882039818085016	0.0745373109096594	-0.10759092490106936
251.42273564324324	0.4323463612621177	0.0756061486526552	-0.10957653681283408
251.42974225675675	0.4358774574647745	0.07668124065502754	-0.11156302388942707
251.43674887027026	0.43941385370339664	0.07776261374827291	-0.11355050962714182
251.44375548378378	0.44295617239267315	0.0788503562527247	-0.11553930742792379
251.4507620972973	0.44650435024615537	0.07994446132654809	-0.11752944663714138
251.4577687108108	0.450058935581163	0.08104502253425785	-0.11952123704337118
251.46477532432434	0.4536197365492531	0.08215201921492019	-0.12151465515156207
251.47178193783785	0.45718724152767776	0.08326554149163781	-0.12350997776822889
251.47878855135136	0.4607612214991506	0.08438556306068258	-0.12550715906095844
251.48579516486487	0.46434208951271355	0.08551216532925451	-0.12750644175552658
251.49280177837838	0.4679295251290883	0.08664530874337457	-0.12950774123428874
251.4998083918919	0.4715238057288564	0.08778505532190851	-0.1315112253951246
251.5068150054054	0.47512530979812445	0.08893139975118432	-0.13351713540908552
251.5138216189189	0.47873262720379933	0.09008426395930379	-0.1355248624956667
251.52082823243242	0.48234642251213683	0.09124376656002878	-0.13753479762388726
251.52783484594593	0.4859663208431804	0.09240979138815728	-0.13954681413992928
251.53484145945944	0.48959211048170154	0.09358229528763311	-0.14156088665791214
251.54184807297298	0.49322336640756564	0.09476117575059688	-0.1435768740501949
251.5488546864865	0.49685983847076115	0.09594639427112737	-0.14559473116408203
251.5558613	0.5005010596859989	0.09713783990642379	-0.14761429568604234
251.56286791351351	0.5041467694783474	0.0983354655828625	-0.14963550909760948
251.56987452702703	0.5077965994059556	0.0995391752417475	-0.15165822917228086
251.57688114054054	0.511450309752075	0.10074890872533994	-0.15368237059838763
251.58388775405405	0.5151077480634293	0.10196462450741553	-0.15570787690355944
251.59089436756756	0.5187687092152998	0.10318625167260691	-0.1577346352462546
251.59790098108107	0.522433255453349	0.10441380249611022	-0.1597626579369661
251.60490759459458	0.5261013342254522	0.10564723583919466	-0.1617918642698114
251.61191420810812	0.5297731073263052	0.10688658727405591	-0.16382228651111355
251.61892082162163	0.5334486071765301	0.10813183937586968	-0.1658538640882032
251.62592743513514	0.5371280829326961	0.109383053460315	-0.1678866524513549
251.63293404864865	0.540811602282232	0.11064022835193527	-0.1699206001233804
251.63994066216216	0.5444994392989733	0.11190343726201643	-0.17195577006101317
251.64694727567567	0.5481916402287386	0.11317268514920856	-0.17399210524109163
251.65395388918918	0.5518884832931559	0.11444806607500699	-0.17602968326905602
251.6609605027027	0.5555900137251735	0.11572959615414265	-0.17806845316283829
251.6679671162162	0.5592963699067244	0.11701731737514562	-0.18010841979109948
251.67497372972971	0.5630076522752556	0.11831127583641847	-0.18214959881395015
251.68198034324325	0.5667239769301277	0.11961148997549008	-0.1841919874615668
251.68898695675676	0.5704453126659633	0.12091800304893219	-0.18623556724804044
251.69599357027028	0.574171833229302	0.12223084573079133	-0.18828037026454494
251.7030001837838	0.5779034321196853	0.12355005257752019	-0.19032635350647606
251.7100067972973	0.5816402506962005	0.12487565660517909	-0.19237354270611517
251.7170134108108	0.5853821743432451	0.1262076978515043	-0.19442189402123486
251.72402002432432	0.5891293196471098	0.12754621521803491	-0.1964714230127123
251.73102663783783	0.5928815877035195	0.12889126484514174	-0.19852208927072315
251.73803325135134	0.5966391173363721	0.13024290614214934	-0.20057391626716198
251.74503986486485	0.6004016709211071	0.1316011595799253	-0.2026267854953576
251.7520464783784	0.6041705877801496	0.13296628248875264	-0.2046813602613929
251.7590530918919	0.6079432887384764	0.13433796144971602	-0.2067362065895236
251.7660597054054	0.6117212663758609	0.135716541971015	-0.2087921456421158
251.77306631891892	0.6155045120615042	0.13710205243375895	-0.21084910384504849
251.78007293243243	0.6192931329354469	0.1384945982825252	-0.21290711336181992
251.78707954594594	0.6230865269834442	0.13989413177273768	-0.2149657976862152
251.79408615945945	0.626885263022304	0.1413008191482052	-0.2170255629912493
251.80109277297296	0.6306890433082868	0.1427146120739511	-0.21908613751459194
251.80809938648648	0.6344987392603856	0.14413566599225758	-0.22114816452828412
251.815106	0.6383136698146662	0.1455638374764689	-0.22321126620165102
251.82211261351353	0.642133688493707	0.14699911324296708	-0.22527547533812706
251.82911922702704	0.6459584796509055	0.14844139439018983	-0.22734072924942758
251.83612584054055	0.6497878764853785	0.1498906374502886	-0.22940704969810036
251.84313245405406	0.6536215060146189	0.1513467069232011	-0.23147432495310732
251.85013906756757	0.6574601268200518	0.152809722077131	-0.2335430936672427
251.85714568108108	0.661301870483291	0.15427935012393285	-0.23561234659569935
251.8641522945946	0.6651473935254246	0.1557556471863538	-0.23768247987888177
251.8711589081081	0.6689975994013366	0.15723875219082045	-0.2397540603243623
251.8781655216216	0.6728505435527113	0.15872834433686042	-0.24182592917398196
251.88517213513512	0.6767082652517865	0.16022473823554426	-0.24389925363015844
251.89217874864863	0.6805686383300481	0.16172759908618733	-0.2459727291377381
251.89918536216217	0.6844340762779828	0.16323734597889905	-0.24804774934878487
251.90619197567568	0.6883034091928608	0.16475378815210814	-0.2501235279524681
251.9131985891892	0.6921754586352467	0.16627678393356066	-0.2521993523394661
251.9202052027027	0.6960530533449812	0.16780679819831043	-0.25427683214260544
251.92721181621621	0.6999347339668287	0.16934363925639212	-0.256355042786633
251.93421842972973	0.7038205846024214	0.17088737883005883	-0.25843401491129936
251.94122504324324	0.7077090139152123	0.17243777306480423	-0.2605127845934432
251.94823165675675	0.7116038244550242	0.17399551652182604	-0.26259353354767684
251.95523827027026	0.7155027495971441	0.1755602513073614	-0.26467492382846614
251.96224488378377	0.7194059072107809	0.17713206333116394	-0.2667570258293307
251.9692514972973	0.7233132055578275	0.1787109558912658	-0.2688397955876188
251.97625811081082	0.7272212948509598	0.18029640090007754	-0.2709209035397248
251.98326472432433	0.7311371424022871	0.18188962885043647	-0.2730053776497382
251.99027133783784	0.7350583906674285	0.18349025929295448	-0.2750908577718389
251.99727795135135	0.7389835900020802	0.18509809271356578	-0.2771768409037772
252.00428456486486	0.7429153148557393	0.18671362450920506	-0.2792649886635402
252.01129117837837	0.7468469872349849	0.18833571713053138	-0.28135129125242353
252.01829779189188	0.7507830335736811	0.18996514601375547	-0.28343855039453875
252.0253044054054	0.7547228697370527	0.19160186767787277	-0.28552626348679033
252.0323110189189	0.7586671570887105	0.19324598978956947	-0.2876148776112102
252.03931763243244	0.7626149831211765	0.19489740130746763	-0.28970379385613754
252.04632424594595	0.7665672643266813	0.19655629174112277	-0.29179359309218533
252.05333085945946	0.7705228614881288	0.19822245558641932	-0.29388356547302735
252.06033747297298	0.7744828868129502	0.19989615543741093	-0.2959743999816983
252.0673440864865	0.7784461210741398	0.20157716536188405	-0.2980653361371669
252.0743507	0.782413688659461	0.203265722116509	-0.3001570842929819
252.0813573135135	0.7863844236170142	0.20496164800829866	-0.3022488688531322
252.08836392702702	0.790359416619649	0.2066651519861886	-0.3043414466626119
252.09537054054053	0.7943380792135272	0.20837616570180587	-0.30643437958462455
252.10237715405404	0.798319642051178	0.21009454321565735	-0.3085272001597338
252.10938376756758	0.8023055776281658	0.2118206174148864	-0.3106208568616011
252.1163903810811	0.8062949441664594	0.21355422383396072	-0.3127147513626475
252.1233969945946	0.8102871020032596	0.21529526819097658	-0.3148084420944633
252.1304036081081	0.8142833070898616	0.2170439831992838	-0.3169028821165603
252.13741022162162	0.818283018799963	0.21880034716999025	-0.31899760863531545
252.14441683513513	0.8222858246279199	0.2205642636046396	-0.32109245971537514
252.15142344864864	0.8262918439279244	0.22233581192554594	-0.3231875118879804
252.15843006216215	0.8303001678812882	0.22411477463671062	-0.325282181275233
252.16543667567566	0.8343126662749321	0.22590160979067922	-0.32737773293373795
252.17244328918918	0.8383280701658677	0.22769607959269395	-0.3294733864242474
252.17944990270271	0.8423463332271555	0.22949820811358218	-0.33156916422432364
252.18645651621623	0.8463674257701566	0.23130801806223564	-0.33366508649246185
252.19346312972974	0.8503912256954649	0.23312549403147803	-0.3357611207256928
252.20046974324325	0.8544161813096054	0.23495032102939775	-0.33785617233977955
252.20747635675676	0.8584457971128705	0.23678323563375772	-0.3399527819076532
252.21448297027027	0.8624781742721757	0.23862398140187027	-0.34204955274282267
252.22148958378378	0.8665129013535767	0.24047245839175332	-0.3441463631640184
252.2284961972973	0.8705500162933514	0.24232871577932197	-0.34624327976657254
252.2355028108108	0.8745895006376728	0.24419278038868916	-0.34834032760514255
252.2425094243243	0.8786313836479264	0.24606470897630808	-0.350437552257985
252.24951603783782	0.8826756068845923	0.24794449935270396	-0.3525349545529379
252.25652265135136	0.8867227324570192	0.24983238254645523	-0.3546329933605106
252.26352926486487	0.8907711976107398	0.25172798381848316	-0.3567306245981727
252.27053587837838	0.8948216336682472	0.2536314637095581	-0.3588282662614465
252.2775424918919	0.8988748160764906	0.2555430529174057	-0.3609264903495513
252.2845491054054	0.9029302895812998	0.2574627252110367	-0.36302499264113747
252.29155571891891	0.9069879270025882	0.25939047650544056	-0.3651237404102305
252.29856233243243	0.9110477808979446	0.2613263850288128	-0.36722279470966557
252.30556894594594	0.9151098296368498	0.26327048710090173	-0.3693221673832902
252.31257555945945	0.9191739711203912	0.265222795697174	-0.3714218464163089
252.31958217297296	0.9232403298958856	0.26718341970203197	-0.37352192346284147
252.3265887864865	0.9273083656915577	0.26915222331918237	-0.37562204371885344
252.3335954	0.9313790957084626	0.27112953999288314	-0.3777229820388316
252.34060201351352	0.9354519735617215	0.2731153330905842	-0.37982437092040156
252.34760862702703	0.9395267822952335	0.27510956539134934	-0.3819261566666002
252.35461524054054	0.9436035912151973	0.2771123305956421	-0.3840284252279536
252.36162185405405	0.947682324000494	0.2791236660302578	-0.3861311889677086
252.36862846756756	0.9517629946075896	0.28114363925159247	-0.38823449303841506
252.37563508108107	0.9558455871356303	0.2831723131756837	-0.39033837637072416
252.38264169459458	0.9599300780868473	0.28520975049625225	-0.39244287586261545
252.3896483081081	0.9640164619966642	0.28725602046252946	-0.39454803520333487
252.39665492162163	0.9681047179600251	0.28931118899771274	-0.3966538922947207
252.40366153513514	0.9721948897076953	0.2913753596815888	-0.39876052923159444
252.41066814864865	0.9762868564915334	0.2934485519393152	-0.40086793089204265
252.41767476216216	0.9803806863183211	0.29553087981317777	-0.4029761808458202
252.42468137567568	0.9844758173118549	0.29762222752944695	-0.40508475040343705
252.4316879891892	0.988573881241855	0.29972312723693434	-0.4071951016433406
252.4386946027027	0.9926738592192975	0.3018334898392751	-0.4093064480539892
252.4457012162162	0.9967756591038236	0.30395334893452447	-0.4114188102305543
252.45270782972972	1.0008794991293135	0.3060828961007527	-0.4135323572470979
252.45971444324323	1.0049853648831426	0.308222199205642	-0.41564712211494464
252.46672105675677	1.0090933928355956	0.3103714185175764	-0.4177632261809697
252.47372767027028	1.0132036654360868	0.31253067964533965	-0.4198807528363013
252.4807342837838	1.0173163501605502	0.31470016718381716	-0.42199983072980246
252.4877408972973	1.0214316176218592	0.31688005469535835	-0.42412058708547135
252.4947475108108	1.0255495048007899	0.31907047078919853	-0.426243090433361
252.50175412432432	1.029670292680447	0.32127162262396647	-0.4283677208747597
252.50876073783783	1.0337939675705266	0.3234837818107551	-0.4304941087400241
252.51576735135134	1.037920663573754	0.3257069838357135	-0.43262250308118666
252.52277396486485	1.042051037871461	0.3279415962576199	-0.43475348279988096
252.52978057837836	1.0461851572809886	0.33018786217092855	-0.4368870123796085
252.5367871918919	1.0503232587450244	0.3324460195656819	-0.4390232680093705
252.54379380540541	1.0544656224524345	0.334716333324339	-0.4411624470150873
252.55080041891893	1.0586126305463075	0.3369991213141395	-0.44330480836687264
252.55780703243244	1.0627646504913184	0.33929469587504346	-0.44545060175316675
252.56481364594595	1.0669221610687345	0.3416034284504291	-0.44760013940268767
252.57182025945946	1.0710855836841762	0.3439256603011548	-0.44975370703010004
252.57882687297297	1.0752554415574083	0.3462617864005065	-0.45191164360800873
252.58583348648648	1.0794324532267214	0.3486122940286661	-0.45407438618670165
252.5928401	1.0836170968282914	0.3509775654226789	-0.4562422660123552
252.5998467135135	1.0878103391518903	0.3533582087092614	-0.45841585110376293
252.606853327027	1.0920129831630114	0.35575474263975754	-0.4605956312154549
252.61385994054055	1.0962260232403866	0.3581677789340796	-0.4627821990073646
252.62086655405406	1.100450665218579	0.3605980316366193	-0.46497625084304844
252.62787316756757	1.1046881615472237	0.363046226376785	-0.4671785097972713
252.63487978108108	1.108939897447787	0.36551313842202265	-0.46938976555109924
252.6418863945946	1.1132076707871057	0.36799973474874714	-0.4716110169553219
252.6488930081081	1.1174933651560726	0.3705069902953242	-0.47384330000740577
252.65589962162161	1.1217993029954576	0.37303608001372446	-0.4760878728849287
252.66290623513513	1.1261279847782895	0.37558823389997437	-0.47834608821481517
252.66991284864864	1.1304822778452754	0.3781648251441743	-0.4806194875458251
252.67691946216215	1.1348656226246094	0.38076748325218485	-0.4829098930861923
252.68392607567569	1.1392817940504092	0.38339792756873176	-0.48521929526423896
252.6909326891892	1.1437353317641323	0.3860582064183205	-0.48755006264671163
252.6979393027027	1.1482313519855691	0.38875056511581924	-0.4899048470976914
252.70494591621622	1.1527757622100394	0.39147755222953695	-0.49228669139494285
252.71195252972973	1.1573754341959779	0.39424210617744626	-0.4946991147833419
252.71895914324324	1.16203820009615	0.3970475120703002	-0.49714611672310993
252.72596575675675	1.1667731689589802	0.3998975546303712	-0.49963232723786183
252.73297237027026	1.1715908441726515	0.40279653248825537	-0.5021630532783987
252.73997898378377	1.1765032553280177	0.40574932186268003	-0.5047443641246633
252.74698559729728	1.1815244593618663	0.4087615837942244	-0.5073833300259791
252.75399221081082	1.186670212362975	0.4118395803232674	-0.5100880052348795
252.76099882432433	1.191959575064351	0.4149909602024219	-0.5128676276005936
252.76800543783784	1.1974135491952231	0.4182238854925587	-0.5157328896452976
252.77501205135135	1.2030567461882884	0.42154802062039015	-0.5186960845174621
252.78201866486486	1.2089172694743087	0.42497436070122674	-0.5217712511236586
252.78902527837838	1.215027045325909	0.4285152981593139	-0.5249743597674652
252.7960318918919	1.2214227339993446	0.4321850738120921	-0.5283237503162457
252.8030385054054	1.228145974705583	0.43599983241597434	-0.5318402887861466
252.8100451189189	1.2352433161606442	0.4399774794244886	-0.5355473720402897
252.81705173243242	1.2427675782962102	0.4441383778363412	-0.5394715943752881
252.82405834594596	1.2507778385650945	0.44850525832012894	-0.5436428019642291
252.83106495945947	1.2593386714811163	0.45310276526458454	-0.5480938331549152
252.83807157297298	1.2685213353879918	0.45795806275316914	-0.5528611305075133
252.8450781864865	1.2784031769041617	0.4631005397063118	-0.5579844919408207
252.8520848	1.2890653754948418	0.4685606456332309	-0.5635062285121213
252.8590914135135	1.300592526376786	0.4743698766965004	-0.5694712274306984
252.86609802702702	1.3130716861442766	0.4805601115472495	-0.5759257932378233
252.87310464054053	1.3265857441067788	0.48716068094770343	-0.5829160939063752
252.88011125405404	1.3412109828957988	0.4941974753762886	-0.5904861514438448
252.88711786756755	1.3570095494290524	0.5016893793181725	-0.5986748313825768
252.8941244810811	1.3740231351707022	0.509645613310546	-0.6075129652272122
252.9011310945946	1.392262009326705	0.5180607582514443	-0.6170184660480249
252.90813770810811	1.4116948772104725	0.526910348084779	-0.6271916295321626
252.91514432162163	1.4322362543353264	0.5361453038631161	-0.6380092409814149
252.92215093513514	1.4537291448818321	0.5456842446765542	-0.6494172523687011
252.92915754864865	1.4759551306863061	0.5554189412235505	-0.6613315381149344
252.93616416216216	1.49858638857218	0.565191466240188	-0.673621159128307
252.94317077567567	1.5212196793287371	0.5748116223702684	-0.6861185615969446
252.95017738918918	1.543361859649976	0.5840504604139752	-0.6986136653866768
252.9571840027027	1.564443329891493	0.5926470754251879	-0.7108584868353989
252.9641906162162	1.5838448359573212	0.6003215346479837	-0.7225783257297909
252.97119722972974	1.6009284315480579	0.6067899565846581	-0.7334842085998128
252.97820384324325	1.6150821775163486	0.6117854759099036	-0.7432924871872001
252.98521045675676	1.6257653017217288	0.6150795813706195	-0.7517441737347187
252.99221707027027	1.6325553683989396	0.6165036322438975	-0.7586261034178601
252.99922368378378	1.6351876982271563	0.6159666324301272	-0.763788972544414
253.0062302972973	1.6335682869500117	0.613461326117234	-0.7671550398550491
253.0132369108108	1.6278278364875878	0.6090842139093015	-0.768738644099547
253.02024352432431	1.618250721509007	0.6030044517221604	-0.7686251333964504
253.02725013783783	1.6052844151832895	0.5954653643491172	-0.7669700198876468
253.03425675135134	1.5894858922127317	0.5867571459097882	-0.7639788981422392
253.04126336486488	1.5714803001397246	0.5771964023357734	-0.7598902803240566
253.04826997837839	1.551899667579083	0.5670960751014128	-0.7549502698367758
253.0552765918919	1.531361906888138	0.5567556505115385	-0.7494038755232978
253.0622832054054	1.5104275123630342	0.546440580994864	-0.7434766110389537
253.06928981891892	1.489569122888242	0.5363695327135325	-0.7373611219875802
253.07629643243243	1.4691896979361827	0.5267232522340906	-0.7312250357999739
253.08330304594594	1.449587658641408	0.5176293765388316	-0.7251960081199819
253.09030965945945	1.4309788168389956	0.5091737668069398	-0.7193704134251464
253.09731627297296	1.4135255930335424	0.5014165757926896	-0.7138251775062701
253.10432288648647	1.397312055391511	0.49438017012903135	-0.7086066596297065
253.1113295	1.382377244033267	0.48806553741701547	-0.7037444923224061
253.11833611351352	1.368715532544805	0.48245304734742245	-0.6992507003604446
253.12534272702703	1.3563152824813367	0.47752216925611934	-0.695135365705563
253.13234934054054	1.3451221028879152	0.47323264836559115	-0.6913909885632907
253.13935595405405	1.3350746270536484	0.4695422325069122	-0.6880068980284797
253.14636256756756	1.3260985968738066	0.4664035619982923	-0.6849660006963931
253.15336918108108	1.3181191913282018	0.463770522386977	-0.6822503402152542
253.1603757945946	1.3110567020589476	0.46159609401725055	-0.67983813418807
253.1673824081081	1.3048349204259273	0.45983621254171037	-0.6777078354665951
253.1743890216216	1.2993743242183622	0.45844582365299713	-0.6758356851803944
253.18139563513515	1.2945996394838184	0.4573829528716299	-0.6741983427757684
253.18840224864866	1.2904376113171874	0.45660708482372403	-0.6727723758880453
253.19540886216217	1.2868229648417586	0.4560826185678552	-0.6715362650571551
253.20241547567568	1.2836955069910831	0.4557772575793622	-0.6704693798106071
253.2094220891892	1.2809990317261777	0.45566116195835593	-0.6695524103934072
253.2164287027027	1.2786835594512729	0.45570786130275287	-0.6687685294553094
253.2234353162162	1.2767041254841014	0.45589362651648613	-0.6681023478746627
253.23044192972972	1.2750200630485191	0.4561980167400694	-0.6675391998456316
253.23744854324323	1.2735946187715639	0.45660253889033997	-0.6670657678497435
253.24445515675674	1.2723963964149458	0.45709226900687727	-0.6666701696046994
253.25146177027028	1.271384169928932	0.4576470609209189	-0.6663368675029482
253.2584683837838	1.2705618627485253	0.4582691537332678	-0.6660679794945329
253.2654749972973	1.269892196273133	0.45894147320964257	-0.6658494173432842
253.27248161081081	1.269355981544982	0.45965490803038367	-0.6656745762691606
253.27948822432433	1.2689343713680756	0.460400522526514	-0.6655372308340828
253.28649483783784	1.268610651017357	0.4611708598196824	-0.6654317706347146
253.29350145135135	1.2683803697299012	0.4619647844198229	-0.6653571636695063
253.30050806486486	1.2682281043699013	0.46277534965565853	-0.6653084437385177
253.30751467837837	1.2681430694164453	0.4635980384196815	-0.6652820286303233
253.31452129189188	1.2681157070844729	0.46442925311229577	-0.6652746133222915
253.3215279054054	1.2681396519862462	0.46526774171061736	-0.6652827861000311
253.32853451891893	1.2682065915070853	0.4661108301590429	-0.6653031743900061
253.33554113243244	1.26831673443239	0.4669593467324842	-0.6653365392454291
253.34254774594595	1.268458855535106	0.4678085242053388	-0.6653790561740776
253.34955435945946	1.2686279204019282	0.4686566047870264	-0.6654292342958154
253.35656097297297	1.2688220742186662	0.4695032892772391	-0.6654868682796372
253.36356758648648	1.2690378247988798	0.4703474656964393	-0.6655509402494865
253.3705742	1.269271562208885	0.4711878396970328	-0.6656204687297174
253.3775808135135	1.269519574165285	0.47202269772456157	-0.6656946443287981
253.38458742702701	1.2697813061304877	0.4728523798703654	-0.6657731227765998
253.39159404054053	1.270050798115067	0.47367460836323394	-0.6658526185018252
253.39860065405406	1.2703369959115725	0.4744952368170396	-0.665935367612427
253.40560726756758	1.2706326797688983	0.47531116909427434	-0.6660182483639192
253.41261388108109	1.2709377536728148	0.47612277310262685	-0.6661011432113423
253.4196204945946	1.2712517519763291	0.4769301646818008	-0.6661838469229034
253.4266271081081	1.2715730082967536	0.4777326239324582	-0.6662657589024374
253.43363372162162	1.2719011046167819	0.4785301562379903	-0.6663467014419443
253.44064033513513	1.2722353216501636	0.479322610940808	-0.6664262520697323
253.44764694864864	1.2725750779203933	0.4801097950396329	-0.6665040964797713
253.45465356216215	1.272920807280014	0.4808916941018889	-0.6665808447060458
253.46166017567566	1.2732734598005562	0.48166964178452387	-0.6666552018455828
253.4686667891892	1.2736330563018385	0.4824439454430246	-0.6667266398283906
253.4756734027027	1.2739999820249988	0.48321447164353043	-0.6667957553729831
253.48268001621622	1.2743733849586747	0.4839813211337175	-0.666861449493543
253.48968662972973	1.2747531789043665	0.48474469992274466	-0.6669232968748064
253.49669324324324	1.2751390944352754	0.4855047239006111	-0.6669809236272837
253.50369985675675	1.2755251043805662	0.4862581814493299	-0.6670324172288913
253.51070647027026	1.2759245169348543	0.48701221501689074	-0.6670821214935705
253.51771308378378	1.2763300730634948	0.4877631255352319	-0.6671277635073251
253.5247196972973	1.2767420170500414	0.48851088460167147	-0.6671697218579596
253.5317263108108	1.2771598873833623	0.4892554998855496	-0.6672074844273995
253.53873292432434	1.2775868108764863	0.48999883851744475	-0.6672420343100135
253.54573953783785	1.278020380514837	0.49073957975379706	-0.6672730239267143
253.55274615135136	1.2784601446772261	0.49147753208738865	-0.6673005639931314
253.55975276486487	1.2789069036916068	0.49221269367850284	-0.6673258522121623
253.56675937837838	1.2793589100507985	0.49294483163823555	-0.6673475203700928
253.5737659918919	1.2798145695751366	0.49367312522644713	-0.6673654675493421
253.5807726054054	1.2802773088827981	0.49439943131081077	-0.6673810562231353
253.5877792189189	1.2807440148743021	0.4951223899038228	-0.6673932265844631
253.59478583243242	1.2812146760645293	0.49584212571113306	-0.6674021611748884
253.60179244594593	1.2816897102962264	0.49655906114200404	-0.6674080308145743
253.60879905945947	1.2821692240331264	0.4972732424495385	-0.6674112856880682
253.61580567297298	1.2826537887727014	0.4979849634492615	-0.6674125352129237
253.6228122864865	1.2831438942279794	0.49869439344719413	-0.6674124374558817
253.6298189	1.2836400751899641	0.49940165080287896	-0.6674117991734485
253.63682551351351	1.2841435772556973	0.5001071315173019	-0.6674116041656056
253.64383212702703	1.2846560518187202	0.500811763412113	-0.6674124297988417
253.65083874054054	1.2851790437322073	0.5015163283436839	-0.6674149823495167
253.65784535405405	1.285714452124338	0.5022216125398906	-0.6674203247703296
253.66485196756756	1.2862652859727377	0.502928874435509	-0.6674301067003189
253.67185858108107	1.2868351870226196	0.5036395967281643	-0.667446317204291
253.6788651945946	1.2874255536943806	0.5043547470198176	-0.6674690939176721
253.68587180810812	1.2880410866345577	0.5050762390051533	-0.6675009585742679
253.69287842162163	1.2886858517745312	0.5058059711155549	-0.6675437368289054
253.69988503513514	1.2893652239125952	0.5065462853540886	-0.6676000203538338
253.70689164864865	1.2900862058578002	0.507300206139891	-0.6676731824722195
253.71389826216216	1.290856349508748	0.5080707769484836	-0.6677672108788305
253.72090487567567	1.2916842982575139	0.5088615225488603	-0.6678865039606167
253.72791148918918	1.2925799515963636	0.5096765261487025	-0.6680359163484932
253.7349181027027	1.2935549337085206	0.5105206405976792	-0.6682210288504313
253.7419247162162	1.2946226812322266	0.5113994961101468	-0.668448272722777
253.74893132972971	1.2957988192379437	0.512319609912395	-0.6687251838165877
253.75593794324325	1.2970980679877813	0.5132863203709066	-0.6690602605187983
253.76294455675676	1.2985485004906718	0.5143124843002469	-0.6694648214345584
253.76995117027028	1.3001689287591465	0.515405447230798	-0.6699489013285044
253.77695778378379	1.3019865896540754	0.5165763213896861	-0.670526028439697
253.7839643972973	1.304033547928489	0.5178382440971517	-0.6712117964864796
253.7909710108108	1.3063442250482098	0.5192054334056044	-0.6720228165356508
253.79797762432432	1.308959141374728	0.5206944816171423	-0.6729788513517124
253.80498423783783	1.3119248144342637	0.5223243130649422	-0.6741028578782378
253.81199085135134	1.315292615663142	0.524115646460538	-0.6754203335549435
253.81899746486485	1.3191229261339872	0.5260929144988225	-0.6769608003910584
253.8260040783784	1.323479513971547	0.5282817045066494	-0.6787558445294306
253.8330106918919	1.3284345547806886	0.530710763241224	-0.6808413640659726
253.8400173054054	1.3340668740274786	0.5334113076728966	-0.6832566249299122
253.84702391891892	1.340462088338538	0.5364169566715336	-0.6860445120335869
253.85403053243243	1.3477104997212077	0.5397626867890427	-0.6892505813741733
253.86103714594594	1.3559061593912072	0.5434841186466774	-0.6929232673461027
253.86804375945945	1.3651441972823544	0.547616741177825	-0.6971111971864676
253.87505037297296	1.375516626972756	0.5521932190904353	-0.701863386689996
253.88205698648648	1.38710722200639	0.5572414934434031	-0.7072256344668737
253.8890636	1.399985958102989	0.5627819117693266	-0.7132387937606491
253.89607021351353	1.4141982186249373	0.5688225700893014	-0.719933371983065
253.90307682702704	1.4297571333209302	0.5753556750947214	-0.7273264269784044
253.91008344054055	1.4466301821319207	0.5823517139963937	-0.7354152692048271
253.91709005405406	1.4647273417612618	0.5897542583034474	-0.7441725705232125
253.92409666756757	1.4838877272637523	0.5974744046301913	-0.7535383903724524
253.93110328108108	1.5038676402949638	0.6053858714114034	-0.7634166739952599
253.9381098945946	1.5243344501521865	0.6133232158328422	-0.7736708180049108
253.9451165081081	1.5448607875242268	0.6210802244158916	-0.7841205694386153
253.9521231216216	1.5649301118280459	0.6284137611287445	-0.7945437531640102
253.95912973513512	1.58395136052644	0.6350518388711341	-0.8046821210950764
253.96613634864866	1.6012841779841742	0.6407066572752012	-0.8142514585903016
253.97314296216217	1.6162752580241766	0.6450923118429979	-0.8229571580605545
253.98014957567568	1.6283016335363534	0.6479454774209836	-0.8305126980812217
253.9871561891892	1.636819798342349	0.6490478985875957	-0.8366614149107959
253.9941628027027	1.641411307056228	0.6482468048123751	-0.841196195113181
254.00116941621621	1.6418174651408641	0.6454694187065914	-0.8439764517853756
254.00817602972973	1.6379750527190273	0.6407366503626062	-0.8449402495468108
254.01518264324324	1.630007625593468	0.6341559421773089	-0.8441079646521643
254.02218925675675	1.6182199839564184	0.6259165204366264	-0.8415785410597852
254.02919587027026	1.6030653051870303	0.6162706664234455	-0.8375160523952363
254.0362024837838	1.5851087128803065	0.6055146881291795	-0.8321352914359277
254.0432090972973	1.5649694204532103	0.5939605456653305	-0.825677854583882
254.05021571081082	1.5432903688569832	0.5819208520493728	-0.8183997444008567
254.05722232432433	1.520678446608312	0.569681967620454	-0.8105460167306939
254.06422893783784	1.497686645578994	0.5574960234849506	-0.8023433586927747
254.07123555135135	1.474796114112812	0.5455747897938397	-0.7939915825027467
254.07824216486486	1.4523921152421586	0.5340797957668594	-0.7856538152266579
254.08524877837837	1.4307713089580074	0.5231276014533135	-0.7774591414290446
254.09225539189188	1.41015290491301	0.5127965285159712	-0.7695064257607599
254.0992620054054	1.3906760377528669	0.5031276009083423	-0.7618625056374624
254.1062686189189	1.3724155532074802	0.4941320491016187	-0.7545688532959198
254.11327523243244	1.3553958758052693	0.4857991193312273	-0.747646546699644
254.12028184594595	1.3396005476253403	0.47810095541086295	-0.7410998832424888
254.12728845945946	1.3249841936503701	0.47099841004299675	-0.7349212856254185
254.13429507297298	1.3114801411165988	0.4644448104920983	-0.7290939386711821
254.14130168648649	1.2990083744886582	0.4583897499348721	-0.7235949274963199
254.1483083	1.2874813802748137	0.4527815506946988	-0.7183978315552746
254.1553149135135	1.276807662444895	0.4475688306504432	-0.7134738545163769
254.16232152702702	1.26689678092672	0.4427025034297301	-0.7087938751720377
254.16932814054053	1.2576597416887443	0.4381358611160831	-0.7043284844293433
254.17633475405404	1.2490135817499717	0.43382639661734973	-0.700050118391149
254.18334136756758	1.2408846027007894	0.42973718463953364	-0.6959343522079925
254.1903479810811	1.233203851366107	0.4258344723325825	-0.6919581251181783
254.1973545945946	1.2259103459679714	0.4220890634491209	-0.6881007760946323
254.2043612081081	1.218950505386395	0.41847577865447927	-0.68434430100864
254.21136782162162	1.212278278617302	0.4149733904581653	-0.6806733300073878
254.21837443513513	1.2058524490055091	0.41156333850631754	-0.6770743785289761
254.22538104864864	1.1996396570464285	0.4082308713576884	-0.6735365998626288
254.23238766216215	1.193613663497821	0.40496475038172725	-0.6700515571569196
254.23939427567566	1.187750942397695	0.40175509218611677	-0.6666118047629344
254.24640088918918	1.1820326221293653	0.3985942090579516	-0.6632114739881622
254.25340750270271	1.1764381178670098	0.39547366145350754	-0.6598443024271664
254.26041411621623	1.1709672796849384	0.39239417581259584	-0.6565108872498087
254.26742072972974	1.1656013638631721	0.38934893608402016	-0.6532051717475199
254.27442734324325	1.1603327964754557	0.3863354396955259	-0.6499253550597541
254.28143395675676	1.1551545774771905	0.3833515042523545	-0.64666968376776
254.28844057027027	1.1500619245781816	0.38039598071865016	-0.6434371570902417
254.29544718378378	1.1450510031453638	0.37746811305124706	-0.6402269666682834
254.3024537972973	1.1401186905128489	0.3745673619740546	-0.6370387043663697
254.3094604108108	1.1352625108084438	0.37169347242785566	-0.6338719863869947
254.3164670243243	1.130480391314617	0.3688462700025056	-0.6307266639008143
254.32347363783785	1.125771649886341	0.366026120133738	-0.6276029887075547
254.33048025135136	1.1211350347705173	0.36323305604815503	-0.6245011601253655
254.33748686486487	1.116569438878475	0.36046708162289803	-0.6214210480793783
254.34449347837838	1.1120748663109656	0.3577288673775932	-0.6183632555630925
254.3515000918919	1.1076490746510945	0.35501800287721885	-0.6153271696884819
254.3585067054054	1.1032907071021658	0.3523344072927307	-0.6123125612961923
254.36551331891891	1.0989988104257795	0.34967810091863255	-0.6093194466113416
254.37251993243243	1.0947717094257365	0.3470487905105256	-0.6063474367601523
254.37952654594594	1.0906071335290966	0.344445934236613	-0.6033959950100601
254.38653315945945	1.0865032411651794	0.34186914509269245	-0.6004647195530639
254.39353977297299	1.0824569844890808	0.33931750955743384	-0.5975526838371265
254.4005463864865	1.0784658180546662	0.3367903142054429	-0.5946592953417014
254.407553	1.0745268611463847	0.33428670075098454	-0.5917838348192591
254.41455961351352	1.0706369785396364	0.33180576040237847	-0.5889252526719128
254.42156622702703	1.0667933860110619	0.32934670569521013	-0.5860827533309538
254.42857284054054	1.0629930857439618	0.3269086030870662	-0.5832553922361875
254.43557945405405	1.0592329701571759	0.32449047727100117	-0.5804423366169249
254.44258606756756	1.0555101085385572	0.32209143930360457	-0.5776427598243604
254.44959268108107	1.0518214214475328	0.31971051705415365	-0.5748556920646107
254.45659929459458	1.0481636083240484	0.31734666907048253	-0.5720802590727482
254.4636059081081	1.0445340615538339	0.3149991107971973	-0.5693157890350454
254.47061252162163	1.0409300962072483	0.3126669799825762	-0.566561461694172
254.47761913513514	1.037349248923056	0.31034955061225283	-0.5638165917470555
254.48462574864865	1.0337894980347164	0.3080462674745443	-0.5610805832024655
254.49163236216216	1.0302485005104727	0.3057564252267076	-0.5583526073786078
254.49863897567568	1.0267241637192832	0.3034794446580455	-0.5556320121677519
254.50564558918919	1.0232162625063925	0.30121541038955063	-0.5529181787661515
254.5126522027027	1.0197205586514992	0.298962711407031	-0.5502112632909296
254.5196588162162	1.0162368714153036	0.2967219092416141	-0.547509987531335
254.52666542972972	1.0127638277925297	0.2944924642414948	-0.5448142223825614
254.53367204324323	1.0093002947248009	0.2922741472223986	-0.542123562484424
254.54067865675677	1.0058447016390573	0.2900664908365096	-0.539437758301745
254.54768527027028	1.0023964269861676	0.28786962282101614	-0.5367560727669711
254.5546918837838	0.9989542842965627	0.28568306677967603	-0.5340784434779933
254.5616984972973	0.9955172209770647	0.2835066188747307	-0.5314045009736986
254.5687051108108	0.9920846364998794	0.28134018032102315	-0.5287340729524845
254.57571172432432	0.9886558081734489	0.2791835686922649	-0.5260671282943843
254.58271833783783	0.985230881991182	0.2770371156131756	-0.5234029956008802
254.58972495135134	0.9818094846394342	0.2749006032881911	-0.5207420209466914
254.59673156486485	0.9783913798039637	0.2727739915556224	-0.5180841969816429
254.60373817837836	0.9749765912193564	0.27065730897067486	-0.5154295319291805
254.6107447918919	0.9715654717190314	0.26855071294711813	-0.5127781510989622
254.61775140540541	0.96815757227983	0.2664539988221071	-0.5101301976675443
254.62475801891893	0.9647551593992436	0.2643682523413999	-0.5074852173971154
254.63176463243244	0.96135785384165	0.2622930919127288	-0.5048436464710452
254.63877124594595	0.9579662660548025	0.2602287954349856	-0.5022055211919255
254.64577785945946	0.9545805113977098	0.25817541087907814	-0.4995706821750825
254.65278447297297	0.9512014236626452	0.25613322064643096	-0.49693914398614736
254.65979108648648	0.9478302416310149	0.25410263526290505	-0.4943110447927195
254.6667977	0.9444679231960883	0.25208396557329693	-0.49168647766903
254.6738043135135	0.9411141617476522	0.25007668582708614	-0.4890662137660103
254.68081092702704	0.9377708860447054	0.24808247726573907	-0.48644843102560426
254.68781754054055	0.9344394360854537	0.24610079168550691	-0.4838347054520222
254.69482415405406	0.9311201833301622	0.24413193122919422	-0.4812249072627494
254.70183076756757	0.9278130594957512	0.24217586324780727	-0.4786187989364365
254.70883738108108	0.9245180077649225	0.24023258518986884	-0.4760164143444871
254.7158439945946	0.9212350068279064	0.23830205512963662	-0.4734177076360009
254.7228506081081	0.9179643039380122	0.2363843642317243	-0.47082285662984724
254.72985722162161	0.9147053965799483	0.2344793003948713	-0.46823180839789447
254.73686383513513	0.911457786807986	0.2325867289982896	-0.4656446256611772
254.74387044864864	0.9082208740047516	0.23070643806479166	-0.4630612784506185
254.75087706216217	0.9049938711211276	0.2288382711772897	-0.46048162833770745
254.75788367567569	0.9017753181238595	0.22698155740638876	-0.4579060299605533
254.7648902891892	0.8985631931033974	0.22513582184489006	-0.45533435913700476
254.7718969027027	0.8953581266155406	0.22330134521207798	-0.45276649106592703
254.77890351621622	0.8921582152365992	0.22147746176519398	-0.45020256116728263
254.78591012972973	0.8889622018842416	0.21966385021867046	-0.44764265829799527
254.79291674324324	0.8857683263357148	0.21786000824438292	-0.4450866385249629
254.79992335675675	0.8825744643416802	0.21606531640913584	-0.4425347151446257
254.80692997027026	0.8793808926204406	0.2142800233017698	-0.43998655875103765
254.81393658378377	0.8761852817342283	0.21250336956884835	-0.4374423873654762
254.82094319729728	0.8729862139839678	0.21073500324602704	-0.4349021503432007
254.82794981081082	0.8697822696899895	0.20897458175029066	-0.43236589006545695
254.83495642432433	0.8665720252806529	0.20722174593218903	-0.4298335684710272
254.84196303783784	0.8633535689325808	0.20547588572880945	-0.42730570822674385
254.84896965135135	0.8601267551195483	0.2037374830413837	-0.4247812513033489
254.85597626486486	0.8568901110114864	0.20200577712638373	-0.4222610393737266
254.86298287837838	0.8536422774797602	0.20028057395022647	-0.41974492838591343
254.8699894918919	0.8503819957564058	0.19856161112234846	-0.4172329089288015
254.8769961054054	0.8471079288511849	0.19684860155931108	-0.4147249298430456
254.8840027189189	0.8438191664660143	0.19514144082136473	-0.41222112110274634
254.89100933243242	0.8405145962596201	0.19343989533844258	-0.40972145743269434
254.89801594594596	0.8371932601011198	0.1917438228235509	-0.40722591032476385
254.90502255945947	0.8338527479396058	0.19005253414765505	-0.4047350935239444
254.91202917297298	0.8304946310779339	0.18836716134018908	-0.4022475614236422
254.9190357864865	0.8271175675034362	0.18668692968077996	-0.3997644228742996
254.9260424	0.823720570685365	0.18501182273912167	-0.39728554252852594
254.9330490135135	0.8203030083373352	0.18334179745330673	-0.3948109452191765
254.94005562702702	0.8168641953319467	0.18167684202522508	-0.3923406213479295
254.94706224054053	0.8134037116697013	0.18001699177540845	-0.38987467542961096
254.95406885405404	0.8099208426063321	0.17836219152210703	-0.38741295263619213
254.96107546756755	0.8064152962894777	0.17671253777119791	-0.38495550694648506
254.9680820810811	0.802886823294544	0.1750681180980176	-0.3825024207441706
254.9750886945946	0.7993347805860057	0.17342895397509775	-0.3800536823126447
254.98209530810811	0.7957586986612092	0.17179505385207042	-0.3776092173566168
254.98910192162163	0.7921582694224788	0.17016650131480549	-0.3751690473085769
254.99610853513514	0.788533272366062	0.1685434098286189	-0.37273318271455547
255.00311514864865	0.7848831086546373	0.166925767576226	-0.3703016489568374
255.01012176216216	0.7812083800965631	0.16531395793007675	-0.36787421318529867
255.01712837567567	0.7775088177048876	0.1637080005578533	-0.3654510064833157
255.02413498918918	0.773784424263578	0.1621080508384703	-0.3630319866802955
255.0311416027027	0.7700353694815705	0.1605143267819154	-0.3606171256901869
255.03814821621623	0.7662617265255623	0.15892698876223305	-0.35820629466816367
255.04515482972974	0.7624631735154335	0.15734605022792494	-0.3557997353760126
255.05216144324325	0.7586408045484265	0.1557721578924041	-0.35339661408611306
255.05916805675676	0.7547946419742734	0.15420519768343557	-0.3509973755782435
255.06617467027027	0.7509249025954329	0.15264540987936712	-0.34860187068140297
255.07318128378378	0.7470319892421186	0.1510930460089156	-0.3462100254651136
255.0801878972973	0.7431163053853195	0.14954832286096845	-0.34382175624620426
255.0871945108108	0.739177852524572	0.14801136806249435	-0.341436876579472
255.09420112432431	0.7352171898468317	0.14648243555670645	-0.3390553908862736
255.10120773783783	0.7312345558212657	0.1449617148545688	-0.33667717447402695
255.10821435135136	0.7272292301135137	0.1434491196818988	-0.33430240698466834
255.11522096486487	0.7232030021279627	0.14194538918095134	-0.3319301740706218
255.12222757837839	0.7191554169433069	0.14045030703283973	-0.32956091797103143
255.1292341918919	0.7150864456538896	0.13896402752000234	-0.327194460300171
255.1362408054054	0.7109959617328617	0.13748667523047836	-0.3248306433729406
255.14324741891892	0.7068838266806053	0.13601833523489876	-0.322469321385256
255.15025403243243	0.7027496368424971	0.13455904561700205	-0.32011036521508235
255.15726064594594	0.6985929905229218	0.13310885608571024	-0.31775364175061616
255.16426725945945	0.6944134908261338	0.13166783384549874	-0.3153990768985576
255.17127387297296	0.6902103277477074	0.13023593373510345	-0.31304646238587014
255.17828048648647	0.6859827588172422	0.12881317067580736	-0.31069571897473897
255.1852871	0.6817297281680604	0.12739946100088317	-0.30834664274160206
255.19229371351352	0.6774503930697071	0.1259948175042854	-0.30599915408915496
255.19930032702703	0.6731435843233172	0.12459917213220588	-0.30365305439442586
255.20630694054054	0.6688081781107377	0.1232124671379796	-0.3013082723851363
255.21331355405405	0.6644399111776097	0.1218342589084097	-0.2989653719328312
255.22032016756756	0.6600429686394426	0.12046545127871029	-0.2966222235763523
255.22732678108108	0.6556139184048192	0.11910537789953961	-0.2942800159935626
255.2343333945946	0.6511514179777727	0.11775402137422986	-0.29193850259193965
255.2413400081081	0.6466543207505298	0.11641140037097603	-0.28959760802230233
255.2483466216216	0.6421211655160072	0.11507745386329367	-0.28725708866738253
255.25535323513515	0.6375527864097896	0.11375242588701295	-0.2849160256195407
255.26235984864866	0.6329442274820364	0.11243561549720613	-0.2825761229498243
255.26936646216217	0.6282958098999563	0.1111275427977503	-0.2802360850594356
255.27637307567568	0.6236061197180938	0.10982810598771177	-0.2778960331771157
255.2833796891892	0.618874644845951	0.108537565011264	-0.2755552884124531
255.2903863027027	0.6141000596113775	0.10725574380583586	-0.27321403398847083
255.2973929162162	0.6092814517427628	0.10598273708719812	-0.2708720893713901
255.30439952972972	0.6044178424941997	0.10471861204677965	-0.26852931403254915
255.31140614324323	0.5995083612525597	0.10346344878755619	-0.2661855641117029
255.31841275675674	0.5945523147492405	0.10221736030946953	-0.2638406781730462
255.32541937027028	0.5895489286693254	0.10098044195627037	-0.2614944511601599
255.3324259837838	0.5844976475824197	0.09975283525592481	-0.25914674504628205
255.3394325972973	0.5793980211275266	0.09853467932740372	-0.25679740764747333
255.34643921081081	0.5742497451840726	0.09732614288805536	-0.25444632759556196
255.35344582432433	0.5690525974231648	0.09612742676459961	-0.25209337824877215
255.36045243783784	0.5638061766961281	0.09493857049221688	-0.2497389077604467
255.36745905135135	0.5585098704283346	0.09376009265940047	-0.24738133998477602
255.37446566486486	0.5531647246306174	0.09259192863031784	-0.24502160840829795
255.38147227837837	0.5477703237031883	0.09143431042116772	-0.24265939100865008
255.38847889189188	0.5423268705127247	0.09028747271145048	-0.24029449611124934
255.39548550540542	0.5368346860761845	0.08915165166852836	-0.23792679066314953
255.40249211891893	0.5312945627533527	0.08802715082716912	-0.23555623367351827
255.40949873243244	0.5257068894878537	0.08691417879739075	-0.23318267131167675
255.41650534594595	0.5200720882041233	0.08581295194243568	-0.23080592386109974
255.42351195945946	0.5143908151838936	0.08472371587332395	-0.22842594069396946
255.43051857297297	0.5086637270705728	0.08364669141689916	-0.22604258821236886
255.43752518648648	0.5028915143513447	0.08258210435001485	-0.2236557699817382
255.4445318	0.497074715225698	0.08153015785205653	-0.22126537970148114
255.4515384135135	0.4912139722422159	0.08049105839085159	-0.218871331045868
255.45854502702701	0.4853101004043225	0.07946504152020882	-0.21647356885871424
255.46555164054055	0.47936369605378637	0.07845227324691341	-0.2140719921570319
255.47255825405406	0.47337532353528566	0.07745291234370616	-0.21166650463338443
255.47956486756757	0.46734569041655566	0.07646716652733893	-0.20925704786071858
255.48657148108109	0.4612752941544171	0.07549517740124918	-0.20684361347510904
255.4935780945946	0.45516439608512194	0.07453706923939457	-0.20442604936624414
255.5005847081081	0.4490137126312826	0.07359302365502658	-0.20200435758872493
255.50759132162162	0.44282362758342814	0.07266320295639865	-0.1995783766787967
255.51459793513513	0.4365948661661807	0.07174775574579596	-0.19714817214145308
255.52160454864864	0.4303276309510122	0.0708467937646604	-0.19471361270146204
255.52861116216215	0.4240224728966879	0.06996047811214622	-0.19227463818791232
255.53561777567566	0.4176802000740716	0.069088988809511	-0.18983124886332123
255.5426243891892	0.4113014121803552	0.06823248775524002	-0.1873833366356976
255.5496310027027	0.404886906958495	0.06739114731696176	-0.18493084814520835
255.55663761621622	0.39843733665425407	0.06656511057690795	-0.18247371935695114
255.56364422972973	0.3919532648621125	0.06575456834237108	-0.18001207926477816
255.57065084324324	0.38543516796337945	0.06495962186888367	-0.1775452723039558
255.57765745675675	0.37888385532490754	0.06418035548520809	-0.17507348258260258
255.58466407027026	0.3722999504150632	0.06341691947007976	-0.17259666257738407
255.59167068378378	0.36568391094421204	0.06266943335584883	-0.1701145572539942
255.5986772972973	0.3590364064268289	0.06193804545637437	-0.167627008952509
255.6056839108108	0.35235794003231874	0.06122285931869019	-0.16513381887910716
255.61269052432434	0.34564884455070766	0.060523974750719876	-0.16263466295468504
255.61969713783785	0.3389096309325775	0.0598415161783253	-0.16012922078685393
255.62670375135136	0.3321408260315896	0.059175596124751505	-0.15761711077024876
255.63371036486487	0.32534243545236	0.058526303262306775	-0.15509782857618154
255.64071697837838	0.31851464988933476	0.05789371097312169	-0.15257080200690215
255.6477235918919	0.31165747189803333	0.05727791738842456	-0.1500353745932448
255.6547302054054	0.304770405367076	0.05667896533467143	-0.1474907360207494
255.6617368189189	0.2978530329107139	0.056096921192426	-0.14493601021980104
255.66874343243242	0.29090404452880675	0.05553179890361954	-0.14237004392538752
255.67575004594593	0.28392224844526487	0.05498364639517225	-0.13979153225741905
255.68275665945947	0.27690573570092014	0.05445246146162618	-0.13719893383567444
255.68976327297298	0.26985204475730257	0.053938233376358495	-0.1345904241471465
255.6967698864865	0.2627583258535466	0.053440960500355524	-0.1319639335671468
255.7037765	0.25562061344763654	0.052960583594622246	-0.12931695010727487
255.71078311351351	0.24843375591945538	0.052497004139947775	-0.12664645672505193
255.71778972702703	0.24119228261294176	0.052050168592775115	-0.12394919769814568
255.72479634054054	0.2338883867127939	0.051619943478026585	-0.12122098585586577
255.73180295405405	0.22651383024756871	0.051206221490254604	-0.11845729344917053
255.73880956756756	0.2190579114932607	0.05080884036649778	-0.11565262510977502
255.74581618108107	0.21150818949158773	0.05042764114828071	-0.1128006846901469
255.7528227945946	0.2038501378668452	0.05006248185613889	-0.1098942465379645
255.75982940810812	0.19606582772899078	0.04971314150396816	-0.1069244053586948
255.76683602162163	0.1881355916989516	0.0493794148595336	-0.10388164571973535
255.77384263513514	0.18003551903564136	0.04906111209219269	-0.10075449275820991
255.78084924864865	0.1717383701483821	0.0487580815691024	-0.09752996046254686
255.78785586216216	0.16321214627841105	0.048470156393429234	-0.0941929503991069
255.79486247567567	0.1544205236895025	0.0481972645461614	-0.09072637792661382
255.80186908918918	0.14532165070072478	0.0479393911317892	-0.08711058008675207
255.8088757027027	0.13586840069484862	0.047696607373481435	-0.0833234606047196
255.8158823162162	0.1260072990795696	0.047469101524987845	-0.07933998177300347
255.82288892972974	0.11567862270953265	0.04725722030376347	-0.07513213519889402
255.82989554324325	0.10481605964083478	0.04706152267534623	-0.07066868700213187
255.83690215675676	0.09334727946363262	0.0468827936580023	-0.06591545806440463
255.84390877027027	0.0811937140976375	0.0467221006691876	-0.060835073044551206
255.85091538378379	0.06827253393656302	0.046580891777234706	-0.05538763895931727
255.8579219972973	0.05449734731846841	0.046460994195148354	-0.049531012071559626
255.8649286108108	0.039781562561590204	0.046364659821076265	-0.04322222174301734
255.87193522432432	0.02404147302634407	0.046294631228594584	-0.03641848502236493
255.87894183783783	0.0072022531113733294	0.04625418932354629	-0.029079626517883313
255.88594845135134	-0.010794753211120217	0.04624725782305088	-0.021171193135473724
255.89295506486488	-0.029990550600424645	0.04627798070213348	-0.012664450469407024
255.8999616783784	-0.05038595761461197	0.04635092198756542	-0.0035466999029630155
255.9069682918919	-0.07193829567354698	0.04647096667963479	0.006178084819149542
255.9139749054054	-0.09454633300543487	0.04664296424241291	0.01648277872883814
255.92098151891892	-0.11803567755893048	0.04687138274327906	0.027310713791616842
255.92798813243243	-0.14214682143314925	0.04715988026526636	0.03857036708882087
255.93499474594594	-0.1665251995407659	0.04751083992632762	0.05013069713158077
255.94200135945945	-0.19071687885985827	0.04792478889989715	0.061818447683592674
255.94900797297296	-0.2141708900059677	0.04839989345819171	0.07341836006310311
255.95601458648648	-0.23625303446660087	0.0489314107324438	0.08467747675263365
255.9630212	-0.25627039552068254	0.04951160248238455	0.09531416860385089
255.97002781351352	-0.27350938256853957	0.05012971382079788	0.10503239782729588
255.97703442702704	-0.2872818332440415	0.05077230478881001	0.11353983431212122
255.98404104054055	-0.29697933570591106	0.05142387953186369	0.12056926741111124
255.99104765405406	-0.30212665213666845	0.052067867374489166	0.12590033810984608
255.99805426756757	-0.30242865369784394	0.05268778821883596	0.12937909505760756
256.0050608810811	-0.2978010641759938	0.05326846200750863	0.13093153253733725
256.0120674945946	-0.2883876503651177	0.053797007767141296	0.1305726016868715
256.0190741081081	-0.2745442287765134	0.05426402196966987	0.12840113487093796
256.0260807216216	-0.25681483120035764	0.054663895349082	0.12459282359241936
256.0330873351351	-0.2358834391664778	0.054994674303653214	0.11938276005198326
256.04009394864863	-0.21251805704333848	0.055257753345713756	0.11304486745268588
256.04710056216214	-0.187515054767808	0.05545732669229571	0.10587009403744033
256.05410717567565	-0.16164771478073556	0.055599347575939054	0.09814756361907333
256.06111378918916	-0.13562104191812704	0.055691066889825454	0.09014523998744434
256.0681204027027	-0.11004670242549379	0.05574022708920439	0.08210038930888645
256.07512701621624	-0.08542341071893879	0.05575438123004902	0.07421091190654024
256.08213362972975	-0.06213371345128129	0.05574057566611759	0.06663333428267272
256.08914024324326	-0.04044929822463341	0.05570506944804089	0.05948375002199974
256.0961468567568	-0.02054056082703684	0.05565315888189882	0.05284072909669591
256.1031534702703	-0.0024921534906333447	0.05558917612115307	0.04675065721607689
256.1101600837838	0.013680671365262135	0.055516529264134806	0.04123344104955178
256.1171666972973	0.028017229587843827	0.05543784500000149	0.03628785890044253
256.1241733108108	0.040596067651303636	0.05535505797795656	0.03189706067463502
256.13117992432433	0.05152227418477457	0.05526957342674239	0.02803319556880191
256.13818653783784	0.06091642462952033	0.055182396844987686	0.024661740308417217
256.14519315135135	0.06891129386518702	0.05509401881297963	0.02174261237998756
256.15219976486486	0.07563735258671811	0.05500482335259146	0.019235365014781305
256.15920637837837	0.08122384785616721	0.05491499314939791	0.017099190721544213
256.1662129918919	0.08579428178176791	0.05482459066308121	0.015294622741077181
256.1732196054054	0.08946458914186894	0.05473358601676935	0.013784190532036156
256.1802262189189	0.0923417335506576	0.05464193853207311	0.0125331752018741
256.1872328324324	0.09452311407898954	0.05454953620549122	0.011509700364599166
256.1942394459459	0.0960966928497581	0.05445627253811164	0.010684856705038579
256.20124605945944	0.09714132263075181	0.054362046182685905	0.010032671987553044
256.20825267297295	0.09772696510297477	0.05426676239431395	0.009529964935889599
256.2152592864865	0.09791573332709666	0.05417034020573587	0.0091561866092711
256.2222659	0.09776221194768646	0.054072701665531034	0.008893212165236124
256.22927251351354	0.09731429491716341	0.05397378744850769	0.00872512155996818
256.23627912702705	0.09661388898416716	0.05387358021150361	0.0086380417493175
256.24328574054056	0.09569738934677274	0.05377204041238312	0.008619795125925511
256.25029235405407	0.09459681187196904	0.05366914371754032	0.008659669632349673
256.2572989675676	0.09333915031943413	0.053564886332523313	0.008748669373353089
256.2643055810811	0.0919482500271849	0.05345930883767608	0.00887890527508577
256.2713121945946	0.09044480817918513	0.05335242653039904	0.009043463046907443
256.2783188081081	0.08884658056612768	0.05324425193489184	0.009236365301081063
256.2853254216216	0.08716904969917394	0.05313481968287196	0.00945248810564504
256.29233203513513	0.08542549448613826	0.05302416515196315	0.0096874127225074
256.29933864864864	0.0836273927356639	0.05291230445570558	0.00993729753519268
256.30634526216215	0.0817846312095722	0.05279928645370027	0.010198884785407493
256.31335187567566	0.07990564980592092	0.0526851496298702	0.010469370193874984
256.3203584891892	0.07799781299087814	0.05256992936323769	0.010746322813321238
256.3273651027027	0.07606754323585439	0.052453685220727506	0.01102769963587935
256.3343717162162	0.07412027853645173	0.052336448817290326	0.011311722699589055
256.3413783297297	0.07216089047631927	0.05221827849697355	0.01159690658098467
256.3483849432432	0.07019343267536293	0.0520992277229081	0.011882023328414652
256.35539155675673	0.06822162494776383	0.05197932299744742	0.01216590789097143
256.3623981702703	0.06624855639886844	0.0518586166605586	0.012447666070870377
256.3694047837838	0.064277029163676	0.05173714226723615	0.01272647073937641
256.3764113972973	0.06230951167792885	0.051614945269349864	0.013001691943124418
256.38341801081083	0.060348339459526834	0.051492084315787584	0.013272818125341326
256.39042462432434	0.058395168036158664	0.05136856317443838	0.01353924594774784
256.39743123783785	0.05645179854753768	0.05124442911163916	0.013800659779879907
256.40443785135136	0.05451977780321915	0.05111971108395385	0.014056714317270355
256.41144446486487	0.05260045336775478	0.05099443609730945	0.014307123933389716
256.4184510783784	0.05069514323823413	0.05086864739162799	0.014551686220061212
256.4254576918919	0.04880497901025498	0.05074238028835777	0.01479023440578332
256.4324643054054	0.046930981321228006	0.0506156721653385	0.01502267256764017
256.4394709189189	0.04507396244170285	0.05048855133728343	0.01524890577370742
256.4464775324324	0.04323474736119761	0.05036104491238825	0.015468849151037984
256.45348414594594	0.04141414406276323	0.050233185354654604	0.01568246328210893
256.46049075945945	0.03961289243583403	0.050104988163645725	0.015889641594971842
256.46749737297296	0.03783147219523761	0.049976487051221485	0.016090399883258045
256.47450398648647	0.03607039954368788	0.04984770215730003	0.016284716538865537
256.4815106	0.03433013966579565	0.04971865687631634	0.016472614144922428
256.4885172135135	0.032611070363953394	0.04958939337894383	0.016654104624271117
256.495523827027	0.030913633660410323	0.049459936334155345	0.016829219792703146
256.50253044054057	0.029237860636894496	0.049330293170785244	0.016998008628594498
256.5095370540541	0.027584556332923376	0.04920051284603374	0.01716051559582263
256.5165436675676	0.02595375919948627	0.04907059520410824	0.017316791081337848
256.5235502810811	0.024345588176651826	0.04894057406519863	0.0174669218135401
256.5305568945946	0.022760284757323102	0.0488104842289118	0.017610980681319426
256.5375635081081	0.02119793153609719	0.04868034363263792	0.017749023909355708
256.54457012162163	0.01965863183637919	0.048550178392793214	0.017881139735622154
256.55157673513514	0.01814250141287562	0.048420012386753315	0.018007402262706654
256.55858334864865	0.01664960244810848	0.04828985958341433	0.018127869884768007
256.56558996216216	0.015180012172216468	0.04815974937201447	0.01824263415913693
256.5725965756757	0.013733696478349593	0.04802970628480461	0.018351813147076658
256.5796031891892	0.012310726387045794	0.047899753908867526	0.01845548469183948
256.5866098027027	0.01091097229312747	0.04776991536823034	0.018553769451037698
256.5936164162162	0.009534468255100114	0.047640217604173966	0.018646750558186972
256.6006230297297	0.008181234998234255	0.04751068403596059	0.018734517130540335
256.60762964324323	0.006851168334515938	0.04738132926580199	0.018817152591418033
256.61463625675674	0.0055442151914401865	0.047252176122433834	0.01889474856923563
256.62164287027025	0.004260269205408777	0.04712323945188374	0.018967398528144573
256.62864948378376	0.002999274767129759	0.04699454416060648	0.01903519857646067
256.63565609729727	0.0017610953571637568	0.046866106195197224	0.019098242820980618
256.6426627108108	0.0005456815742633497	0.04673795188360466	0.019156618243840125
256.64966932432435	-0.000647129906474793	0.04661010068735702	0.01921045020752809
256.65667593783786	-0.0018173669893090372	0.04648257906327531	0.019259852083066693
256.66368255135137	-0.002965077478745481	0.04635540887051751	0.019304906602119844
256.6706891648649	-0.004090304034221906	0.04622860591938366	0.019345691556889442
256.6776957783784	-0.005192941020089951	0.04610218465555066	0.01938226817676248
256.6847023918919	-0.006273112644876419	0.045976167868467664	0.019414764754760738
256.6917090054054	-0.007330754965655232	0.04585057830663552	0.019443271024926483
256.6987156189189	-0.008365840432046294	0.04572542858315699	0.019467868797040887
256.70572223243244	-0.009378371239628475	0.04560074034035314	0.019488669760741435
256.71272884594595	-0.010368306533585172	0.04547652961878442	0.019505779230338735
256.71973545945946	-0.011335420315352982	0.0453528154344963	0.019519285121413033
256.72674207297297	-0.012279671655588117	0.045229616271674246	0.019529285758202522
256.7337486864865	-0.013200876235622874	0.045106945464807785	0.01953586706612108
256.7407553	-0.014098846885571897	0.044984827374966466	0.01953912977522724
256.7477619135135	-0.01497348980357076	0.04486327802699154	0.019539184831611794
256.754768527027	-0.015824619952253264	0.0447423182187255	0.01953610926036802
256.7617751405405	-0.016652073787522096	0.0446219619843033	0.01952999210248248
256.76878175405403	-0.017455595995681503	0.04450222879007957	0.01952089860748978
256.77578836756754	-0.01823510130132275	0.04438313442143233	0.01950893828718443
256.78279498108105	-0.018990232130745157	0.04426470011596274	0.01949416501300622
256.7898015945946	-0.019721326212341055	0.044146924847379566	0.019476686806015955
256.79680820810813	-0.02042801217124232	0.04402984018819297	0.019456573497625182
256.80381482162164	-0.021110191003591995	0.04391346028375654	0.019433892224562047
256.81082143513515	-0.021767872071293	0.043797804153690716	0.019408756379919633
256.81782804864866	-0.02240103349218958	0.043682886420837876	0.019381246102237584
256.8248346621622	-0.02300964008978989	0.04356872166586436	0.019351446352479502
256.8318412756757	-0.023593700413060605	0.04345532831634204	0.019319445393615933
256.8388478891892	-0.024153275817098037	0.04334272286353707	0.019285336282233792
256.8458545027027	-0.024688467896452158	0.04323091509751011	0.01924919764029919
256.8528611162162	-0.025199327757523773	0.043119916781384736	0.01921109343431235
256.85986772972973	-0.025685939719488245	0.04300974268513163	0.019171083177867452
256.86687434324324	-0.026148375441326678	0.04290040204753531	0.019129226357782525
256.87388095675675	-0.026586849757570332	0.042791904479421	0.019085600477989947
256.88088757027026	-0.027001514970042335	0.0426842606664865	0.019040266097760716
256.88789418378377	-0.027392511580986666	0.04257748321598186	0.01899328107769716
256.8949007972973	-0.02776005978419866	0.042471582655176636	0.018944711798035006
256.9019074108108	-0.02810431996326194	0.04236656760793359	0.018894596490823142
256.9089140243243	-0.02842561796776236	0.04226244844225009	0.01884300803316908
256.9159206378378	-0.028724303418187328	0.04215923619177396	0.018790026605572746
256.9229272513513	-0.029000779898460945	0.04205693811308106	0.01873572058462849
256.9299338648649	-0.029255394846851454	0.04195556248369123	0.018680132195956916
256.9369404783784	-0.029488304832639894	0.04185515066144161	0.01862329326852935
256.9439470918919	-0.0297008306983478	0.04175558734257395	0.018565277073349745
256.9509537054054	-0.02989301911451448	0.04165697880401998	0.01850610827181958
256.95796031891894	-0.030065361315978093	0.041559312370605624	0.018445780629220428
256.96496693243245	-0.030218528842612544	0.04146259163406129	0.0183843215011738
256.97197354594596	-0.030353301533781074	0.0413668150839925	0.018321767310517236
256.97898015945947	-0.030470408794842207	0.04127199097552532	0.01825814518895994
256.985986772973	-0.03057057560767684	0.04117812429133414	0.018193452891258625
256.9929933864865	-0.030654631539298635	0.041085222683603234	0.018127727302762534
257.0	-0.030723441872	0.040993279878	0.018060972807
