t	CL	CD	CM
1.2e-6	0.4822357974299998	7874.464667999998	0.22088670417999995
0.007008205805805806	-1.8630719688061263e-6	0.25543244619298333	-3.0355182893466486e-7
0.014015211611611612	-1.7059555464670393e-6	0.18601125312624733	-2.690822561905304e-7
0.021022217417417416	-1.668200721189163e-6	0.15323618647599332	-2.708010038141673e-7
0.028029223223223224	-1.564350114247343e-6	0.1332078471614242	-2.2640179151829758e-7
0.03503622902902903	-1.554939561833462e-6	0.1193871218852578	-2.2705804334575093e-7
0.04204323483483483	-1.5312996308303697e-6	0.10913315105359755	-2.19410482286159e-7
0.04905024064064064	-1.4623889729717966e-6	0.10114694480115027	-1.8603950126326303e-7
0.05605724644644645	-1.4663656074085286e-6	0.09466478230344673	-1.8838405606541825e-7
0.06306425225225225	-1.4608378197576798e-6	0.08921840878807895	-1.8507516229979107e-7
0.07007125805805806	-1.4455212443992748e-6	0.08456889107715988	-1.7713752056550451e-7
0.07707826386386386	-1.429597550834051e-6	0.0805525502739963	-1.6701493482202683e-7
0.08408526966966967	-1.418565569828683e-6	0.07704151593066277	-1.5984492126127802e-7
0.09109227547547548	-1.4106274711145721e-6	0.07394474742342169	-1.5388466616842976e-7
0.09809928128128129	-1.3993158029423147e-6	0.07119181129449174	-1.470829936302324e-7
0.10510628708708708	-1.3893775946441463e-6	0.06872606542895578	-1.4062509604128633e-7
0.11211329289289289	-1.3777594470895379e-6	0.06650177037627127	-1.3367590706293663e-7
0.1191202986986987	-1.3661250308810431e-6	0.0644837453212805	-1.2729935193970736e-7
0.12612730450450452	-1.3500566900032075e-6	0.06264249191037627	-1.1995076058273796e-7
0.1331343103103103	-1.3597415050707378e-6	0.060956592767239616	-1.245582429019113e-7
0.1401413161161161	-1.35344238444898e-6	0.059405664014257384	-1.215578646814055e-7
0.14714832192192193	-1.3478415195861402e-6	0.05797261490173279	-1.183148390337883e-7
0.15415532772772772	-1.3355839310939931e-6	0.05664610578859132	-1.1219035494775038e-7
0.16116233353353354	-1.3218875178845456e-6	0.055413046070617915	-1.0461718216129833e-7
0.16816933933933934	-1.326929955212086e-6	0.05426439216849095	-1.0735485608072751e-7
0.17517634514514516	-1.312003338568173e-6	0.05319083370582266	-9.907689632480772e-8
0.18218335095095095	-1.3113297323797989e-6	0.05218441294239298	-9.80383243412024e-8
0.18919035675675674	-1.3101763936977976e-6	0.0512380008586027	-9.752679909862798e-8
0.19619736256256257	-1.3079639273369183e-6	0.05034671870693879	-9.596759049104101e-8
0.20320436836836836	-1.299676750639955e-6	0.04950746199832153	-9.158709010254408e-8
0.21021137417417418	-1.2904315888464462e-6	0.04871377475474517	-8.783394933276526e-8
0.21721837997997998	-1.2805516552826724e-6	0.047963389076811504	-8.247780073593862e-8
0.2242253857857858	-1.2724445079053576e-6	0.04725190931529095	-7.865405740393314e-8
0.2312323915915916	-1.2405198965800333e-6	0.046576073900113146	-6.174407057944034e-8
0.23823939739739738	-1.215352323779926e-6	0.04593350086718885	-5.0233160285852446e-8
0.2452464032032032	-1.1962452544714955e-6	0.045321631206207254	-4.154856692068343e-8
0.252253409009009	-1.1758383053427408e-6	0.04473832009784367	-3.1978414064488823e-8
0.2592604148148148	-1.151589091474458e-6	0.044182514065842844	-2.1384626797871257e-8
0.26626742062062064	-1.1215818525483414e-6	0.043651334633020476	-8.100356141832797e-9
0.2732744264264264	-1.0898042521060721e-6	0.043142818795405616	5.084385264394136e-9
0.28028143223223223	-1.0540355328034086e-6	0.04265465968419192	1.945493255458984e-8
0.28728843803803805	-1.0103336605904074e-6	0.04218788423805609	3.7111343017704955e-8
0.2942954438438438	-9.897453710544472e-7	0.041739812945818536	4.0101043787754055e-8
0.30130244964964964	-9.460651005638064e-7	0.04130939074945397	5.524187938272412e-8
0.30830945545545546	-8.906634582727018e-7	0.040895015322434634	7.382442127191534e-8
0.3153164612612613	-8.25633290475414e-7	0.040496140027478186	9.626969786460115e-8
0.32232346706706705	-7.484684780338267e-7	0.04011425141761142	1.2249378495978708e-7
0.32933047287287287	-6.585550353648491e-7	0.039743896805590505	1.5348572288918766e-7
0.3363374786786787	-5.524871691599534e-7	0.03938464411888554	1.9031773708414764e-7
0.34334448448448446	-4.2713845808373473e-7	0.03903617021124097	2.3228121799076957e-7
0.3503514902902903	-2.815952026290045e-7	0.03869813760724467	2.825012385860853e-7
0.3573584960960961	-1.0899612821613984e-7	0.038370198772506796	3.41042311467081e-7
0.3643655019019019	9.270626586286348e-8	0.038052006365745385	4.098496276088559e-7
0.3713725077077077	3.2722535492605316e-7	0.03774326232256492	4.89887801492843e-7
0.3783795135135135	6.023231575789788e-7	0.03744352855211247	5.830911574351431e-7
0.38538651931931933	9.226994320832116e-7	0.0371525292614449	6.916534869298588e-7
0.3923935251251251	1.2958016085996371e-6	0.03686993913259591	8.173454095655799e-7
0.3994005309309309	1.728170942129624e-6	0.03659544702685833	9.633870823112299e-7
0.40640753673673674	2.234991373395358e-6	0.03632875194511861	1.1323394916407361e-6
0.41341454254254256	2.8230603446656525e-6	0.036069565501661	1.3291639189860877e-6
0.42042154834834833	3.5074552813481697e-6	0.03581760895917249	1.5579387202749458e-6
0.42742855415415415	4.304952688650706e-6	0.03557265095355483	1.8227073204676098e-6
0.43443555995995997	5.234400016009723e-6	0.03533436432727071	2.1316421809483188e-6
0.4414425657657658	6.31720675122955e-6	0.03510254033709492	2.491129809929818e-6
0.44844957157157156	7.580717791450969e-6	0.034876944069963015	2.910889898133425e-6
0.4554565773773774	9.051434349530349e-6	0.034657350257863664	3.397941498801975e-6
0.4624635831831832	1.076719692660373e-5	0.03444354403564609	3.966195918404775e-6
0.46947058898898897	1.2768088637011958e-5	0.03423531928730284	4.628887182955059e-6
0.4764775947947948	1.5101449369307981e-5	0.034032508393849206	5.4014598037252904e-6
0.4834846006006006	1.7823874018680007e-5	0.03383486325047378	6.302342923862766e-6
0.49049160640640643	2.0999296225332685e-5	0.03364223399994814	7.353286592233651e-6
0.4974986122122122	2.470321016147335e-5	0.0334544405859632	8.578711932360864e-6
0.504505618018018	2.902588360843587e-5	0.033271338575425885	1.0008194477421092e-5
0.5115126238238238	3.406563698636613e-5	0.033093253371959425	1.1674879373703872e-5
0.5185196296296296	3.9944231264384036e-5	0.032919466995799444	1.361887449489e-5
0.5255266354354354	4.680143893480307e-5	0.032749839817908154	1.5886164857120858e-5
0.5325336412412413	5.479917396282101e-5	0.03258425604691614	1.8530252412448768e-5
0.5395406470470471	6.412693058487484e-5	0.03242259350746361	2.161373189699248e-5
0.5465476528528529	7.500632995062015e-5	0.03226472224694768	2.5209719805025482e-5
0.5535546586586586	8.769560373897566e-5	0.03211051672114005	2.9403485825722916e-5
0.5605616644644644	0.00010249684964625755	0.03195985749643017	3.429470783188196e-5
0.5675686702702702	0.00011976033328918495	0.03181264266823965	3.999895307012579e-5
0.5745756760760761	0.00013989396947518246	0.031668778706531765	4.665081720977823e-5
0.5815826818818819	0.00016337481273980066	0.03152815605834599	5.4407712446102936e-5
0.5885896876876877	0.00019076318763509894	0.03139066267636292	6.345443039678715e-5
0.5955966934934935	0.00022270502421553617	0.0312562171513371	7.400414132699387e-5
0.6026036992992992	0.0002599543884706775	0.03112473722608879	8.630566639760886e-5
0.6096107051051051	0.00030339613975918333	0.03099612458618649	0.0001006508447609475
0.6166177109109109	0.00035406246570307955	0.030870287443683253	0.00011738015651616959
0.6236247167167167	0.0004131506524429829	0.030747154828223055	0.00013688792328843955
0.6306317225225225	0.0004820266774053744	0.03062666281707879	0.00015963574326446184
0.6376387283283284	0.0005623655293439185	0.030508720709022715	0.00018615623890468392
0.6446457341341342	0.0006560579626467386	0.030393254422195114	0.00021708184810409646
0.6516527399399399	0.0007653119767252901	0.03028018920146509	0.0002531415479795311
0.6586597457457457	0.0008927139668521718	0.030169461126395434	0.0002951871889059339
0.6656667515515515	0.001041259540560449	0.030061015793733367	0.00034420606877728845
0.6726737573573573	0.0012144511765057894	0.02995478861878763	0.00040135303408242586
0.6796807631631632	0.0014163891860536502	0.029850708937889207	0.0004679790829719805
0.686687768968969	0.0016518174042316617	0.029748721850497414	0.0005456481306479222
0.6936947747747748	0.0019262376450218108	0.029648780665102747	0.0006361726649517451
0.7007017805805806	0.0022460935284505227	0.029550831343529527	0.0007416748762002391
0.7077087863863863	0.002618880871261812	0.029454817318102445	0.0008646220974502883
0.7147157921921922	0.0030532882975756225	0.029360691107105263	0.0010078911120465885
0.721722797997998	0.0035595224067403175	0.029268395460725464	0.0011748130774780097
0.7287298038038038	0.004149271470373784	0.029177895429595993	0.0013692471989452703
0.7357368096096096	0.004836113961384554	0.029089154821514432	0.0015956740499682342
0.7427438154154155	0.005635943383634312	0.029002121730857332	0.0018593080610537175
0.7497508212212213	0.006567165534179919	0.02891676010062237	0.0021661900311537863
0.756757827027027	0.007650922287302551	0.028833044340273836	0.002523260785401135
0.7637648328328328	0.008911702956501049	0.028750937457959744	0.00293855862483831
0.7707718386386386	0.010377885968440808	0.028670413317888624	0.0034214020496603917
0.7777788444444445	0.012082284134390976	0.028591442881702248	0.003982504668601947
0.7847858502502503	0.014061899649939641	0.028514090913906796	0.004634063986644483
0.7917928560560561	0.016359825020434808	0.028438262209876122	0.005390113015568461
0.7987998618618619	0.019025235827853294	0.028363999150954108	0.006266711172530898
0.8058068676676676	0.022114220187723736	0.028291339202617224	0.007282139986173588
0.8128138734734734	0.02569042634554571	0.0282203182540519	0.008457095649611817
0.8198208792792793	0.029825351747000708	0.028151027452885995	0.009814775748662526
0.8268278850850851	0.034599029112354636	0.02808358699490477	0.011381065358653785
0.8338348908908909	0.04010126635359094	0.028018158064737876	0.013184900416996312
0.8408418966966967	0.0464314978204184	0.027954967851810904	0.015258175092629342
0.8478489025025026	0.053697498949072574	0.027894336737589672	0.017635251191854866
0.8548559083083083	0.06201527362802479	0.02783669200489612	0.02035283671898222
0.8618629141141141	0.07150861792416244	0.027782592849668334	0.023449733636705737
0.8688699199199199	0.08230642983255977	0.027732774991646066	0.02696583626092271
0.8758769257257257	0.09453931556184793	0.027688181752749445	0.030940789095066583
0.8828839315315316	0.10833368111292112	0.027650044299271044	0.035411962581772705
0.8898909373373374	0.12380484441137955	0.02761990705389698	0.04041185423942562
0.8968979431431432	0.1410504204923758	0.027599703931939064	0.04596576611673921
0.9039049489489489	0.16014175761215613	0.027591800719750696	0.05208862233927318
0.9109119547547547	0.18110766494128966	0.027599055039755106	0.05877945573425816
0.9179189605605605	0.20392087200691317	0.027624841085181366	0.0660167105244635
0.9249259663663664	0.22848765526854065	0.027673043726091476	0.0737546978659722
0.9319329721721722	0.2546377623923327	0.027748009896458984	0.08192016273040044
0.938939977977978	0.2821049686943739	0.027854406380352175	0.09040635790099841
0.9459469837837838	0.3105249561714296	0.027997014729866466	0.09907273139373957
0.9529539895895895	0.3394411302781825	0.02818047291412952	0.10774743268943826
0.9599609953953954	0.3683142890757503	0.028408933206175376	0.1162321238787213
0.9669680012012012	0.3964085237034289	0.02868526431799948	0.1242634801956968
0.973975007007007	0.4233738056100472	0.029010203649109455	0.13171416858627055
0.9809820128128128	0.448382296180277	0.02938545858162172	0.13829559857193785
0.9879890186186187	0.47089590916597973	0.029809648571284944	0.14382860641069017
0.9949960244244245	0.4904916630022016	0.030278106149255572	0.1481871969731956
1.0020030302302303	0.5069483603593277	0.030783979059253865	0.1513036914179421
1.0090100360360361	0.5198599163488873	0.03132217775959729	0.15308806885892545
1.016017041841842	0.5293582902115689	0.03188208898502762	0.15359912525372585
1.0230240476476475	0.5355757058027057	0.03245593720280436	0.1529212139098376
1.0300310534534534	0.5388373145831646	0.033033874806986586	0.15121496917891264
1.0370380592592592	0.5396416013528075	0.033609385840010574	0.14866696125866333
1.044045065065065	0.5384350768154871	0.034178250517909514	0.14546185683160848
1.0510520708708708	0.5357177185873209	0.03473668509889632	0.14179735086164635
1.0580590766766766	0.5319429796125207	0.03528378746887314	0.13785047033860204
1.0650660824824825	0.5275465917252936	0.035820163020932626	0.13378302416926113
1.0720730882882883	0.5228802935652941	0.03634801725429178	0.12972804293443535
1.0790800940940941	0.5182647275477256	0.036868832879497736	0.12580479163414604
1.0860870998999	0.5139404218011168	0.03738737379498625	0.12208599173727816
1.0930941057057058	0.5100575130364625	0.03790581949010238	0.11862579573429582
1.1001011115115116	0.5067253155886285	0.03842844434900721	0.11544940587885039
1.1071081173173174	0.5040030695807489	0.03895675063268897	0.11257634088477561
1.1141151231231232	0.5019094714177966	0.03949459922974665	0.10999723578900206
1.1211221289289288	0.500426386316679	0.04004301927131555	0.10769912412148293
1.1281291347347346	0.4995275247529017	0.04060302551059745	0.10567231691803264
1.1351361405405405	0.499186037476898	0.04117531083344942	0.10388507467092972
1.1421431463463463	0.49933906016570107	0.04176019937512333	0.10231540937093674
1.149150152152152	0.49994535899819015	0.042358821267422686	0.10093551320649238
1.156157157957958	0.5009529332535698	0.04296982849266381	0.09972295348110259
1.1631641637637637	0.5023153835467171	0.043594004131562815	0.09866034028867932
1.1701711695695696	0.5039953266674555	0.044230890827695435	0.09772584308568474
1.1771781753753754	0.5059506999443336	0.0448795367437356	0.0969090503463868
1.1841851811811812	0.5081584844974788	0.045540035246414784	0.09619242927400111
1.191192186986987	0.5105823816377681	0.04621158505215085	0.09556964831955735
1.1981991927927929	0.5132053980870968	0.046893883196164866	0.09502919690848556
1.2052061985985987	0.5160131649723189	0.04758804329453666	0.09456218085421358
1.2122132044044045	0.5189795498357612	0.048291168308551104	0.09416202952051905
1.2192202102102103	0.5220893809352253	0.04900503458703373	0.0938228966274103
1.226227216016016	0.52532882090109	0.04972842812690331	0.09353980887084838
1.2332342218218217	0.5286883704414991	0.05046153581532604	0.093306837573194
1.2402412276276276	0.5321527992090787	0.05120418274949211	0.09312076165098986
1.2472482334334334	0.5357083824871913	0.05195480197878047	0.0929744419780753
1.2542552392392392	0.5393571834086545	0.05271420038224999	0.09286084122316013
1.261262245045045	0.5430756555289554	0.053482412073050274	0.09277979751190694
1.2682692508508508	0.5468525090273908	0.05425766723377577	0.09272457158915623
1.2752762566566567	0.550685868711449	0.05504169548510928	0.09269043366016012
1.2822832624624625	0.5545637135339258	0.05583216713751597	0.09267252454438726
1.2892902682682683	0.5584816113035502	0.056630808349516684	0.0926692134507385
1.2962972740740741	0.5624209098724658	0.05743572086910495	0.09267681459523416
1.30330427987988	0.5663813059301576	0.05824748932076492	0.0926916065466045
1.3103112856856858	0.5703602875410796	0.05906497787148861	0.09270756806434048
1.3173182914914916	0.5743457627741042	0.05988890624170843	0.09272832443315941
1.3243252972972972	0.5783334499432157	0.0607183645241797	0.09274958431516833
1.331332303103103	0.5823359013196732	0.06155435457601007	0.09276676394248898
1.3383393089089088	0.586322653591744	0.06239378564128093	0.09278487632427283
1.3453463147147147	0.5903215209413114	0.06324041698118704	0.09279770333900766
1.3523533205205205	0.5943053919858121	0.06409038487072118	0.09281047176731902
1.3593603263263263	0.5982944264302028	0.06494628015429618	0.09281779451436274
1.3663673321321321	0.602277378158304	0.06580731784204714	0.0928253528793131
1.373374337937938	0.6062601726912454	0.06667271258601215	0.09282797464937306
1.3803813437437438	0.6102363853135129	0.06754285307389774	0.09283209968452481
1.3873883495495496	0.6142257887354835	0.06841980999728271	0.09283225671123961
1.3943953553553554	0.6181987125273174	0.06929982576240248	0.09283542024276908
1.4014023611611612	0.6221910502919533	0.0701864150677777	0.09283527274439338
1.408409366966967	0.6261825929081438	0.07107813682643545	0.09283599038772804
1.4154163727727729	0.6301647446330465	0.07197364378991224	0.09284191495542872
1.4224233785785785	0.6341698051033514	0.07287601312411335	0.0928452937147545
1.4294303843843843	0.6381615789735533	0.07378233472484387	0.09285505791559517
1.4364373901901901	0.6421799052253704	0.07469489208295675	0.09286124658633871
1.443444395995996	0.6462037313538987	0.07561399689096997	0.09287041814728494
1.4504514018018018	0.6502124228765636	0.07653475814847537	0.092887162925392
1.4574584076076076	0.6542519430857432	0.07746378020248047	0.09290049491894244
1.4644654134134134	0.6582943896658344	0.07839891188273662	0.09291585606314269
1.4714724192192192	0.6623096641534799	0.07933513444969573	0.09294229543583293
1.478479425025025	0.6663716917433893	0.08027911855161246	0.09296043136538931
1.4854864308308309	0.6704360155555162	0.08122972719182485	0.09297991682714447
1.4924934366366367	0.674498852929067	0.08218607348590701	0.0930000639992135
1.4995004424424425	0.6785607857945531	0.08314810765492883	0.09302054588416775
1.5065074482482483	0.6826202500535126	0.0841153427591797	0.09304094367661568
1.5135144540540542	0.6866774287333032	0.08508737462982312	0.09306259885841396
1.5205214598598598	0.6907327876790175	0.08606320828304383	0.09308345133294899
1.5275284656656656	0.6947977717605399	0.08704611844251899	0.09310387055212765
1.5345354714714714	0.6988583161516272	0.08803266009152394	0.09312351912255762
1.5415424772772772	0.7029190759062626	0.08902391246592802	0.09314206531364884
1.548549483083083	0.7069843258006716	0.09002111259177009	0.09315986546919257
1.5555564888888889	0.7110483161005747	0.09102310084170137	0.09317741142242206
1.5625634946946947	0.7151150785503143	0.09203038369863273	0.09319364996429925
1.5695705005005005	0.7191781763907313	0.09304197847789152	0.09321021141094823
1.5765775063063063	0.7232510164225562	0.09406061213656085	0.09322596044988742
1.5835845121121122	0.7273186052114501	0.09508294134111483	0.09324205011447334
1.590591517917918	0.731392181206207	0.09611128317391526	0.09325778623023294
1.5975985237237238	0.7354680799252621	0.09714521074820416	0.09327436459744258
1.6046055295295296	0.739545004847897	0.09818414631723149	0.0932915920300279
1.6116125353353354	0.7436295706976177	0.09922947625400408	0.09330910466128062
1.618619541141141	0.7477163608754827	0.1002800823101069	0.09332757657712627
1.6256265469469469	0.75180556426835	0.1013358985283273	0.09334708693829313
1.6326335527527527	0.7558962241702708	0.10239701816364832	0.0933684169185945
1.6396405585585585	0.7599968635703489	0.10346499917951774	0.09339055970352078
1.6466475643643643	0.7641011503284885	0.1045384115384505	0.09341385824417721
1.6536545701701701	0.7682100480587227	0.10561772855642107	0.09343857452678649
1.660661575975976	0.7723224831582687	0.10670262992900557	0.09346470917358116
1.6676685817817818	0.776440917210651	0.1077938534562282	0.09349221332846251
1.6746755875875876	0.7805629772345527	0.1088906559382166	0.09352058216635555
1.6816825933933934	0.7846883559279859	0.10999326077678992	0.09355038020575347
1.6886895991991993	0.7888242122145315	0.11110357446986688	0.09358137056361242
1.695696605005005	0.7929565055333022	0.1122178919999055	0.09361327122389873
1.702703610810811	0.7970988121965409	0.11333995377275521	0.09364617439574048
1.7097106166166167	0.8012426845382158	0.11446731709692008	0.09367915205453192
1.7167176224224223	0.805389327899003	0.11560075373650448	0.09371344377312579
1.7237246282282281	0.8095440337390611	0.11674166659174735	0.09374856686534001
1.730731634034034	0.8137025785201797	0.11788871094131245	0.09378346372629945
1.7377386398398398	0.8178620015622877	0.11904152827588586	0.09381990029676296
1.7447456456456456	0.8220264123359606	0.12020087724923666	0.09385598399072011
1.7517526514514514	0.8261912570933707	0.12136604744259735	0.09389347918158683
1.7587596572572572	0.8303659050924858	0.12253921773424657	0.09393061832018343
1.765766663063063	0.8345379311216107	0.12371753433126885	0.0939693489708048
1.772773668868869	0.838720269306257	0.12490392364820273	0.09400760894625908
1.7797806746746747	0.842902160638372	0.12609595987494002	0.09404669131274007
1.7867876804804805	0.8470926095388114	0.12729624541821652	0.09408693931338383
1.7937946862862864	0.8512845874467231	0.1285025944136958	0.09412796722733512
1.8008016920920922	0.8554823746714914	0.12971623350441402	0.09416911233671474
1.807808697897898	0.859686029425954	0.13093744514980724	0.09421130901167112
1.8148157037037036	0.8638962718547225	0.13216649451071813	0.09425448548649203
1.8218227095095094	0.868111082637084	0.13340281305229645	0.0942987374902814
1.8288297153153152	0.8723332618280817	0.13464725277348694	0.09434405234366144
1.835836721121121	0.8765608900247365	0.1358994618177504	0.09439037326521756
1.8428437269269269	0.8807991858594765	0.13716097735719143	0.09443807325294287
1.8498507327327327	0.8850413084511671	0.1384296722790173	0.09448560386884935
1.8568577385385385	0.8892896560689267	0.1397066279472789	0.09453552936873286
1.8638647443443443	0.8935435609849915	0.1409918318619655	0.09458670834391991
1.8708717501501502	0.8978082471240645	0.14228702880600505	0.09463935304509076
1.877878755955956	0.9020802575206442	0.1435906991120392	0.09469142874435955
1.8848857617617618	0.9063644868566844	0.14490512318391088	0.09474652046604135
1.8918927675675676	0.9106540844326205	0.14622820168499742	0.09480138301741166
1.8988997733733735	0.9149498346683156	0.1475598290382617	0.09485847923625025
1.9059067791791793	0.9192559989407574	0.14890262403433777	0.09491749467888592
1.9129137849849849	0.9235732631746593	0.1502551139829113	0.09497492663672256
1.9199207907907907	0.9279005501196642	0.15161926355215258	0.09503425983948306
1.9269277965965965	0.9322331653353265	0.152991819101444	0.09509548418019537
1.9339348024024023	0.9365846520890919	0.15437883787910753	0.09515621145312106
1.9409418082082082	0.9409358253745489	0.155773853078036	0.09522031798668833
1.947948814014014	0.945307502057045	0.15718265444991192	0.0952825761034231
1.9549558198198198	0.949689118559021	0.1586042470372917	0.09534563586551498
1.9619628256256256	0.9540763963895625	0.16003726148440606	0.09541164949538011
1.9689698314314314	0.9584820766993054	0.1614817470266998	0.09547759263808363
1.9759768372372373	0.9629015135722621	0.1629409206963191	0.09554241404208087
1.982983843043043	0.9673367617644376	0.16441296421254492	0.09561535486940163
1.989990848848849	0.9717920510170412	0.1658979712400279	0.09568070693014764
1.9969978546546547	0.9762634574482298	0.16740087309886975	0.09574708706310238
2.0040048604604603	0.9807414863492899	0.16891939152097526	0.09581222630025142
2.011011866266266	0.9852357175988115	0.170454989084343	0.09588095768468875
2.018018872072072	0.9897433277038719	0.17200503239204015	0.09594975213198108
2.025025877877878	0.9942755063727785	0.17357406874305917	0.09601892525754877
2.0320328836836836	0.9988271283689725	0.17516093815141046	0.09608813193857187
2.0390398894894894	1.0033959510367891	0.176765487135229	0.09615756180875501
2.0460468952952953	1.0079810774720144	0.17838791049968847	0.09622686141886712
2.053053901101101	1.0125982471247714	0.18003448787050208	0.09629618010712578
2.060060906906907	1.0172296746166876	0.18169928861315413	0.09636519153060796
2.0670679127127127	1.021891494516832	0.1833886632465449	0.09643444448549164
2.0740749185185186	1.0265681334873742	0.18509761872312785	0.09650300990006298
2.0810819243243244	1.0312759303745502	0.18683271275828386	0.09657133414530136
2.08808893013013	1.0360114467363366	0.18859326397687629	0.09663969651230223
2.095095935935936	1.0407683120278624	0.19037765627677392	0.09670715434374326
2.102102941741742	1.0455536258787195	0.1921892859771135	0.09677364519635195
2.1091099475475477	1.050370328885724	0.19402977759325454	0.09683993465605602
2.1161169533533535	1.0552145122799184	0.1958985418909716	0.09690524968224645
2.1231239591591593	1.060080431125127	0.19779397175295432	0.09696970378829453
2.130130964964965	1.06498116984822	0.1997221428076221	0.09703305882698261
2.137137970770771	1.0699173297422833	0.2016836574387467	0.09709586644878379
2.1441449765765768	1.0748721692458723	0.20367308069083132	0.09715713160561251
2.1511519823823826	1.0798632039681533	0.205698236266741	0.09721727614874943
2.1581589881881884	1.084881968999685	0.20775662972617595	0.09727635692829911
2.165165993993994	1.089923997338675	0.20984723330868346	0.09733417569716908
2.1721729997997996	1.0949939988346844	0.21197343594118892	0.09739030053062787
2.1791800056056054	1.100088398944465	0.21413406049972056	0.09744578341954466
2.1861870114114113	1.1052068622613955	0.2163306278381716	0.09749965319793065
2.193194017217217	1.1103416654282792	0.21856052144621255	0.0975524862202773
2.200201023023023	1.1154985122060386	0.22082719467835005	0.097604425524706
2.2072080288288287	1.1206632929804363	0.2231253390933329	0.09765601390708366
2.2142150346346345	1.125841638841802	0.22545863196403274	0.09770677424117034
2.2212220404404404	1.1310328132898324	0.22782763775245485	0.09775767493437544
2.228229046246246	1.136226051820686	0.23022846668337854	0.0978092177063027
2.235236052052052	1.1414130393429318	0.23265900297666528	0.09786031076124058
2.242243057857858	1.1465988212726592	0.2351213300403101	0.09791293446180534
2.2492500636636636	1.1517791518310294	0.23761414127604383	0.09796748990970003
2.2562570694694695	1.1569400511957726	0.24013265407856682	0.09802329801271575
2.2632640752752753	1.162095294175551	0.2426829010814698	0.09808232402500615
2.270271081081081	1.1672256684682383	0.2452562793888392	0.09814386217149065
2.277278086886887	1.1723431463459204	0.24785887748292604	0.0982088638958544
2.2842850926926928	1.1774396198984776	0.2504864433027807	0.09827749939387319
2.2912920984984986	1.1825185670384142	0.2531413712029127	0.09834979990079204
2.2982991043043044	1.1875720467337514	0.2558175491585377	0.09842666371319016
2.30530611011011	1.1926060217631556	0.25851888136440937	0.09850739772184162
2.312313115915916	1.1976320925771171	0.261248917950096	0.09859382146423855
2.319320121721722	1.2026367990192421	0.26400234291303276	0.09868349932522864
2.3263271275275277	1.2076272664187304	0.2667803697116466	0.09877800271367178
2.3333341333333335	1.212599798810534	0.269580110302703	0.09887662086676839
2.3403411391391393	1.217566289536011	0.2724071537561141	0.09897966715565684
2.347348144944945	1.2225199070142632	0.275256401298472	0.09908662158914316
2.354355150750751	1.2274732597446512	0.27813349528167636	0.09919759024112304
2.3613621565565563	1.232420126424365	0.281035172685406	0.0993112202567352
2.368369162362362	1.2373516004871086	0.28395584911947774	0.09942710560445775
2.375376168168168	1.242281252576631	0.28690123829431324	0.09954624130917791
2.382383173973974	1.2472132094871489	0.28987413848220417	0.09966788535672921
2.3893901797797796	1.2521293602642274	0.2928635605329279	0.09979120851335528
2.3963971855855855	1.2570466558915507	0.29587818636108604	0.0999173037968348
2.4034041913913913	1.2619439899169083	0.29890807506965095	0.10004284019938223
2.410411197197197	1.2668476313076928	0.3019641733186643	0.10017301631796484
2.417418203003003	1.271760887146165	0.30504890434979715	0.10030744325961954
2.4244252088088087	1.2766578928100731	0.3081502371687313	0.10044269919681345
2.4314322146146146	1.281556166407539	0.3112734595691331	0.10058196208553101
2.4384392204204204	1.2864484973936252	0.3144211854165395	0.10072318881874473
2.445446226226226	1.2913271170579763	0.31758560688473514	0.10086678133054745
2.452453232032032	1.2962160973599588	0.32077712855376644	0.10101536648433426
2.459460237837838	1.3010846828715887	0.32398519809126863	0.10116349598144996
2.4664672436436437	1.3059396229822224	0.3272109821282523	0.10131214390401207
2.4734742494494495	1.3108135867645503	0.33046580639727846	0.10146824951180113
2.4804812552552553	1.3156558535947758	0.3337321137372296	0.10162144616117982
2.487488261061061	1.3204897147858303	0.3370185751450838	0.10177698059414692
2.494495266866867	1.325315337572069	0.3403261363339083	0.10193669500108668
2.5015022726726728	1.330125930554545	0.34365329693831687	0.10209945536098082
2.5085092784784786	1.3349401191040777	0.3470042828247591	0.10226739682878826
2.5155162842842844	1.3397457646985895	0.3503752840139805	0.10243728641074405
2.5225232900900902	1.3445391967088067	0.3537637567022595	0.10260925417139935
2.529530295895896	1.3493306480127563	0.35717672398679445	0.10278357384856827
2.536537301701702	1.3541135295931346	0.3606092222811188	0.10296027599509452
2.5435443075075077	1.358890243035965	0.36406368839415365	0.10314002515964744
2.5505513133133135	1.3636486044215599	0.3675324627206366	0.1033226598780812
2.557558319119119	1.3684028025436454	0.37102595669780347	0.10350855994784923
2.5645653249249247	1.3731444931060517	0.37453879322663497	0.10369638144363759
2.5715723307307305	1.377870657864796	0.37806790533569606	0.10388679162805584
2.5785793365365364	1.38259471227178	0.38162257796283827	0.1040829355237715
2.585586342342342	1.387305795063877	0.38519693645716274	0.10428184168586516
2.592593348148148	1.3920076388927967	0.3887925827463545	0.10448378763441758
2.599600353953954	1.3966862548572332	0.392400027753695	0.10468680729413862
2.6066073597597597	1.4013657578076224	0.39603642025280567	0.10489201855697693
2.6136143655655655	1.406020617287448	0.3996843479680128	0.10509772553535907
2.6206213713713713	1.4106594592779602	0.40335081873934403	0.10530416543338078
2.627628377177177	1.4152795102033613	0.4070343760309863	0.10551118949342324
2.634635382982983	1.4198830438131333	0.4107376727823865	0.10571822395408251
2.6416423887887888	1.4244628290646448	0.4144544038681611	0.1059246342485179
2.6486493945945946	1.4290140852028301	0.4181821375143731	0.10612925731122735
2.6556564004004004	1.433548015354339	0.421930459466173	0.10633270624679471
2.6626634062062062	1.4380502469166483	0.4256894823544608	0.10653512243605823
2.669670412012012	1.4425276770704583	0.4294648411902766	0.10673700392700432
2.676677417817818	1.4469660546269232	0.4332491666170438	0.10693471018995256
2.6836844236236237	1.4513704636336529	0.43704582589017704	0.10712736120415384
2.6906914294294295	1.455722512206125	0.4408440190350217	0.1073114566511579
2.6976984352352353	1.4600215708359263	0.44464422246027857	0.10748531249445466
2.704705441041041	1.4642670054850968	0.4484490586545097	0.10764696920867892
2.711712446846847	1.4684438665593877	0.45224877455955675	0.10779351040963857
2.718719452652653	1.472553656740228	0.45604813089105156	0.10792290936006392
2.7257264584584586	1.4765671911522253	0.4598266582930144	0.1080293064122616
2.7327334642642644	1.4804950996451716	0.4635974656135248	0.10811021807746787
2.7397404700700703	1.4843096322424894	0.4673425710223481	0.10815991425775592
2.746747475875876	1.488005909944112	0.4710646327858382	0.10817288936263922
2.7537544816816815	1.491559369257526	0.47474923933125346	0.10814423778185167
2.7607614874874873	1.4949480697782302	0.4783860413844105	0.10806621016121687
2.767768493293293	1.498156538794224	0.48197272888808373	0.10792962800357024
2.774775499099099	1.501152600026249	0.4854889361934875	0.10772531461289918
2.7817825049049048	1.503902409104948	0.4889227881292747	0.10743783322625436
2.7887895107107106	1.5063651249486416	0.4922533968604321	0.10705575821729328
2.7957965165165164	1.508503599371346	0.49546703636653183	0.10656328356530478
2.802803522322322	1.5102710723034913	0.4985388213768539	0.1059446998175435
2.809810528128128	1.511614351979137	0.501447826358648	0.10517825405263839
2.816817533933934	1.512470227792738	0.504162122595184	0.10424113161092287
2.8238245397397397	1.5127668141450665	0.5066481724195987	0.10310689449325194
2.8308315455455455	1.5124382872368474	0.5088740215367148	0.10175037215525612
2.8378385513513513	1.511398824177033	0.5107981615257153	0.10014024094258635
2.844845557157157	1.5095494838480135	0.5123757515084268	0.09823932324005821
2.851852562962963	1.506799161054211	0.5135648889154834	0.09601287699875491
2.858859568768769	1.5030364476262483	0.5143056996694954	0.09342387691303837
2.8658665745745746	1.4981473055045422	0.5145487790324914	0.09042661151024585
2.8728735803803804	1.4920443458727939	0.5142412819110828	0.08699298935566209
2.8798805861861863	1.4845813392407918	0.5133190187011268	0.0830671242135565
2.886887591991992	1.475673323869264	0.5117325761811387	0.07862016923711064
2.893894597797798	1.4652308133135772	0.5094340051363629	0.07362114602200125
2.9009016036036037	1.4532078459966875	0.5063928621546211	0.0680558856024425
2.9079086094094095	1.4395365845266512	0.502570639412279	0.06190613480406038
2.9149156152152154	1.4242405495164967	0.49796772749441537	0.05518778392235182
2.921922621021021	1.407388965264994	0.4926061190598019	0.047935731100541557
2.928929626826827	1.3891144421747599	0.4865364622759099	0.04020901506868454
2.935936632632633	1.3696375012106046	0.47984896299555846	0.03210219464448466
2.9429436384384386	1.3492503440831263	0.4726700332069843	0.02374079632689009
2.949950644244244	1.3283390733529727	0.46517013180151484	0.015285761355979612
2.95695765005005	1.3073634148975726	0.4575552625351848	0.006925536217351572
2.9639646558558557	1.2868441906084434	0.450061746016407	-0.0011289818981917784
2.9709716616616615	1.2673413008086747	0.4429475180330761	-0.008652869856040359
2.9779786674674673	1.2494174161506706	0.43647458958849794	-0.01542329713793334
2.984985673273273	1.2335967036048503	0.4308900627236092	-0.021235750407828536
2.991992679079079	1.2203225815951155	0.42640589699725595	-0.025921551432388914
2.9989996848848848	1.209923687354587	0.4231826991965416	-0.029360873061597407
3.0060066906906906	1.2025632881435544	0.42130482243319534	-0.03149984035732614
3.0130136964964964	1.198316703947422	0.4208158906767167	-0.03233211615924523
3.0200207023023022	1.1970341478359656	0.4216571653593294	-0.03193238571886319
3.027027708108108	1.19845535772838	0.4237135279516334	-0.030424809926210255
3.034034713913914	1.2021978287414863	0.4268112535744466	-0.027981435620332146
3.0410417197197197	1.2078375746206587	0.43076313577197517	-0.024785569691281904
3.0480487255255255	1.2148969449685985	0.43534894362521576	-0.021043984973422653
3.0550557313313313	1.2228959395182477	0.44034552456286913	-0.016962287956533175
3.062062737137137	1.23142765194791	0.4455674142036056	-0.012707811986397196
3.069069742942943	1.2400842096541378	0.4508235012327858	-0.0084520372472895
3.076076748748749	1.2485610475283442	0.4559741722594196	-0.00431813191783453
3.0830837545545546	1.2565926538815466	0.4608928874875245	-0.0004135193922882365
3.0900907603603605	1.2640269402574595	0.4655121907557289	0.0032055757478299004
3.0970977661661663	1.270740277748574	0.4697726513069784	0.006494434354857816
3.104104771971972	1.2766787022354085	0.4736487999081631	0.00943728173902084
3.111111777777778	1.281837633249029	0.4771390222774506	0.012037954776529873
3.1181187835835837	1.286238278701488	0.4802532620073299	0.014312987345916711
3.1251257893893896	1.289930812871214	0.48301380817996425	0.01628698039272916
3.1321327951951954	1.2929818483533058	0.48545292784057154	0.017993620410478736
3.139139801001001	1.2954639753515753	0.48760407845508913	0.01946696017358153
3.146146806806807	1.2974591926546981	0.4895076334321608	0.02074605040604419
3.1531538126126124	1.2990405871387736	0.4911944592066171	0.021862313844277368
3.1601608184184182	1.3002929743114158	0.4927075236114849	0.02285434742971125
3.167167824224224	1.301276786730782	0.49407308581891907	0.02374900321127748
3.17417483003003	1.3020558659475767	0.4953226884138032	0.02457443634418167
3.1811818358358357	1.3026874590286799	0.49648428622701934	0.025355116847736153
3.1881888416416415	1.3032139301625856	0.49757641811550296	0.02610826693627499
3.1951958474474473	1.3036800550556764	0.498622031941085	0.026852000197182577
3.202202853253253	1.3041212992692943	0.49963764232865177	0.027599958112908354
3.209209859059059	1.304564364066819	0.5006371093377688	0.02836301693590312
3.216216864864865	1.305027533627344	0.5016287121769095	0.02914863826041196
3.2232238706706706	1.305534407243611	0.5026249960835756	0.02996467296622585
3.2302308764764764	1.3060912751331706	0.5036299505277504	0.03081411185367922
3.2372378822822823	1.3067076538997824	0.5046482730470542	0.031698698823866084
3.244244888088088	1.307387583100348	0.5056842172152944	0.03261969676690146
3.251251893893894	1.3081312089403851	0.5067366418457797	0.033572438482265515
3.2582588996996997	1.308935086173723	0.5078063379614133	0.034556118894365336
3.2652659055055056	1.3097925032995208	0.5088901373268429	0.03556611318406033
3.2722729113113114	1.3106987446357217	0.5099881727425506	0.03660038526706118
3.279279917117117	1.311642839156126	0.5110949873893409	0.037652397292036184
3.286286922922923	1.31261609079592	0.512208203182192	0.03871718601652168
3.293293928728729	1.3136104178425163	0.5133247954865777	0.039789724340901306
3.3003009345345347	1.3146174993780266	0.5144413916968411	0.04086497722824327
3.3073079403403405	1.3156191490133053	0.515548807554482	0.04193460355207948
3.3143149461461463	1.3166165475497702	0.5166510274925586	0.04299922947197115
3.321321951951952	1.3176011670425352	0.5177424608820088	0.0440515707631845
3.328328957757758	1.3185572894826019	0.518817797034827	0.04508794463416253
3.3353359635635638	1.3194805965649992	0.5198743888642307	0.046104115365971754
3.3423429693693696	1.3203675151087662	0.5209114405965078	0.04709661166426873
3.349349975175175	1.3212036742655462	0.5219231942800535	0.04806257606479674
3.356356980980981	1.3219898794027956	0.5229094493318225	0.04899967142223566
3.3633639867867866	1.322715473334765	0.5238660648203736	0.04990491808385124
3.3703709925925924	1.3233815721658724	0.5247942057309735	0.05077876547135799
3.3773779983983983	1.3239854168402745	0.525692167565164	0.051618740063194175
3.384385004204204	1.324522388144276	0.5265580872418888	0.0524244556921507
3.39139201001001	1.3249966412515448	0.5273948341597523	0.0531968659924483
3.3983990158158157	1.325400551086435	0.5281980855124624	0.053935328428060064
3.4054060216216215	1.3257363968830733	0.5289705202043474	0.05464188373279282
3.4124130274274274	1.3260034074766298	0.529709783385606	0.055315440084096106
3.419420033233233	1.3262099371396925	0.5304206540123761	0.05595858326453367
3.426427039039039	1.3263543157282751	0.531103046533704	0.05657330475886692
3.433434044844845	1.3264399499785018	0.531756742780343	0.05715924124599627
3.4404410506506506	1.3264696528172182	0.5323849237766173	0.05771985912291523
3.4474480564564565	1.326445609180224	0.5329864651988911	0.05825499969202669
3.4544550622622623	1.3263720016523044	0.5335650265517969	0.0587682598037606
3.461462068068068	1.3262534808536983	0.5341210183566237	0.05926123931619543
3.468469073873874	1.3260915734850167	0.5346566109366382	0.05973622787940522
3.4754760796796798	1.3258913504958336	0.5351722003206332	0.060194573813629776
3.4824830854854856	1.3256543713271423	0.5356702309482302	0.06063947682198637
3.4894900912912914	1.3253856760950016	0.5361513567771541	0.061071368794931365
3.496497097097097	1.3250911841230102	0.5366199225788487	0.06149451773156155
3.503504102902903	1.32475789887738	0.5370669240920651	0.06190466569996681
3.510511108708709	1.3244195642091379	0.5375094215339523	0.06230953871
3.5175181145145147	1.3240616411831996	0.5379419244956567	0.06270906690254499
3.5245251203203205	1.3236880304217586	0.5383645941018745	0.0631041489277573
3.5315321261261263	1.3232991884374536	0.5387771630726937	0.06349544090563551
3.538539131931932	1.3228978940434784	0.5391819446193428	0.06388480835420102
3.5455461377377375	1.3224908006250493	0.5395806870407409	0.0642734515138094
3.5525531435435433	1.322077367920237	0.5399744485605887	0.06466319718414071
3.559560149349349	1.3216603762284254	0.5403633361234097	0.06505474890787498
3.566567155155155	1.3212416201462989	0.5407482995528337	0.0654492601681768
3.573574160960961	1.3208238019623484	0.5411322364180169	0.06584912353114547
3.5805811667667666	1.3204083435976894	0.5415136438523264	0.0662535527690824
3.5875881725725725	1.3199970721844545	0.5418941403998025	0.06666403543812309
3.5945951783783783	1.3195922561910158	0.5422755607607508	0.0670822096109172
3.601602184184184	1.3191959692584636	0.5426571487414226	0.06750713896391082
3.60860918998999	1.3188080145761776	0.5430396055523363	0.06794018717948838
3.6156161957957957	1.3184283285280853	0.5434231720918242	0.06838182906314182
3.6226232016016016	1.3180611412085486	0.5438084949669323	0.06883223733093438
3.6296302074074074	1.3177060583366862	0.5441975236278164	0.06929404812426343
3.636637213213213	1.3173675427182685	0.5445911571655199	0.06976741916708594
3.643644219019019	1.3170437730057185	0.5449883554805842	0.07025244393516697
3.650651224824825	1.316731657278075	0.5453881458041184	0.07074927739082838
3.6576582306306307	1.3164335725469158	0.545791276723325	0.07125838211109835
3.6646652364364365	1.3161469063386002	0.546196862344714	0.07177969571750001
3.6716722422422423	1.3158708098775835	0.5466050081969744	0.07231354585191571
3.678679248048048	1.3156035773064472	0.5470135029012522	0.07285799013529362
3.685686253853854	1.315344863795531	0.5474231140711648	0.0734137135764834
3.6926932596596598	1.3150880805752738	0.5478314403342467	0.07398006134122727
3.6997002654654656	1.3148305534169904	0.5482354177650879	0.07455374314521863
3.7067072712712714	1.3145667287028104	0.5486340663055319	0.0751348757397331
3.7137142770770772	1.3142972586676076	0.5490261455130597	0.07572040499638696
3.720721282882883	1.314009863405873	0.5494071421818739	0.07630835534238561
3.727728288688689	1.313695478472646	0.5497720489005502	0.07689479009174771
3.7347352944944947	1.3133449323125481	0.5501172597755397	0.07747708856911242
3.7417423003003	1.312941630140083	0.5504341463395915	0.078048940978529
3.748749306106106	1.3124747080835082	0.5507178107080801	0.0786055432664414
3.7557563119119117	1.3119239175382569	0.5509585619242702	0.07913927733710277
3.7627633177177175	1.3112716472575412	0.5511486086408978	0.07964381653245216
3.7697703235235234	1.3104912934773096	0.5512750623607675	0.08010896554430666
3.776777329329329	1.309558253680726	0.5513252899971129	0.08052347062600114
3.783784335135135	1.3084469227810123	0.5512882498123426	0.08087860545845156
3.790791340940941	1.3071173744411255	0.5511447622661395	0.08115920027525197
3.7977983467467467	1.3055270958890874	0.5508744825937646	0.08134891406925054
3.8048053525525525	1.3036345893596666	0.550457639182311	0.0814310963948077
3.8118123583583583	1.3013856553155025	0.5498676927818661	0.08138384478937402
3.818819364164164	1.2987246398822672	0.5490788639250751	0.08118614882994181
3.82582636996997	1.2955788618840705	0.5480563692296633	0.08081065500688375
3.8328333757757758	1.2918832232622401	0.5467686798249484	0.08023070448510894
3.8398403815815816	1.2875435728716524	0.5451719734272603	0.07941265156547285
3.8468473873873874	1.2824799208118758	0.5432268268225205	0.07832346400833545
3.8538543931931932	1.276613234063281	0.5408953751716319	0.07693128164318122
3.860861398998999	1.2698181484221371	0.5381193260201507	0.07519182682792057
3.867868404804805	1.2620051703661572	0.5348548668005669	0.07306923138862864
3.8748754106106107	1.253075390390639	0.5310540556655011	0.07052517387388509
3.8818824164164165	1.2429182798445353	0.5266655414182244	0.06752105473250561
3.8888894222222223	1.23146627223093	0.5216553611360762	0.06403029188916057
3.895896428028028	1.2186109303589912	0.5159726723642539	0.060016702525509835
3.902903433833834	1.2043210713757415	0.5096008756229965	0.05546981277594361
3.90991043963964	1.1886096852521282	0.5025456845699025	0.05039797000158309
3.9169174454454456	1.1714688291326245	0.4948034121554154	0.04480739090986246
3.9239244512512514	1.1530400496218998	0.4864390192465172	0.03875720648034085
3.9309314570570573	1.1334390585915746	0.4775070511947712	0.03230405340085598
3.9379384628628626	1.1129591018475817	0.4681438033733235	0.02556894499269587
3.9449454686686685	1.0918724696072968	0.4584769824745185	0.018671823817100985
3.9519524744744743	1.070650170184732	0.4487258867820242	0.011803165435779412
3.95895948028028	1.049724213398308	0.4390919595514515	0.005145377493248965
3.965966486086086	1.0296176544173448	0.4298179424965232	-0.001087211423120246
3.9729734918918918	1.0109261406640195	0.4211791860303988	-0.006657273055928294
3.9799804976976976	0.9941530968415663	0.4134071039157326	-0.011358984734786543
3.9869875035035034	0.9798240473835145	0.40674173645025197	-0.014988711834932304
3.993994509309309	0.9683055349764212	0.4013475852698297	-0.017401779834198446
4.0010015151151155	0.9598604124553196	0.3973378782384686	-0.01850562107056128
4.008008520920921	0.954672911791872	0.3947925411101907	-0.018238987201902614
4.015015526726727	0.952671392854606	0.39366906312022754	-0.016641359263588403
4.0220225325325325	0.9536733169462654	0.3938747404238246	-0.01380292073272095
4.029029538338339	0.9573669604499627	0.39525789462503536	-0.009863349434341239
4.036036544144144	0.9633428381067101	0.3976227793483495	-0.005001464569466494
4.0430435499499495	0.9711245120507481	0.4007458657333379	0.0005755893679480913
4.050050555755756	0.9802350031074195	0.40440463577794317	0.006667835642476228
4.057057561561561	0.9901796551266786	0.4083724375971933	0.01306474734015947
4.064064567367367	1.0005274937023643	0.4124531822007067	0.01958720779369137
4.071071573173173	1.010916071488014	0.41648216076380706	0.02609259811750684
4.078078578978979	1.021012994419869	0.4203139200727953	0.03243990280251252
4.0850855847847845	1.0305922031974997	0.42385003283497413	0.03854119495333426
4.092092590590591	1.0394848565602628	0.4270196055350584	0.044331169545500086
4.099099596396396	1.0475963397453651	0.429785026819861	0.04977730697829334
4.106106602202202	1.0548695693115637	0.4321264733933276	0.054860897778439006
4.113113608008008	1.061294109352031	0.43404577032017505	0.059581403833387135
4.120120613813814	1.0668984730810958	0.43555989038338944	0.06395807287614214
4.127127619619619	1.0717287073433963	0.43669408440132595	0.06801490615424789
4.134134625425426	1.0758323313907572	0.4374761338781753	0.07177139390460108
4.141141631231231	1.0792934111888608	0.4379446526677859	0.07527079771385162
4.148148637037037	1.0821715082627372	0.4381310407710911	0.0785373182073758
4.155155642842843	1.0845360120559189	0.4380688147614523	0.08160166909574337
4.162162648648649	1.0864497641286959	0.43778900401261467	0.08448953398040807
4.169169654454454	1.0879735503035826	0.43731845964984684	0.08723057356985763
4.176176660260261	1.0891530044931217	0.43668189277908753	0.08983876754942195
4.183183666066066	1.0900309585983874	0.4358993391873053	0.0923321634481202
4.190190671871872	1.0906448849739394	0.4349878030271869	0.09472683482875076
4.197197677677678	1.091022514576415	0.4339628460326338	0.09702933379583596
4.204204683483484	1.091192073119213	0.432835966222565	0.09925365015388275
4.211211689289289	1.0911736122264162	0.43161786795423085	0.10140512099945703
4.2182186950950955	1.0909870325818203	0.4303169170157952	0.10349339549701816
4.225225700900901	1.0906504608923302	0.4289456819786107	0.10551806511883338
4.232232706706707	1.0901770116483185	0.42750675660787635	0.10749108445119804
4.2392397125125125	1.0895816030921954	0.42600946022782094	0.10941421646068798
4.246246718318318	1.0888784944639607	0.42446158498187536	0.11129185929773694
4.253253724124124	1.0880779121384103	0.4228659425094648	0.11313194489013947
4.2602607299299295	1.0871938738628073	0.4212299781622291	0.11493857822415483
4.267267735735736	1.0862345571844343	0.41955866618749404	0.11671388682302367
4.274274741541541	1.0852105190065067	0.4178557191828163	0.11846427731221434
4.2812817473473475	1.0841297639771885	0.4161252237016995	0.12019282649659815
4.288288753153153	1.0830027951277614	0.4143738421813541	0.12190111917662996
4.295295758958959	1.0818376339008131	0.41260514733711545	0.12359321908360243
4.3023027647647645	1.0806408264732295	0.41082068676750966	0.1252747835646443
4.309309770570571	1.0794186356306559	0.40902320301360245	0.1269488963182941
4.316316776376376	1.0781787964166514	0.40721808783521185	0.12861594607035834
4.323323782182182	1.076926766493363	0.40540597680185053	0.13028150334835598
4.330330787987988	1.0756703531271323	0.4035920346105595	0.13194610055720193
4.337337793793794	1.0744145375902656	0.40177695084158543	0.1336147285064562
4.344344799599599	1.0731657457613	0.3999652396598195	0.13528735543956905
4.351351805405406	1.0719265878527473	0.3981571325109115	0.13696661538351393
4.358358811211211	1.0707027145406107	0.39635464313410806	0.13865570523164553
4.365365817017017	1.0694965282368951	0.39455887026514536	0.1403554821322003
4.372372822822823	1.068309211410158	0.3927707401408063	0.1420658456533447
4.379379828628629	1.0671498252056886	0.39099447451694597	0.1437895612612096
4.386386834434434	1.0660114150724693	0.3892257749137264	0.14552666157988556
4.393393840240241	1.064904616696512	0.38747003911956185	0.14727927510945815
4.400400846046046	1.063820151993489	0.3857209726668368	0.1490476973560733
4.407407851851852	1.0627649690800165	0.38398546827882785	0.15082802248038363
4.414414857657658	1.0617446991865362	0.382263654196009	0.15262566643136352
4.421421863463464	1.0607481517887098	0.3805507834896655	0.15443639828044609
4.428428869269269	1.0597818493202322	0.37884998080303167	0.1562618700700994
4.435435875075075	1.0588446263055704	0.3771600956199245	0.15810243233015095
4.442442880880881	1.0579499526198701	0.3754882519162454	0.15996049148909847
4.449449886686686	1.0570769167960674	0.37382332021722325	0.16183208337783353
4.4564568924924925	1.0562350607069215	0.37217029994032924	0.1637193773097264
4.463463898298298	1.0554248988504853	0.3705287875333671	0.16562346730836577
4.470470904104104	1.0546487343178361	0.3689006098428735	0.16754353363296898
4.47747790990991	1.0539081113042206	0.36728522925176954	0.1694815558137844
4.484484915715716	1.0532030844371492	0.3656821789914725	0.17143795020085834
4.491491921521521	1.0525370838494263	0.3640941561442332	0.1734116950519244
4.4984989273273275	1.0519109081935951	0.36251956047807904	0.17540674044512417
4.505505933133133	1.051360390483297	0.36097142280469996	0.17743912940201986
4.512512938938939	1.0508309561441154	0.35943172907527204	0.17947892117240094
4.5195199447447445	1.050346050687048	0.3579055480235802	0.18154430208523534
4.526526950550551	1.0499103568509756	0.35639797158706427	0.18363119287986937
4.533533956356356	1.0495247083586394	0.35490602924973946	0.1857451185224108
4.540540962162162	1.0491914436371705	0.3534297434083706	0.18788822392887503
4.547547967967968	1.0489118928133767	0.3519733169212278	0.19005442772214654
4.554554973773774	1.0486861070243	0.35053236829806395	0.19225125007223345
4.561561979579579	1.0485157581631754	0.3491103230567251	0.19447387926195803
4.568568985385386	1.0483994012045845	0.34770417347360466	0.196724898883047
4.575575991191191	1.0483357382976064	0.3463146219816271	0.19900094582570582
4.582582996996997	1.0483190403737268	0.34493800591167195	0.20130156679440264
4.589590002802803	1.0483513232369335	0.3435741002524518	0.20362917732536076
4.596597008608609	1.0484237483098136	0.3422225542686825	0.20597462225696825
4.603604014414414	1.0485329540464252	0.34087992487891194	0.208339314054475
4.610611020220221	1.0486680905958223	0.33954356652298945	0.21071575934251646
4.617618026026026	1.0488303294069365	0.3382146323425808	0.21310347668004886
4.624625031831832	1.0490078222195207	0.33688702052609804	0.2155001188285543
4.631632037637638	1.049187447183082	0.33555838298382656	0.21789584826957595
4.638639043443443	1.0493734979844318	0.33422797583306985	0.22029669672572433
4.645646049249249	1.0495441672600483	0.3328934872522323	0.22268418284225167
4.652653055055055	1.0496988583930735	0.3315506319986108	0.22506492941375417
4.659660060860861	1.0498300501859652	0.33019866735304976	0.22743286091096543
4.666667066666666	1.0499293287420484	0.32883588140750103	0.22978302527730826
4.673674072472473	1.049989244276097	0.3274605884820231	0.23211154378118778
4.680681078278278	1.050001484990515	0.32606911582503495	0.2344167800078151
4.687688084084084	1.0499589108148406	0.32466326394377776	0.23668952364859175
4.69469508988989	1.0498530540904547	0.3232388257409343	0.23892957278806212
4.701702095695696	1.0496753363030955	0.32179291749020716	0.2411343840008499
4.708709101501501	1.0494178687315787	0.32032333929596535	0.24330101814974234
4.7157161073073075	1.049072975398759	0.3188323072411423	0.24541975890392242
4.722723113113113	1.0486364703091768	0.31731765889021124	0.2474914982977385
4.729730118918919	1.0480866314350543	0.31577146250597754	0.24950887119001033
4.7367371247247245	1.0474394529830864	0.314203437551605	0.25147369779617273
4.743744130530531	1.046672749676272	0.3126031572873387	0.25338310170837486
4.750751136336336	1.045770961322675	0.31097078736984257	0.2552229497024668
4.757758142142142	1.044748986474536	0.3093101367876858	0.2570038138652312
4.764765147947948	1.0435841163545645	0.3076164420855401	0.2587133311363383
4.771772153753754	1.0422742193732488	0.3058898810021246	0.2603515338885332
4.7787791595595595	1.0408215167420387	0.30413231813442987	0.26192054780724194
4.785786165365366	1.0391986516972964	0.30233593890420585	0.26340788517251396
4.792793171171171	1.037440729801936	0.30051510718526636	0.2648257023257967
4.799800176976977	1.0355084287620568	0.298655205758151	0.26616305604476204
4.806807182782783	1.0334418205893319	0.2967710748224225	0.26743588664679135
4.813814188588589	1.0312051570123537	0.29485361384709047	0.2686276547868404
4.820821194394394	1.0288121691592336	0.2929066339723826	0.26974689385605305
4.8278282002002	1.0262721400401156	0.2909367146583495	0.2707947920122136
4.834835206006006	1.0235443862505473	0.28893150992326305	0.27175464425157586
4.841842211811811	1.0206809817261144	0.2869072974132576	0.27265253189042366
4.848849217617618	1.0176240720937784	0.28484935919222043	0.2734585770580785
4.855856223423423	1.0144028095158604	0.28276468841756175	0.2741934412348236
4.862863229229229	1.0110247413365383	0.28066061904795225	0.2748511440026684
4.869870235035035	1.0074434372253214	0.2785228555057187	0.2754173625370461
4.876877240840841	1.0037152106273306	0.27636853623604424	0.27591558683329814
4.883884246646646	0.999757241246438	0.27417666293775966	0.27630812721072845
4.890891252452453	0.9956430775184035	0.2719671410588731	0.27663165063941697
4.897898258258258	0.991284396261921	0.26972058649108743	0.2768374771881647
4.904905264064064	0.9867148813957132	0.26744621500612514	0.2769469649127819
4.91191226986987	0.9819868779376472	0.26515812724223214	0.276985110074288
4.918919275675676	0.9769854017868647	0.2628285573958527	0.27689568872963644
4.925926281481481	0.9717591573239137	0.26047227030786474	0.2767037728595018
4.9329332872872875	0.9663144651960135	0.258093356807207	0.276409589120599
4.939940293093093	0.9607121571914917	0.2557044504680599	0.27604986812357957
4.946947298898899	0.9548317889567172	0.2532798532445769	0.27555680766498364
4.9539543047047045	0.9487128637678696	0.25083184771907724	0.27495538065230957
4.960961310510511	0.9423651334083125	0.2483632999794263	0.27425198160070324
4.967968316316316	0.9357983749290054	0.24587918514230792	0.27344820732932723
4.9749753221221225	0.9290114798881831	0.24338023717881238	0.27254442203370144
4.981982327927928	0.9219922530954852	0.24086324595256256	0.2715397983798702
4.988989333733734	0.9147622960956328	0.238337312077513	0.27043796982489776
4.9959963395395395	0.9073072249256601	0.23579837795409253	0.2692373663942963
5.003003345345346	0.899845244944627	0.23329149380394198	0.2680419848824761
5.010010351151151	0.8919939420399968	0.23073766911154908	0.26665845863143833
5.017017356956957	0.8839265751445606	0.22817717948138863	0.2651779226825881
5.024024362762763	0.8756279806524524	0.22560617793704366	0.26359758170675845
5.031031368568568	0.8671260776595826	0.22303403407134176	0.26192417425104325
5.038038374374374	0.858425962022488	0.22046289002042216	0.2601591033511491
5.04504538018018	0.8494991008004437	0.21788575140509883	0.25829620563086414
5.052052385985986	0.8403956082320065	0.215316243460389	0.2563515022702988
5.059059391791791	0.8310925993335468	0.2127487852883923	0.2543207820263592
5.066066397597598	0.8216324627214734	0.21019470988687464	0.25221766675753093
5.073073403403403	0.8120075095965231	0.2076527577606347	0.2500411602766183
5.080080409209209	0.8022410105553566	0.20512654211942322	0.2478070720847283
5.087087415015015	0.7923562994918558	0.20262274075156292	0.24551986692319036
5.094094420820821	0.7823618302162735	0.20014286953043298	0.2431834764582025
5.101101426626626	0.7722477941744308	0.1976841124809068	0.2407956696871676
5.108108432432433	0.7620540347243593	0.19525421419062006	0.2383729706701126
5.115115438238238	0.7513004718308488	0.1927862374564263	0.23569020845922464
5.122122444044044	0.7405132238527924	0.19037293149038823	0.23301366210242785
5.12912944984985	0.7297610388137055	0.18802416520194398	0.23036412331718165
5.136136455655656	0.7190604651908852	0.18573763918305256	0.22774922963779923
5.143143461461461	0.7084379975849188	0.18351282747948586	0.2251791969977113
5.1501504672672676	0.6978957827699537	0.18134680103085382	0.2226530922661482
5.157157473073073	0.6874648140679451	0.17923976791826823	0.22018294610211886
5.164164478878879	0.6771580190942751	0.17719000043068786	0.21777183763846183
5.171171484684685	0.6669792174657513	0.17519293319844698	0.21542196835046196
5.178178490490491	0.6569588635280887	0.17325049246996016	0.21313927979275069
5.185185496296296	0.6470689880609846	0.17135297484325215	0.2109143390349135
5.1921925021021025	0.6373085108286572	0.16949694791962044	0.20874435748863499
5.199199507907908	0.6276804184488668	0.16767993133268366	0.20662235255324485
5.206206513713714	0.6181633129881945	0.16589534324567934	0.2045410853622441
5.2132135195195195	0.6087481709981339	0.16413939811817488	0.2024913421728052
5.220220525325326	0.5994095506535286	0.16240609033528147	0.20046407964073296
5.227227531131131	0.5901507264302794	0.16069409498076476	0.19845334923383096
5.2342345369369365	0.5809531540396875	0.15899910787563942	0.19644849693152666
5.241241542742743	0.5717931515795627	0.15731562740052782	0.1944403151481325
5.248248548548548	0.5626529695734723	0.15563975182802137	0.19241915227258863
5.255255554354354	0.553533234904627	0.15397091701258914	0.1903828524112096
5.26226256016016	0.5444179645048921	0.15230623156489945	0.18832355995541183
5.269269565965966	0.5352989700018673	0.1506439681242066	0.18623618454222923
5.2762765717717715	0.5261562042536259	0.14898041037815965	0.18411342276008785
5.283283577577578	0.516992989751661	0.14731618484991227	0.18195307696293683
5.290290583383383	0.5077912780852235	0.14564808984973768	0.17974718252642488
5.297297589189189	0.49853580239375483	0.14397353743166694	0.17748908303277694
5.304304594994995	0.48921895767105467	0.14229143926328483	0.17517609157256173
5.311311600800801	0.4798514197797285	0.14060383773506827	0.17280889824849285
5.318318606606606	0.47040975237844207	0.13890706906212977	0.1703798568657353
5.325325612412413	0.4608928236892357	0.13720091658354325	0.167888429898975
5.332332618218218	0.45129814758833686	0.13548551673368345	0.16533142471113296
5.339339624024024	0.44161368680366475	0.13375931305471953	0.16270573123830703
5.34634662982983	0.43183927536767486	0.1320230771026036	0.16001031719124273
5.353353635635636	0.42198253762907373	0.13027901964411248	0.15724670159181867
5.360360641441441	0.4120211762255047	0.1285238048838782	0.15440889959504553
5.367367647247248	0.40197155176004584	0.1267612046662514	0.15150239307089866
5.374374653053053	0.39182381974299596	0.12499088962292879	0.14852335793117505
5.381381658858859	0.3815931561491673	0.12321589593909757	0.14547755404530144
5.388388664664665	0.3712776263883667	0.12143654587624572	0.14236714171223797
5.395395670470471	0.360882703504583	0.11965505667849553	0.1391947552151527
5.402402676276276	0.3504009301715211	0.11787045194293488	0.1359586620314437
5.4094096820820825	0.3398679884457507	0.11608952699734176	0.1326718422066243
5.416416687887888	0.3292540870908552	0.11430769275525471	0.12932759474346495
5.423423693693693	0.3185715528746747	0.11252816771560384	0.1259281444359439
5.4304306994994995	0.3078426739915893	0.11075486397681847	0.12248422076397801
5.437437705305305	0.29706777137438717	0.10898835849180938	0.11899708095701887
5.444444711111111	0.2862498280670474	0.1072296420907934	0.11547001467803034
5.4514517169169165	0.27539844431588684	0.10548087645421457	0.11190699974114834
5.458458722722723	0.2645138267601674	0.10374242778259989	0.10830968673307283
5.465465728528528	0.25361192083794587	0.10201683239081456	0.10468653785907334
5.4724727343343345	0.24268770381558857	0.10030450523967824	0.10103465705274989
5.47947974014014	0.23176464913075392	0.09860901825297225	0.09736567876743915
5.486486745945946	0.2208123449066417	0.09692610918804578	0.09366754741651209
5.4934937517517515	0.20988966465551853	0.09526460521117606	0.08996603596915258
5.500500757557558	0.1988960277761879	0.0936117135004026	0.0862219842769971
5.507507763363363	0.18799493259314798	0.09198746868461216	0.08250127531906963
5.514514769169169	0.17710464292774783	0.09038326041129367	0.07877188903393736
5.521521774974975	0.16623377622633287	0.08879980708619162	0.07503946972595776
5.528528780780781	0.15538522574469768	0.08723781516894374	0.0713055403995615
5.535535786586586	0.14457256926635678	0.08569921984233446	0.06757649251460454
5.542542792392393	0.13381217409494864	0.08418621520960501	0.06385965631792788
5.549549798198198	0.12308960273377717	0.08269713975191788	0.06015092363809266
5.556556804004004	0.11240660007863505	0.08123222129023855	0.05645100949676953
5.56356380980981	0.10178463062902857	0.07979416887553228	0.052768756733607536
5.570570815615616	0.09122883828124297	0.0783835851743432	0.049108331600459965
5.577577821421421	0.08073453133043502	0.07699983856698744	0.04546950536198234
5.584584827227228	0.07032665695602426	0.07564599817352347	0.041861888405793066
5.591591833033033	0.05998476628384122	0.07431934370423125	0.03827879254004283
5.598598838838839	0.049721339492431384	0.07302129638527594	0.034725765441824284
5.605605844644645	0.03954551721522198	0.07175297264123526	0.031207194824342848
5.612612850450451	0.029472348422213086	0.07051583036524184	0.02772981434665309
5.619619856256256	0.01948667173840857	0.0693079623599386	0.02428875862570025
5.626626862062062	0.009602233319275033	0.06813083002812324	0.020890140940714865
5.633633867867868	-0.00016761123979722707	0.06698570921349159	0.017539415191831016
5.640640873673673	-0.00982612470930529	0.06587170726709497	0.014237180123775197
5.6476478794794795	-0.0193689734651658	0.06478901938946002	0.01098515096165692
5.654654885285285	-0.028771548273886585	0.0637399700315109	0.007793124721812268
5.661661891091091	-0.0380534373473355	0.06272198106727758	0.004655050016785003
5.668668896896897	-0.047198732375156226	0.0617362688922958	0.0015778346190409363
5.675675902702703	-0.05618780378205655	0.060784602015982875	-0.0014318567031041721
5.682682908508508	-0.06503211252331352	0.05986503856217315	-0.004376152529060885
5.6896899143143145	-0.07369663292236944	0.058980414147082105	-0.007241995475803565
5.69669692012012	-0.08219454727195452	0.058128868176853324	-0.01003368674375796
5.703703925925926	-0.09052084552692738	0.05731028537463213	-0.012748977668396094
5.7107109317317315	-0.09863715531151701	0.05652721094509406	-0.015373372626252461
5.717717937537538	-0.10655983058806182	0.0557771913371099	-0.017911739169162215
5.724724943343343	-0.11426081757918312	0.05506204689123187	-0.020354457207021847
5.731731949149149	-0.12172942209557606	0.05438156234844615	-0.022696510257153225
5.738738954954955	-0.1289459699132034	0.053736176859668666	-0.024930612439441866
5.745745960760761	-0.1358915686961935	0.053126187679525254	-0.027049978248257042
5.752752966566566	-0.14255973570325675	0.05255061888412081	-0.029051935736145347
5.759759972372373	-0.14890863585531644	0.05201125650046103	-0.03092204968614027
5.766766978178178	-0.15490774608806684	0.051508492609199694	-0.032648745175222364
5.773773983983984	-0.16054588174319084	0.05104118137409375	-0.03422840872215141
5.78078098978979	-0.1657668049835794	0.05061098020703493	-0.03564129205084648
5.787787995595596	-0.17055168426738415	0.05021667117403762	-0.03687997739892743
5.794795001401401	-0.17483611595158918	0.04985985801339084	-0.037922803784701975
5.801802007207208	-0.17856808143800704	0.04954092625193365	-0.03875255544825482
5.808809013013013	-0.1817070871071798	0.049258799517404146	-0.03935443797308606
5.815816018818818	-0.1841770974249282	0.04901418034985486	-0.03970265155263261
5.822823024624625	-0.185897526801156	0.04880769971903104	-0.039770192509326216
5.82983003043043	-0.18679092022571844	0.048639122851460374	-0.039530964555501716
5.836837036236236	-0.18677744208957126	0.048508130045989896	-0.03895771621109309
5.843844042042042	-0.18573562330521354	0.048414426765705725	-0.038010204549255244
5.850851047847848	-0.18356148818792634	0.04835764074767493	-0.036653675403733973
5.857858053653653	-0.18013666120417618	0.04833651627592267	-0.03485058771930145
5.86486505945946	-0.1753630738894301	0.0483490407295802	-0.032566862760743984
5.871872065265265	-0.169096885576619	0.04839357339095328	-0.0297564210700899
5.878879071071071	-0.16121397872295679	0.04846770963163989	-0.02638084723584211
5.885886076876877	-0.15159853074882165	0.04856840752545055	-0.022406142940501906
5.892893082682683	-0.14014725171124698	0.048690801005622536	-0.017797883645777602
5.899900088488488	-0.12680336377951124	0.04883016327744494	-0.012548656847641466
5.9069070942942945	-0.11148469840336818	0.04898071079891079	-0.006634697525435693
5.9139141001001	-0.09422470801655788	0.04913570953604751	-7.8832180068851e-5
5.920921105905906	-0.07511600938811319	0.04928720550047447	0.007072814979652942
5.9279281117117115	-0.054270244119105054	0.04942771450671475	0.01477185826061607
5.934935117517518	-0.031914726576384105	0.04954956970015648	0.022924305070170476
5.941942123323323	-0.008371020152440496	0.04964521149896642	0.03140246393282313
5.948949129129129	0.015939658243592676	0.04970765596184731	0.04004315171381997
5.955956134934935	0.04045620123364685	0.04972955206076211	0.04863158907230888
5.962963140740741	0.06465525899032573	0.04970769376153886	0.05697977049462344
5.9699701465465465	0.08788105100913274	0.04963949394221921	0.06483856191775009
5.976977152352353	0.10945149516231606	0.04952500205019227	0.07196971578361956
5.983984158158158	0.12887065682646087	0.04936768664513486	0.07819059913668083
5.990991163963964	0.14530898440973777	0.049164035439113775	0.08321590804667674
5.99799816976977	0.15882025872400116	0.04893015678695744	0.08707006870096196
6.005005175575576	0.1688635497049619	0.04866914889400212	0.08957188274923894
6.012012181381381	0.17527760544796572	0.048383213384036165	0.0906831269692637
6.019019187187187	0.17820901083640836	0.0480801465876756	0.09048005004285745
6.026026192992993	0.17789599083822277	0.04776586370326424	0.08907153635831257
6.033033198798798	0.17469567042791348	0.04744466785832849	0.08660896664501785
6.040040204604605	0.16904892194459806	0.04711905867517727	0.08326831733052838
6.04704721041041	0.16146157154917357	0.04679223772834851	0.07925354707878715
6.054054216216216	0.1524208180550477	0.04646462131784539	0.07475344704801815
6.061061222022022	0.14241260699426553	0.04613699385399647	0.06995652830461245
6.068068227827828	0.13187965134732427	0.045809753817666374	0.06503106380302574
6.075075233633633	0.12119785274278995	0.045483027081402366	0.06011963367658831
6.08208223943944	0.11066034395296478	0.04515637578870659	0.05533093349037665
6.089089245245245	0.10052887027514755	0.044830393683349984	0.05075991264725719
6.096096251051051	0.09094198756568828	0.04450418954508669	0.04645545012936746
6.103103256856857	0.08204966361163166	0.04417919827193928	0.04247077932750617
6.110110262662663	0.07388850904057427	0.04385439264119617	0.03881427956008496
6.117117268468468	0.06650467869467365	0.04353092789266758	0.0355000575144843
6.1241242742742745	0.0598896564338003	0.04320862031602126	0.03252012430731792
6.13113128008008	0.05402222865205486	0.04288884184114802	0.029860019566445937
6.138138285885886	0.04885866796373307	0.04257110382153934	0.02750267429137611
6.1451452916916915	0.04434418872305285	0.042254683240644374	0.025426643994354257
6.152152297497498	0.04043396841237589	0.04194124755846079	0.0236083417088109
6.159159303303303	0.037068960952394446	0.041631283084725974	0.022018717556692356
6.1661663091091095	0.03418813416185528	0.041324832155067	0.020633830982669774
6.173173314914915	0.031737254098043934	0.0410221231520355	0.01943132036154066
6.180180320720721	0.029671558597190128	0.04072439193697562	0.018389637722018404
6.1871873265265265	0.0279331832235743	0.04043080511091408	0.017486703662875643
6.194194332332333	0.026485877961157714	0.040142136217233074	0.016706036442645775
6.201201338138138	0.02528466752236275	0.03985828218415782	0.01602964921609766
6.208208343943944	0.02430022193615023	0.03957979804447888	0.015444316529971329
6.21521534974975	0.02349669879315634	0.03930623909170903	0.014935335641477003
6.222222355555555	0.022847264630492706	0.03903811056864487	0.014491924456654306
6.229229361361361	0.022327424668386144	0.03877525665693491	0.014103616822739598
6.236236367167167	0.021915402329562905	0.038517311251263495	0.013760964899386292
6.243243372972973	0.021593894684483618	0.0382648753199261	0.013457068939460973
6.250250378778778	0.021336284836852258	0.03801700760782788	0.013183555117220547
6.257257384584585	0.021148158895965902	0.03777485854712078	0.012936657166971035
6.26426439039039	0.0210067906576143	0.03753772090841964	0.012710956492551483
6.271271396196196	0.02089263310312451	0.0373051617202091	0.012499460190161302
6.278278402002002	0.020820351362977673	0.037078371700717	0.012302271235002538
6.285285407807808	0.020750770132579553	0.03685548316607216	0.01211136625762665
6.292292413613613	0.02069381432264286	0.03663731741670669	0.01192639240231231
6.29929941941942	0.020653293473873995	0.03642453464865388	0.011746576935137726
6.306306425225225	0.020598922704334752	0.03621545184349522	0.011565503391421266
6.313313431031031	0.020559847849036732	0.0360117833416558	0.011387186998178788
6.320320436836837	0.02049468936027194	0.03581161049115043	0.01120362209709689
6.327327442642643	0.0204232507876922	0.03561572884460873	0.011017281325521397
6.334334448448448	0.020349027051741294	0.03542450239844501	0.01082845755019601
6.3413414542542546	0.020259567257556003	0.03523729432299491	0.010634458487545151
6.34834846006006	0.0201311215949144	0.03505309066233832	0.010430251521875855
6.355355465865866	0.019984590659463886	0.034872417089777966	0.010219286394519364
6.362362471671672	0.019819627383437628	0.03469534454069702	0.010001474767225826
6.369369477477478	0.019635071849063556	0.03452191387423219	0.009776439107457851
6.376376483283283	0.01943045027587036	0.034351978309175385	0.009543917622611206
6.3833834890890895	0.019205189276422653	0.03418541394973755	0.009303679080125226
6.390390494894895	0.018959004799164833	0.034022119254828224	0.009055611683325096
6.397397500700701	0.018691689978578868	0.03386207510993116	0.00879970850527573
6.4044045065065065	0.01840363638866944	0.033705194398877744	0.008536180888422366
6.411411512312312	0.018094810645147133	0.03355132071114216	0.00826496526269973
6.418418518118118	0.017764344470783074	0.03340028679110125	0.007985867426896916
6.4254255239239235	0.017371062545295142	0.03325082699079939	0.007690818528174902
6.43243252972973	0.017002920626101398	0.03310536275080313	0.007398068115678959
6.439439535535535	0.016615339763069295	0.03296243529725425	0.007098023480732643
6.446446541341341	0.016209610060834816	0.03282232125132772	0.006791684653040771
6.453453547147147	0.015786480741320663	0.03268481806390673	0.0064793061551247115
6.460460552952953	0.015345698648612804	0.032549687417886046	0.006160574578931815
6.4674675587587585	0.01488943779443865	0.03241720707261886	0.0058367820750717505
6.474474564564565	0.014417279383990995	0.032286858894417236	0.0055073243735032735
6.48148157037037	0.013931363355202763	0.03215894335981277	0.005173512105130072
6.488488576176176	0.013431307032114502	0.03203301762697999	0.004834832212913871
6.495495581981982	0.012919480774790035	0.03190936648313439	0.004492664895600334
6.502502587787788	0.012416048344810743	0.0317880630642329	0.004150674489852189
6.509509593593593	0.01188083015065472	0.03166837452122613	0.003801285437749016
6.5165165993994	0.011334541819156213	0.0315505994138501	0.00344909671183294
6.523523605205205	0.010779918551440868	0.03143457908031545	0.0030946796688124355
6.530530611011011	0.010220593108237256	0.03132026096103022	0.002738831538913538
6.537537616816817	0.009654630091855439	0.031207566584612934	0.002381438392639229
6.544544622622623	0.009083470155969463	0.031096500377064597	0.0020231822446697464
6.551551628428428	0.008507661774788563	0.03098693268041329	0.0016642361200447844
6.558558634234235	0.007923081438245421	0.03087869481574603	0.0013041058023892447
6.56556564004004	0.007342331924107479	0.030772067920095174	0.0009457093443108293
6.572572645845846	0.006759248937661276	0.030666616518418295	0.0005874600032768769
6.579579651651652	0.006176955536241681	0.030562666940431363	0.00023102759286401127
6.586586657457458	0.005594683063422184	0.0304598675893842	-0.00012424250655457644
6.593593663263263	0.005013870735555074	0.030358244939941523	-0.00047767638415916564
6.6006006690690695	0.004435651882845436	0.03025777705378349	-0.0008287727621660577
6.607607674874875	0.0038576206783401137	0.030158366304882493	-0.0011775787593378214
6.61461468068068	0.0032864395083242862	0.030059927344015278	-0.0015232623688860988
6.6216216864864865	0.002721161790336927	0.029962501640258352	-0.0018654412237811915
6.628628692292292	0.0021622963199028388	0.029866105636246414	-0.0022037025989883703
6.635635698098098	0.0016101964105908293	0.029770626949948677	-0.002537999171700955
6.6426427039039035	0.0010652215694241937	0.029675954501011934	-0.002868268237565965
6.64964970970971	0.0005285268515741409	0.029582134269817126	-0.0031939674673126315
6.656656715515515	1.371747914090535e-6	0.029489237341936023	-0.0035144821162777437
6.6636637213213215	-0.0005168335999381443	0.029396996002224923	-0.0038303491413929
6.670670727127127	-0.001024381865219136	0.02930558515492008	-0.0041406605867683605
6.677677732932933	-0.0015240466864094256	0.02921468129755181	-0.004445970438566907
6.6846847387387385	-0.002009521880749789	0.02912465369415914	-0.004745091635422311
6.691691744544545	-0.002483699171352707	0.029035191329090253	-0.005038738003348647
6.69869875035035	-0.0029452716978765245	0.028946467269144772	-0.0053261203027066325
6.705705756156156	-0.0033947750888550284	0.028858280244421896	-0.005607691057735186
6.712712761961962	-0.0038311065049610555	0.028770756227348794	-0.0058828807047137995
6.719719767767768	-0.004254430146796957	0.02868375617990257	-0.006151931890077196
6.726726773573573	-0.004664081274901976	0.02859735417105084	-0.006414520087302978
6.73373377937938	-0.005059605270235735	0.02851156375772113	-0.0066704683897061195
6.740740785185185	-0.0054418801347194505	0.02842615170572477	-0.006920415573253713
6.747747790990991	-0.005809533651951633	0.02834141062871721	-0.0071635162037511635
6.754754796796797	-0.006163717945852283	0.028257046263012106	-0.00740059178977596
6.761761802602603	-0.00650334712724974	0.02817331201184043	-0.007630931095140618
6.768768808408408	-0.006829338361860931	0.028089959602671282	-0.007855213528193346
6.775775814214215	-0.007140999245836497	0.028007205515703633	-0.008072952972010307
6.78278282002002	-0.007439264589270183	0.027924854491885233	-0.008284808293224215
6.789789825825826	-0.007721396290455457	0.027842883366368528	-0.008488958095956681
6.796796831631632	-0.007991681783209765	0.027761515511227495	-0.008688385989441822
6.803803837437437	-0.008248323296621134	0.027680610247272072	-0.008881887589587955
6.810810843243243	-0.008491411878154172	0.027600211157741646	-0.009069475438645273
6.817817849049049	-0.008721136781042199	0.027520308876988604	-0.009251279520009377
6.824824854854855	-0.008937691188834572	0.027440909324188023	-0.009427394922933647
6.83183186066066	-0.009141110231049241	0.027362002638457516	-0.0095978916314754
6.8388388664664665	-0.00933176774822559	0.027283597300953942	-0.009762918982437963
6.845845872272272	-0.009509582019248853	0.02720576242233606	-0.009922417132103283
6.852852878078078	-0.009674986020143144	0.02712844576984352	-0.010076611745034193
6.859859883883884	-0.00982804776203297	0.02705159834142344	-0.010225633873644993
6.86686688968969	-0.009968883540341684	0.026975252141783625	-0.010369499805289102
6.873873895495495	-0.010097446663387041	0.026899451652953498	-0.010508176264117172
6.8808809013013015	-0.010213937096339377	0.02682419342773536	-0.010641741199437438
6.887887907107107	-0.010318431769379126	0.026749473292429514	-0.010770244220184189
6.894894912912913	-0.010410815736846253	0.026675296756972604	-0.010893635391183152
6.9019019187187185	-0.010491074737738623	0.026601696437271304	-0.011011854604642969
6.908908924524525	-0.010559228339194378	0.02652871311780566	-0.011124862586742617
6.91591593033033	-0.010615345613675258	0.026456289189244246	-0.011232729719992696
6.922922936136136	-0.010659391522589514	0.02638439088521359	-0.011335466382486422
6.929929941941942	-0.010691272624321868	0.026313064790025483	-0.011432956492056043
6.936936947747748	-0.010710825058532315	0.026242338624745624	-0.011525086278732057
6.943943953553553	-0.010718008101586131	0.026172203756113586	-0.011611819190737166
6.95095095935936	-0.010712692687530804	0.026102664125833615	-0.011693081316487924
6.957957965165165	-0.010694703546555374	0.02603372585067357	-0.011768775896952641
6.964964970970971	-0.01066400434414218	0.02596542943197729	-0.011838813496062318
6.971971976776777	-0.010620582146566056	0.02589778969776244	-0.011903147165400259
6.978978982582583	-0.010564323908124368	0.02583074286805523	-0.011961782737388484
6.985985988388388	-0.01049500392492125	0.0257642806784558	-0.012014634047647167
6.992992994194195	-0.010412770253862813	0.02569844772383187	-0.012061672696887758
7.0	-0.010317558403	0.025633249825	-0.01210286303
