t	CL	CD	CM
1.2e-6	-1.0710222911999998	7874.464668399998	0.36931448462999983
0.007008205805805806	-1.5962925193807698e-6	0.2554324462400606	5.654786042737674e-7
0.014015211611611612	-1.55330457043896e-6	0.18601125254124554	5.475535049548234e-7
0.021022217417417416	-1.5669587987232063e-6	0.1532361864400313	5.404764646729906e-7
0.028029223223223224	-1.4994207854901872e-6	0.13320784715403658	5.397478244286665e-7
0.03503622902902903	-1.487277046615805e-6	0.11938712197762849	5.399820777581075e-7
0.04204323483483483	-1.4986025708486e-6	0.10913315104067607	5.397688649505915e-7
0.04905024064064064	-1.4380553394987467e-6	0.10114694494364102	5.419391320995805e-7
0.05605724644644645	-1.450564297520013e-6	0.09466478233869169	5.419935243143503e-7
0.06306425225225225	-1.4501433295376593e-6	0.08921840881111982	5.436875279382259e-7
0.07007125805805806	-1.438400562816653e-6	0.08456889111288107	5.450300291406972e-7
0.07707826386386386	-1.4261275183608895e-6	0.0805525502896146	5.476981369211943e-7
0.08408526966966967	-1.4194491807329023e-6	0.07704151598550353	5.500605106461317e-7
0.09109227547547548	-1.4106878102988008e-6	0.07394474737227445	5.515489206645928e-7
0.09809928128128129	-1.4034339509014579e-6	0.0711918113548373	5.535275254448951e-7
0.10510628708708708	-1.3956232270830174e-6	0.0687260654174052	5.556225837097023e-7
0.11211329289289289	-1.3830916097998709e-6	0.06650177038173019	5.571147897871262e-7
0.1191202986986987	-1.377407596406507e-6	0.06448374541184043	5.58371158112439e-7
0.12612730450450452	-1.366041031642025e-6	0.06264249195314653	5.578898033645189e-7
0.1331343103103103	-1.3748675300031632e-6	0.06095659281141394	5.59248230353701e-7
0.1401413161161161	-1.3698656947029468e-6	0.059405664224078905	5.602682036807545e-7
0.14714832192192193	-1.3660874061293512e-6	0.057972615189328364	5.620476987933924e-7
0.15415532772772772	-1.3595092858007608e-6	0.056646105966261004	5.619862868080648e-7
0.16116233353353354	-1.3481059202930359e-6	0.055413045954133204	5.636210268577555e-7
0.16816933933933934	-1.3505135622815765e-6	0.05426439215056216	5.643481010426095e-7
0.17517634514514516	-1.3400214125354483e-6	0.053190834359666476	5.66469369714262e-7
0.18218335095095095	-1.350777435348506e-6	0.05218441295442807	5.686273348073276e-7
0.18919035675675674	-1.3574751546668421e-6	0.05123800078615521	5.709417183551041e-7
0.19619736256256257	-1.3639019150394616e-6	0.050346718499229455	5.733339817699107e-7
0.20320436836836836	-1.363632129912324e-6	0.04950746195424319	5.761474302856434e-7
0.21021137417417418	-1.3655713990794102e-6	0.04871377486554204	5.795393480712497e-7
0.21721837997997998	-1.3710937180719734e-6	0.047963389134378816	5.828939265401263e-7
0.2242253857857858	-1.3778529793251526e-6	0.04725190956216058	5.872779238683573e-7
0.2312323915915916	-1.3617622529497015e-6	0.04657607399034325	5.924916323557778e-7
0.23823939739739738	-1.3583954459637779e-6	0.045933500861049234	5.973005358186802e-7
0.2452464032032032	-1.3604109199258606e-6	0.04532163135902228	6.028373439804404e-7
0.252253409009009	-1.3690619761157073e-6	0.04473832029784348	6.104548908276434e-7
0.2592604148148148	-1.3761076773696139e-6	0.044182514146532646	6.173941649200537e-7
0.26626742062062064	-1.3839759553841584e-6	0.04365133457510375	6.255971056802242e-7
0.2732744264264264	-1.3961775988641904e-6	0.04314281877642476	6.359891476402697e-7
0.28028143223223223	-1.4106974733522178e-6	0.04265465985701707	6.462928571243078e-7
0.28728843803803805	-1.423780856336193e-6	0.0421878842236631	6.587751072138721e-7
0.2942954438438438	-1.4822296757569223e-6	0.04173981332123036	6.727023237755696e-7
0.30130244964964964	-1.517115867964352e-6	0.04130939049191825	6.860456597939757e-7
0.30830945545545546	-1.5606189672971176e-6	0.04089501572594868	7.052203026829592e-7
0.3153164612612613	-1.6037577140357163e-6	0.040496140263416004	7.251996651047344e-7
0.32232346706706705	-1.6607394557186032e-6	0.04011425199796858	7.495953555528268e-7
0.32933047287287287	-1.723884811733465e-6	0.03974389763751623	7.778787749314304e-7
0.3363374786786787	-1.7952652440001464e-6	0.03938464454765546	8.089479931969492e-7
0.34334448448448446	-1.8791047617284193e-6	0.039036171087889225	8.46033215026936e-7
0.3503514902902903	-1.9767789686979943e-6	0.038698138502550494	8.902172964585739e-7
0.3573584960960961	-2.0893494019539806e-6	0.03837019980949056	9.401473860855581e-7
0.3643655019019019	-2.220358844877392e-6	0.038052007572384756	9.991505556699791e-7
0.3713725077077077	-2.371844850263924e-6	0.037743263586027906	1.06796481782599e-6
0.3783795135135135	-2.545326918528889e-6	0.03744353001434171	1.1468678796651153e-6
0.38538651931931933	-2.748197906786123e-6	0.03715253089609806	1.239628559956693e-6
0.3923935251251251	-2.9842591835780985e-6	0.0368699408389182	1.3470575929781878e-6
0.3994005309309309	-3.2559397737954256e-6	0.03659544758164491	1.471496517589108e-6
0.40640753673673674	-3.5445869020092886e-6	0.03632875289024491	1.6174674059680113e-6
0.41341454254254256	-3.9080235396600035e-6	0.03606956652116182	1.7867286717113322e-6
0.42042154834834833	-4.3396407897629924e-6	0.03581761002222617	1.9842422431469585e-6
0.42742855415415415	-4.842039824126334e-6	0.03557265218335715	2.213549250426023e-6
0.43443555995995997	-5.429869891774443e-6	0.03533436556457117	2.480896299556792e-6
0.4414425657657658	-6.118501780806373e-6	0.035102541524726916	2.7927036946146876e-6
0.44844957157157156	-6.920789480401405e-6	0.03487694488899237	3.1557447770368957e-6
0.4554565773773774	-7.8598646095643e-6	0.03465735137463937	3.5798648031182887e-6
0.4624635831831832	-8.955198374334193e-6	0.03444354521550128	4.073952918528982e-6
0.46947058898898897	-1.0233849672581581e-5	0.0342353204368805	4.650192931502534e-6
0.4764775947947948	-1.172643987708249e-5	0.03403250946183571	5.322245360873471e-6
0.4834846006006006	-1.346971795346387e-5	0.03383486455521082	6.1067938708430524e-6
0.49049160640640643	-1.550336064468773e-5	0.033642235162890326	7.021224687511224e-6
0.4974986122122122	-1.7877488099184936e-5	0.03345444185705762	8.088408835960686e-6
0.504505618018018	-2.064678910163985e-5	0.03327133973088969	9.333055067266389e-6
0.5115126238238238	-2.3877556890398543e-5	0.03309325470508183	1.0784640491816189e-5
0.5185196296296296	-2.764790320515238e-5	0.03291946849937269	1.2477932677651842e-5
0.5255266354354354	-3.204764004057174e-5	0.032749841445826156	1.4453334371996054e-5
0.5325336412412413	-3.718089383568582e-5	0.03258425774566137	1.675762863620088e-5
0.5395406470470471	-4.316984347082776e-5	0.032422595188775445	1.944556169509544e-5
0.5465476528528529	-5.015725550044799e-5	0.03226472383069643	2.2581162947233427e-5
0.5535546586586586	-5.8309679199116335e-5	0.032110518101790074	2.6239082035876096e-5
0.5605616644644644	-6.78217684649358e-5	0.031959858831346784	3.050692888505266e-5
0.5675686702702702	-7.891971804460471e-5	0.031812643605865165	3.548535300818917e-5
0.5745756760760761	-9.186681686581505e-5	0.031668779181941616	4.129275588954954e-5
0.5815826818818819	-0.00010697138942482701	0.031528155983181726	4.806726210000578e-5
0.5885896876876877	-0.00012459500451086444	0.031390661979389466	5.59708455325281e-5
0.5955966934934935	-0.00014515558720241828	0.03125621578889776	6.519083993796928e-5
0.6026036992992992	-0.00016914126173906506	0.031124735070093307	7.594577501973309e-5
0.6096107051051051	-0.00019712405768059057	0.030996121499867472	8.849187115091107e-5
0.6166177109109109	-0.00022977188703931272	0.030870283238045575	0.00010312830279774816
0.6236247167167167	-0.00026785910652466367	0.030747149568036806	0.00012020189379119074
0.6306317225225225	-0.0003122879795783604	0.03062664916075718	0.00014011665223565107
0.6376387283283284	-0.0003641149511373028	0.030508702372417408	0.00016334580342535572
0.6446457341341342	-0.00042458179628921707	0.030393238944944053	0.00019045305113493826
0.6516527399399399	-0.0004951000823822376	0.0302801702953656	0.00022205777488946656
0.6586597457457457	-0.0005773586672713581	0.030169438130664833	0.0002589204511416602
0.6656667515515515	-0.0006732959048178555	0.030060987718789692	0.0003019099059092931
0.6726737573573573	-0.0007851804178743813	0.029954753886805675	0.000352042250184632
0.6796807631631632	-0.0009156666990665815	0.029850665336080797	0.0004105064292282689
0.686687768968969	-0.001067833123788703	0.02974866631898565	0.0004786813236838534
0.6936947747747748	-0.0012452469375664576	0.029648709211930694	0.000558165094991157
0.7007017805805806	-0.0014520723491423526	0.029550738390945474	0.0006508235822828358
0.7077087863863863	-0.001693162863669434	0.02945469590898714	0.0007588319228463537
0.7147157921921922	-0.0019741645525326633	0.029360525554831554	0.0008847210355878562
0.721722797997998	-0.0023016337186501086	0.029268175221936643	0.0010314306579272184
0.7287298038038038	-0.0026831645827594675	0.029177607543489692	0.001202369914698276
0.7357368096096096	-0.003127500319701628	0.029088771835316992	0.0014014528842701155
0.7427438154154155	-0.003644877536731539	0.02900161298997417	0.001633287564495035
0.7497508212212213	-0.004247194853108391	0.028916078010612505	0.0019032145093395398
0.756757827027027	-0.004947929533066205	0.0288321314597169	0.0022172979218261606
0.7637648328328328	-0.005762881609275223	0.028749718952318065	0.0025826469529973933
0.7707718386386386	-0.006710207727252346	0.028668784641547748	0.0030074322071657125
0.7777788444444445	-0.0078107089090395715	0.028589273138303603	0.0035010238142521286
0.7847858502502503	-0.00908806434195438	0.028511113217500036	0.004074181246189618
0.7917928560560561	-0.010569454100454572	0.02843424781764082	0.004739173328469841
0.7987998618618619	-0.012285792900063472	0.028358589710580768	0.005510017323735624
0.8058068676676676	-0.014272192119983575	0.02828409063604468	0.006402806676562835
0.8128138734734734	-0.01656823964423182	0.02821056323044264	0.007435472226910905
0.8198208792792793	-0.01921499269423755	0.028137804947571503	0.008626887502278708
0.8268278850850851	-0.02226672544101261	0.028065302417622836	0.010002158988657918
0.8338348908908909	-0.025773553522410262	0.027993303028673394	0.011584568269392137
0.8408418966966967	-0.0297937089698619	0.02792151957972164	0.013401367162479218
0.8478489025025026	-0.0343890924789202	0.027849558562265737	0.015481867782744874
0.8548559083083083	-0.03962390975604172	0.027776937027501416	0.017856949410092936
0.8618629141141141	-0.045563905981072315	0.027703031824855107	0.020558853532817833
0.8688699199199199	-0.05226349035772453	0.02762699139936101	0.023615403052913275
0.8758769257257257	-0.05980261305043146	0.027547301657705445	0.02706760062975453
0.8828839315315316	-0.0682157868480168	0.02746333827233448	0.030937144196056577
0.8898909373373374	-0.07753813997263351	0.027373513874977124	0.03524747007570442
0.8968979431431432	-0.08779573199306501	0.02727612568199382	0.040016962904241116
0.9039049489489489	-0.0989034600175914	0.027167547045633015	0.04522895431841178
0.9109119547547547	-0.11087383204289043	0.02704616359942301	0.05089646342570173
0.9179189605605605	-0.1235624604560312	0.026908746646563633	0.05697527675674665
0.9249259663663664	-0.1367532990869846	0.026751382885418916	0.06338896270931924
0.9319329721721722	-0.15026347336298754	0.02656990778889662	0.07008424506273359
0.938939977977978	-0.16372567164994498	0.026361228387696264	0.07692251104553498
0.9459469837837838	-0.17667512794567033	0.02612133359366765	0.08372278869340975
0.9529539895895895	-0.18878055136816882	0.02584621155239883	0.09037312075038723
0.9599609953953954	-0.19942127769360596	0.02553531604532418	0.09662405648241143
0.9669680012012012	-0.20803006060728801	0.025188475000019837	0.10223077269757391
0.973975007007007	-0.21402805137369643	0.024804765181296165	0.10699694119843908
0.9809820128128128	-0.2170468500847274	0.02439154904402493	0.11073673351008359
0.9879890186186187	-0.2165856334283518	0.023956304703297224	0.11323404081535882
0.9949960244244245	-0.21235974173926356	0.02350912018590542	0.11434979722863411
1.0020030302302303	-0.2042258858561222	0.02306270372260192	0.11399110951809031
1.0090100360360361	-0.19227378526283972	0.022630843696842654	0.11216050970787093
1.016017041841842	-0.17670744989646547	0.022228603697193004	0.10890350273715275
1.0230240476476475	-0.1579536080434164	0.021871927917542864	0.1043454292242954
1.0300310534534534	-0.1364844756030972	0.02157481577582384	0.09863568005133484
1.0370380592592592	-0.11291290010077715	0.021349012484966814	0.09198409075002126
1.044045065065065	-0.08789810827998633	0.021204332834835575	0.08461490184454878
1.0510520708708708	-0.062027410842489146	0.021146201872376938	0.07674053158559264
1.0580590766766766	-0.03592744342059038	0.021177147870754722	0.06858764207183285
1.0650660824824825	-0.010079826631673368	0.021296698743768896	0.06033842596172499
1.0720730882882883	0.01510790936567014	0.021502062893073114	0.052148181639722915
1.0790800940940941	0.03924966368817498	0.021787602065997107	0.04416673529086422
1.0860870998999	0.06212533350104614	0.02214692649851167	0.03648657205217293
1.0930941057057058	0.08356346925209669	0.022572240739090907	0.029183344808578184
1.1001011115115116	0.10349262595595402	0.02305603743171918	0.022295655874596688
1.1071081173173174	0.1218817310720702	0.02359019100805147	0.015848854484615156
1.1141151231231232	0.13876835499067788	0.024167871713550112	0.009841607170701311
1.1211221289289288	0.15419165728456316	0.02478150046868466	0.004271760214828316
1.1281291347347346	0.16824947348500124	0.02542593334268775	-0.0008857837062725142
1.1351361405405405	0.18101719203215405	0.026094363103192818	-0.005647540567495951
1.1421431463463463	0.19262409187605004	0.026783616779852526	-0.010051760097479203
1.149150152152152	0.20317208529052455	0.027489207287460078	-0.014127043133348564
1.156157157957958	0.21274311181046437	0.028206717229188327	-0.01789532190943481
1.1631641637637637	0.22148139448699547	0.028935692108860274	-0.021403373802225508
1.1701711695695696	0.22946080922844492	0.029672758402704166	-0.024671782491864754
1.1771781753753754	0.23676202147724115	0.030415905906440135	-0.027724716949828702
1.1841851811811812	0.24348784125006365	0.03116513107960391	-0.030595756756388724
1.191192186986987	0.24969672753420297	0.031917950117338764	-0.03330159704314009
1.1981991927927929	0.25546712926985804	0.032675372364557594	-0.0358684926516115
1.2052061985985987	0.26084150021665825	0.03343535758323487	-0.0383080410952945
1.2122132044044045	0.2658803983611645	0.03419836441522186	-0.04064008765600673
1.2192202102102103	0.27064321776290295	0.03496543929563593	-0.042885357907474234
1.226227216016016	0.27514814447599234	0.03573384729099138	-0.045046631450052256
1.2332342218218217	0.27944221802142327	0.03650542279119718	-0.047140777866221506
1.2402412276276276	0.2835350136473078	0.037278444157008254	-0.04916805680847381
1.2472482334334334	0.28748952210949735	0.03805576254313266	-0.05115324389109428
1.2542552392392392	0.29131124545588666	0.0388364225144963	-0.05309602884998043
1.261262245045045	0.2950010945370562	0.03961867234057824	-0.05499401834396565
1.2682692508508508	0.29860968382902997	0.040405372477852024	-0.05686789986118776
1.2752762566566567	0.30213654474325385	0.04119567683493347	-0.058715607562617435
1.2822832624624625	0.3055792358794752	0.041988502181676345	-0.06053420576967731
1.2892902682682683	0.3089738569378822	0.04278514718463124	-0.06233842319499607
1.2962972740740741	0.3123182404140357	0.04358656008190176	-0.0641266912723891
1.30330427987988	0.31561911902943296	0.044391502774337614	-0.06590040557468933
1.3103112856856858	0.31889701959929356	0.04520150162655473	-0.06766842360590544
1.3173182914914916	0.3221240509644832	0.04601356945409146	-0.06941632154874167
1.3243252972972972	0.3253515457510069	0.04683258985397777	-0.07116830699389896
1.331332303103103	0.3285418907290727	0.047654487347031906	-0.07290533555804904
1.3383393089089088	0.3317359734489021	0.0484824577217259	-0.07464663468982927
1.3453463147147147	0.334900873822243	0.04931395759708693	-0.0763757623428244
1.3523533205205205	0.3380748633657079	0.05015123266441079	-0.07811081279484951
1.3593603263263263	0.3412229452621496	0.05099212509030323	-0.07983441429096584
1.3663673321321321	0.3443671469360678	0.05183813054712667	-0.08155681523869944
1.373374337937938	0.34753162237594215	0.05269076232881236	-0.08329027478268577
1.3803813437437438	0.3506732802294436	0.0535469573923364	-0.08501267687271659
1.3873883495495496	0.35383987510446313	0.05441004521218221	-0.08674804373025932
1.3943953553553554	0.3569804534974093	0.05527610754514661	-0.08847026388681702
1.4014023611611612	0.3601203722533966	0.056146340180549065	-0.09019190924206541
1.408409366966967	0.36327094208315724	0.05702361094679327	-0.09191886670617161
1.4154163727727729	0.3664530292146834	0.0579080199918057	-0.09366205421268592
1.4224233785785785	0.36960624885961435	0.05879470452357037	-0.09538984250210807
1.4294303843843843	0.37276012596702623	0.05968594585580337	-0.0971175051907697
1.4364373901901901	0.375924983862605	0.0605839437536819	-0.0988503499412438
1.443444395995996	0.37909188044305236	0.06148605329810556	-0.10058333319374184
1.4504514018018018	0.3822707859157595	0.06239513803977509	-0.10232198936069968
1.4574584076076076	0.3854551126825519	0.06330929571970352	-0.10406264360236314
1.4644654134134134	0.38864286452053143	0.06422793764869694	-0.10580418159378079
1.4714724192192192	0.39184094687187454	0.06515305129210054	-0.10755036129748828
1.478479425025025	0.3950410786462198	0.06608225278969992	-0.1092966968029398
1.4854864308308309	0.39825179438644137	0.06701803366800436	-0.11104784078023208
1.4924934366366367	0.40146432476317884	0.06795783250129013	-0.11279899562184609
1.4995004424424425	0.404679891858413	0.06890344454879328	-0.11455049909645577
1.5065074482482483	0.40797062162010317	0.06986047248532481	-0.11634657411608172
1.5135144540540542	0.4111690370191114	0.07081238018975608	-0.11808915277853287
1.5205214598598598	0.4143894254733096	0.07177260454176128	-0.11984288248828688
1.5275284656656656	0.4176160198133718	0.07273842297109419	-0.12159837310611243
1.5345354714714714	0.42085453905868925	0.07370942965820387	-0.12335942065427277
1.5415424772772772	0.424101389820099	0.0746857815799004	-0.12512376402863754
1.548549483083083	0.4273517963029717	0.07566735578974361	-0.12688838764940763
1.5555564888888889	0.43061961361381057	0.07665598166280953	-0.12866159455672185
1.5625634946946947	0.43389403968489804	0.07764951228640554	-0.1304373188532805
1.5695705005005005	0.4371705903943421	0.0786470465609857	-0.13221299504867667
1.5765775063063063	0.440453543558195	0.07965069290057751	-0.13399068477599463
1.5835845121121122	0.4437484931575575	0.08066010495434399	-0.1357742894121623
1.590591517917918	0.44704901097075006	0.0816745685110397	-0.13755986206579993
1.5975985237237238	0.4503561753587507	0.0826943231586263	-0.13934813897533885
1.6046055295295296	0.4536673378231497	0.0837192510929259	-0.14113735081435633
1.6116125353353354	0.45698504334127027	0.08474973812899617	-0.14292911041048498
1.618619541141141	0.46030983302382844	0.08578511473321784	-0.14472417772380697
1.6256265469469469	0.4636377128083341	0.08682493492133425	-0.1465201148442722
1.6326335527527527	0.46697571379008873	0.08787140393126165	-0.14832068523093123
1.6396405585585585	0.4703173868145306	0.08892247690193213	-0.15012256626192988
1.6466475643643643	0.47366426819060137	0.08997902762079615	-0.15192627011309082
1.6536545701701701	0.4770160013769255	0.09104024572595602	-0.1537320799233477
1.660661575975976	0.4803633092768697	0.09210460298505407	-0.15553413368727811
1.6676685817817818	0.4837259482541545	0.09317640831095066	-0.15734442808159746
1.6746755875875876	0.4870926147329199	0.09425307743813449	-0.15915623413230398
1.6816825933933934	0.49046443478759705	0.09533498206552694	-0.16097015290312738
1.6886895991991993	0.493838864657588	0.09642131902067533	-0.16278483327451904
1.695696605005005	0.49721676261232134	0.09751236984404016	-0.16460075161327023
1.702703610810811	0.5005991150850203	0.09860845045044664	-0.16641842643719257
1.7097106166166167	0.5039931841857747	0.09971098486595069	-0.1682425774401496
1.7167176224224223	0.507388631780153	0.1008186057705739	-0.17006606856737655
1.7237246282282281	0.5107799755603623	0.10192847778484575	-0.17188685104393644
1.730731634034034	0.5141812756194707	0.10304526813362835	-0.17371238191167668
1.7377386398398398	0.5175889481091219	0.10416774986480476	-0.17554072975567142
1.7447456456456456	0.5209983395223976	0.10529389232973489	-0.1773699150276634
1.7517526514514514	0.5244114576435261	0.10642514088775505	-0.1792004051617475
1.7587596572572572	0.5278278504668249	0.10756159616611065	-0.1810316747323805
1.765766663063063	0.5312500549305773	0.10870373047879536	-0.18286537934190797
1.772773668868869	0.5346749933168595	0.10984958582782313	-0.18470083724104452
1.7797806746746747	0.5381055431710219	0.11100163689661274	-0.18653806574457504
1.7867876804804805	0.5415378455002787	0.1121581658125322	-0.1883753713231162
1.7937946862862864	0.5449697482314045	0.11331834667956939	-0.19021160700350379
1.8008016920920922	0.548414567538522	0.11448529199430661	-0.19205559595962082
1.807808697897898	0.5518576437701919	0.1156565735061225	-0.19389668601245885
1.8148157037037036	0.55530246567904	0.1168322130138994	-0.19573774979780853
1.8218227095095094	0.5587581782038817	0.11801375908823582	-0.19758571356308685
1.8288297153153152	0.5622080237182815	0.11919855766427591	-0.19942822720900574
1.835836721121121	0.5656737234739616	0.12039101884176422	-0.20128015941095512
1.8428437269269269	0.5691332216223993	0.12158658978530318	-0.20312648020917903
1.8498507327327327	0.5726028264907297	0.12278778774499695	-0.20497910159811933
1.8568577385385385	0.5760651478053378	0.12399182735987718	-0.20682543799801398
1.8638647443443443	0.5795477793740155	0.12520494690451467	-0.20868362318530093
1.8708717501501502	0.5830192644521078	0.12641976013214187	-0.21053322872348823
1.877878755955956	0.5865021599960624	0.1276403791021275	-0.21239032824873041
1.8848857617617618	0.5899884298206788	0.12886619752399842	-0.2142484931238987
1.8918927675675676	0.593470793581743	0.1300961258034908	-0.2161015758818835
1.8988997733733735	0.59696694592482	0.13133272910079566	-0.21796350665857633
1.9059067791791793	0.6004498072260014	0.13257052706323713	-0.21981507174948275
1.9129137849849849	0.6039577212276986	0.13381847846609055	-0.22168176151795121
1.9199207907907907	0.6074509303807961	0.13506715163486344	-0.22353686076061674
1.9269277965965965	0.6109620934477602	0.1363233151837144	-0.22540358068327465
1.9339348024024023	0.6144609214834282	0.1375816329150708	-0.22725938556663353
1.9409418082082082	0.6179848712578515	0.1388494980476767	-0.229131300662265
1.947948814014014	0.6215067238427271	0.14012088268378145	-0.2310011799601789
1.9549558198198198	0.6250071311609368	0.1413917509074021	-0.2328539434591542
1.9619628256256256	0.6285452303925986	0.1426753550487942	-0.23473075790116982
1.9689698314314314	0.6320788512960126	0.14396188496818985	-0.23660422649716054
1.9759768372372373	0.6356125479453782	0.14525328349043531	-0.2384769274610556
1.982983843043043	0.6391105106836388	0.14654016039499299	-0.2403201100835777
1.989990848848849	0.6426682163542904	0.147843360299795	-0.24220340673957919
1.9969978546546547	0.6462253709557154	0.1491514600286041	-0.2440853229334549
2.0040048604604603	0.6498000232199148	0.15046902969342948	-0.24598099408794394
2.011011866266266	0.6533385821706987	0.15178413046309655	-0.24785088298282162
2.018018872072072	0.6568825864595319	0.1531049657337998	-0.24972351098450088
2.025025877877878	0.6604278582698884	0.15443001240181922	-0.25159561938997665
2.0320328836836836	0.6639846090872482	0.15576262889421466	-0.2534736989275727
2.0390398894894894	0.6675390884058281	0.1570984838885156	-0.25534897850978844
2.0460468952952953	0.6710998363157319	0.15844029786883154	-0.25722709182280196
2.053053901101101	0.6746626716868034	0.15978682651211076	-0.25910539539443733
2.060060906906907	0.6782290306304682	0.1611385026210685	-0.26098499382031076
2.0670679127127127	0.6818008621829162	0.16249652752001098	-0.2628658996101249
2.0740749185185186	0.6853733807718169	0.1638586212073726	-0.2647467935253833
2.0810819243243244	0.6889503164457844	0.16522647345682243	-0.26662923204277905
2.08808893013013	0.692527831744256	0.16659875760421317	-0.2685106486131935
2.095095935935936	0.6961144093421133	0.16797838147124883	-0.2703964820083177
2.102102941741742	0.6996991493430846	0.16936176627147254	-0.27227981695549225
2.1091099475475477	0.703293168055302	0.17075272274621095	-0.2741675012041958
2.1161169533533535	0.7068849685269621	0.17214700553599396	-0.2760528940646599
2.1231239591591593	0.7104804928578673	0.1735469310121961	-0.27793947673269714
2.130130964964965	0.7140797712169099	0.17495254138261482	-0.2798269392417937
2.137137970770771	0.7176869792034799	0.1763656091659687	-0.28171721222523216
2.1441449765765768	0.7212919878111357	0.17778196241047928	-0.28360564931565113
2.1511519823823826	0.7249042180924806	0.17920550662274218	-0.2854968348435015
2.1581589881881884	0.728517160205055	0.18063359500730158	-0.2873876389203066
2.165165993993994	0.7321316159241248	0.18206676583767828	-0.28927797745065614
2.1721729997997996	0.7357530290700223	0.1835071308500083	-0.291170837444528
2.1791800056056054	0.7393774424638062	0.1849531852755487	-0.2930643002888844
2.1861870114114113	0.7430064805885013	0.18640557744898578	-0.2949593523316508
2.193194017217217	0.746637279200441	0.18786306402813058	-0.2968548324365297
2.200201023023023	0.7502715840285846	0.18932670763957857	-0.298750585596251
2.2072080288288287	0.7539122391783105	0.19079754574243304	-0.3006488332588807
2.2142150346346345	0.7575545495784739	0.19227366170016683	-0.3025473520530585
2.2212220404404404	0.7611993033108939	0.19375567413554318	-0.30444545817397906
2.228229046246246	0.764852203695021	0.19524558131530761	-0.3063479224169443
2.235236052052052	0.7685036366351956	0.1967399787799559	-0.3082477554408293
2.242243057857858	0.7721594516743598	0.1982407904858582	-0.3101500365121515
2.2492500636636636	0.7758193720371256	0.19974835643739056	-0.3120532180000936
2.2562570694694695	0.779483475394436	0.20126272403833154	-0.3139573448775439
2.2632640752752753	0.7831515912321746	0.2027837060010601	-0.31586347822963884
2.270271081081081	0.7868224266002714	0.2043109541621168	-0.3177701604807235
2.277278086886887	0.7905000022762392	0.20584624343011032	-0.319679630730052
2.2842850926926928	0.7941803691549054	0.20738807057280784	-0.3215891503970237
2.2912920984984986	0.7978635500332488	0.20893642950563887	-0.3234994421161095
2.2982991043043044	0.8015499146626683	0.21049142876153007	-0.32541148772765854
2.30530611011011	0.8052443881595659	0.21205538457421125	-0.32732696131131167
2.312313115915916	0.8089410206257122	0.2136258670458677	-0.3292429792974299
2.319320121721722	0.8126404054717403	0.2152031244744284	-0.331160374810072
2.3263271275275277	0.8163447808593899	0.2167882344327697	-0.33308030692645885
2.3333341333333335	0.820053534938106	0.2183812184338216	-0.33500097547729357
2.3403411391391393	0.8237681113209672	0.21998259910983325	-0.3369243710178872
2.347348144944945	0.8274851929682673	0.22159115724453637	-0.33884861473820427
2.354355150750751	0.8312098410610237	0.22320920540179232	-0.3407762894238888
2.3613621565565563	0.834938662059331	0.2248350597971025	-0.34270754301070305
2.368369162362362	0.8386749449844245	0.22647086790462742	-0.3446409322360994
2.375376168168168	0.8424142700977325	0.22811457251793985	-0.3465755612108536
2.382383173973974	0.8461582250302528	0.22976655884681654	-0.3485140633121199
2.3893901797797796	0.8499055168277163	0.2314272736458859	-0.3504525240339109
2.3963971855855855	0.8536656996932078	0.2331001231209268	-0.35239949796340714
2.4034041913913913	0.857426370653886	0.23478075482203278	-0.35434488311432794
2.410411197197197	0.8611964734440929	0.23647217783255264	-0.3562973227529925
2.417418203003003	0.8649721748676749	0.23817408528507328	-0.3582530779498653
2.4244252088088087	0.8687501480048299	0.23988418140338896	-0.3602077561135287
2.4314322146146146	0.8725429465112047	0.24160869197603616	-0.3621728993649716
2.4384392204204204	0.8763411839438291	0.24334412647898898	-0.3641383084328343
2.445446226226226	0.8801450715190928	0.245089048216009	-0.3661106631399491
2.452453232032032	0.8839633451539216	0.24684933363207273	-0.3680907603294127
2.459460237837838	0.887787009595693	0.24861985098464107	-0.3700707182953951
2.4664672436436437	0.8916215798308811	0.250403538133974	-0.37206094691865077
2.4734742494494495	0.8954702636325726	0.2522025412406291	-0.37405383345343624
2.4804812552552553	0.8993288374926863	0.2540132918932032	-0.37605861515717953
2.487488261061061	0.9031965105856148	0.25583916364956527	-0.37806911947515925
2.494495266866867	0.9070780845772657	0.25768262365114725	-0.3800881896306972
2.5015022726726728	0.9109698626336518	0.25952842442510593	-0.3821163252536949
2.5085092784784786	0.9149019560365056	0.2614149988808226	-0.384158788685778
2.5155162842842844	0.9188112502622925	0.2633056192173313	-0.3861955065114417
2.5225232900900902	0.922741823648319	0.26521638204921827	-0.3882458003604796
2.529530295895896	0.9266810135262012	0.2671416431549796	-0.3903025475838388
2.536537301701702	0.9306424896704683	0.2690888006712227	-0.39237318633852303
2.5435443075075077	0.934618523168169	0.2710548087057117	-0.394454169692436
2.5505513133133135	0.9386141436772616	0.27304271089441906	-0.396548157875196
2.557558319119119	0.9426290813167956	0.27505291617774336	-0.3986550166274274
2.5645653249249247	0.946660345332559	0.2770844097085885	-0.4007732886840699
2.5715723307307305	0.9507158477859093	0.2791418915065579	-0.40290784070170693
2.5785793365365364	0.9547898169181259	0.28122286995593687	-0.4050555268242465
2.585586342342342	0.9588868316792153	0.28333023083790926	-0.40721891628708484
2.592593348148148	0.9630016360682849	0.28546177657092964	-0.4093954268479309
2.599600353953954	0.9671459801551602	0.2876241858243733	-0.4115915138172182
2.6066073597597597	0.9713168913772388	0.2898162696414174	-0.4138055706891503
2.6136143655655655	0.9755067744408498	0.29203492406753734	-0.4160342443383771
2.6206213713713713	0.9797276775701433	0.2942869816401326	-0.4182838313386644
2.627628377177177	0.9839763939165536	0.2965715183290526	-0.42055329218316523
2.634635382982983	0.9882515379015958	0.29888795764241466	-0.4228410442851119
2.6416423887887888	0.9925632046947798	0.3012427391542178	-0.42515325742001897
2.6486493945945946	0.9968983842932057	0.30362935196588525	-0.4274830507052412
2.6556564004004004	1.0012644909261728	0.306052490058341	-0.42983472381551435
2.6626634062062062	1.0056660939183242	0.3085149617786809	-0.43221029864129135
2.669670412012012	1.0100985639907119	0.31101442306164967	-0.4346068681556425
2.676677417817818	1.014568627804655	0.31355579581560133	-0.43702921769408165
2.6836844236236237	1.0190724499895296	0.31613667819159613	-0.43947408553705647
2.6906914294294295	1.0236090804284206	0.31875689568703286	-0.44194128246406206
2.6976984352352353	1.028182316976473	0.3214186413362744	-0.44443207596740675
2.704705441041041	1.032801273160307	0.324127021278515	-0.4469511526974695
2.711712446846847	1.0374550352579868	0.3268758555193608	-0.44949275951141265
2.718719452652653	1.042157850105827	0.3296728309616734	-0.45206319570346876
2.7257264584584586	1.0469026580084915	0.3325126412327238	-0.4546577531571679
2.7327334642642644	1.0517074998538771	0.3354056353846412	-0.4572863661028573
2.7397404700700703	1.0565672427194313	0.3383465872068288	-0.4599443182734248
2.746747475875876	1.061496185921564	0.3413427420974143	-0.4626386524970718
2.7537544816816815	1.0664991187459179	0.3443937711066253	-0.46536997193038604
2.7607614874874873	1.071598677848713	0.34751074224023765	-0.4681494964619149
2.767768493293293	1.0767985476488695	0.35069180279022666	-0.4709778561318482
2.774775499099099	1.082118729532119	0.3539446787031616	-0.47386387929675333
2.7817825049049048	1.0875945424645037	0.3572851669000305	-0.4768245892598251
2.7887895107107106	1.093229134248972	0.36070965949806855	-0.4798608483389277
2.7957965165165164	1.0990728756032544	0.3642399226176052	-0.48299596528161326
2.802803522322322	1.1051500669261465	0.36788333563109893	-0.4862423175975271
2.809810528128128	1.1115018062121127	0.3716545337477263	-0.4896181118489673
2.816817533933934	1.1181784140521358	0.3755744910780821	-0.4931496095517657
2.8238245397397397	1.1252275335822348	0.3796589355969931	-0.49685766037440876
2.8308315455455455	1.1327015337120911	0.38392767182166093	-0.5007697225147284
2.8378385513513513	1.1406629603768694	0.3884031228140839	-0.50491484177071
2.844845557157157	1.1491807244387147	0.3931117781275151	-0.5093282120199224
2.851852562962963	1.1583093671229718	0.39807181207775383	-0.5140379544926141
2.858859568768769	1.1681417199998316	0.40331952543712934	-0.5190895401330528
2.8658665745745746	1.178739071231129	0.40887510931123866	-0.5245151213062185
2.8728735803803804	1.1901620584553658	0.414759240831338	-0.5303482765788502
2.8798805861861863	1.2025051942487495	0.4210078005907719	-0.5366383911123213
2.886887591991992	1.2158008529995494	0.42762645424596807	-0.5434056582331178
2.893894597797798	1.2300722218141866	0.4346171830599769	-0.5506705752444296
2.9009016036036037	1.2453707166485963	0.44199591148797646	-0.5584661873291383
2.9079086094094095	1.2616745981132458	0.4497448478184717	-0.5667957283372025
2.9149156152152154	1.278917783448145	0.4578258658547894	-0.5756380267617616
2.921922621021021	1.296962975074714	0.46616918986615863	-0.5849484451630241
2.928929626826827	1.3156747546655074	0.47470654771304466	-0.5946808996851426
2.935936632632633	1.3347718901674013	0.4833040879112272	-0.6047239254623744
2.9429436384384386	1.353969650236546	0.4918282255021302	-0.6149669562807693
2.949950644244244	1.372904843358708	0.500110171998031	-0.625264699008387
2.95695765005005	1.3910455913174211	0.5079080702671189	-0.6353944112346283
2.9639646558558557	1.4079690612108808	0.5150322387010824	-0.6451723882792626
2.9709716616616615	1.423149117518994	0.5212490724498122	-0.6543733843936387
2.9779786674674673	1.4361118883141308	0.5263534204332115	-0.662786728849405
2.984985673273273	1.446423476437972	0.5301612789148611	-0.6702151544589116
2.991992679079079	1.4536726872752108	0.5325048279682618	-0.6764642465732594
2.9989996848848848	1.4576621533981853	0.5333194058064099	-0.6814217350251615
3.0060066906906906	1.4583349072590661	0.532607012275673	-0.6850262056736455
3.0130136964964964	1.4557253699641155	0.5304061104496728	-0.6872737225459172
3.0200207023023022	1.4500386013382274	0.5268412585153673	-0.6882085048325915
3.027027708108108	1.4416011997629972	0.5220882511058548	-0.6879358208701105
3.034034713913914	1.4308186588001073	0.5163558492129775	-0.6865958315060122
3.0410417197197197	1.4181541849287438	0.5098755133545765	-0.684355705894512
3.0480487255255255	1.4041191457786717	0.5028971391957845	-0.6813991777875485
3.0550557313313313	1.389153715259628	0.4956296528408989	-0.6778966064348882
3.062062737137137	1.3737220889926558	0.488290984390988	-0.674019163320598
3.069069742942943	1.358211774377229	0.481057368120634	-0.6699194045753485
3.076076748748749	1.3429095444139574	0.47405498164513277	-0.6657159079090693
3.0830837545545546	1.3280914048217964	0.4674039358528129	-0.6615206194482628
3.0900907603603605	1.3139492569203057	0.4611821289040114	-0.6574141925402879
3.0970977661661663	1.3005858702470858	0.45542765647672645	-0.6534486346806561
3.104104771971972	1.2881126200227002	0.4501787796750262	-0.6496776079687016
3.111111777777778	1.2765578924374572	0.4454392748801544	-0.6461279779875858
3.1181187835835837	1.2659626902857348	0.44121673039269604	-0.6428265771718787
3.1251257893893896	1.256308588620389	0.43749363492309246	-0.6397794243511338
3.1321327951951954	1.247563748537356	0.4342470523502017	-0.6369858784157661
3.139139801001001	1.239696186138847	0.4314539795026296	-0.6344453720725911
3.146146806806807	1.2326541750838718	0.42908572060463485	-0.6321496958495236
3.1531538126126124	1.2264040345308718	0.4271159342651992	-0.6300951282359014
3.1601608184184182	1.2208798082732928	0.4255131973463535	-0.6282662845854958
3.167167824224224	1.2160271028827445	0.4242429086910356	-0.6266498719342292
3.17417483003003	1.211790693277126	0.4232746239418481	-0.6252311713360501
3.1811818358358357	1.208098745417434	0.4225714448599532	-0.6239882790728275
3.1881888416416415	1.204895996491516	0.42210279783493126	-0.6229044559954207
3.1951958474474473	1.202140145843794	0.42184422594386645	-0.6219668242461646
3.202202853253253	1.199766363174813	0.42176232738280245	-0.6211531141070936
3.209209859059059	1.1977369291192934	0.42183522039368104	-0.6204498350672694
3.216216864864865	1.196011050186837	0.42204309610983753	-0.6198426569653539
3.2232238706706706	1.194539388763551	0.42235740947371925	-0.6193134100029147
3.2302308764764764	1.1932966542139538	0.4227668032148354	-0.6188524978769094
3.2372378822822823	1.1922492819454942	0.4232527799023888	-0.6184481282246627
3.244244888088088	1.1913659740536342	0.4238015381217384	-0.6180843013241979
3.251251893893894	1.1906274881079049	0.4244024308431308	-0.6177542383301621
3.2582588996996997	1.1900178378049877	0.425046618491182	-0.6174551743489305
3.2652659055055056	1.1895090071250087	0.4257205052508029	-0.6171755102925575
3.2722729113113114	1.1891015914940004	0.42642319401535705	-0.6169171988727423
3.279279917117117	1.188789371668358	0.4271553925441085	-0.6166786201686933
3.286286922922923	1.188569511264776	0.427911813165922	-0.6164630944592285
3.293293928728729	1.188430247741249	0.4286900025243637	-0.6162655323723126
3.3003009345345347	1.1883751046115967	0.4294928846407376	-0.6160893402757114
3.3073079403403405	1.1883906767788788	0.4303114785263949	-0.6159325479702025
3.3143149461461463	1.188475071448152	0.43114934432709057	-0.6157947532252025
3.321321951951952	1.1886387785527681	0.432008733725485	-0.6156850677493351
3.328328957757758	1.1888752672147185	0.4328892005127162	-0.615600515129642
3.3353359635635638	1.1891763209278665	0.43378743081635257	-0.6155396208652377
3.3423429693693696	1.1895478649833493	0.43471014103338207	-0.6155038359969176
3.349349975175175	1.1899860372072497	0.43565606845318533	-0.6154929956888568
3.356356980980981	1.1904837163537347	0.4366217290506146	-0.615505024729305
3.3633639867867866	1.1910428186769693	0.43760903297022696	-0.6155441583991031
3.3703709925925924	1.1916626936182455	0.4386174169166892	-0.6156113755552047
3.3773779983983983	1.1923263807392683	0.4396387757909629	-0.615700116260177
3.384385004204204	1.1930430172082707	0.44067881397657926	-0.6158159351993951
3.39139201001001	1.1937936823378739	0.44172785193701736	-0.615951314819611
3.3983990158158157	1.1945687991541027	0.4427810954336574	-0.6161020921652819
3.4054060216216215	1.1953827525931027	0.44384769838859023	-0.6162733989033211
3.4124130274274274	1.19622323176934	0.44492197601274314	-0.6164580197633037
3.419420033233233	1.1970831264504418	0.4460006244181351	-0.6166531945487986
3.426427039039039	1.197969715189434	0.4470851872239223	-0.6168628351266018
3.433434044844845	1.198871334707852	0.44817444197503586	-0.6170780597584825
3.4404410506506506	1.1997823426024976	0.4492646942426225	-0.6172962162393233
3.4474480564564565	1.200698479759037	0.45035266041105976	-0.617516222031803
3.4544550622622623	1.2016045121532881	0.45143148964328317	-0.6177324148704165
3.461462068068068	1.2025287835109033	0.45251386959698514	-0.6179577636365324
3.468469073873874	1.203452396240102	0.45359031813811995	-0.6181829123738237
3.4754760796796798	1.2043730188074078	0.4546603669980321	-0.6184063483681081
3.4824830854854856	1.2052935560133042	0.45572460107692886	-0.6186274991927536
3.4894900912912914	1.2062181805118892	0.45678768703048056	-0.6188455152427987
3.496497097097097	1.2071419810671666	0.45784512296371555	-0.6190582714078585
3.503504102902903	1.2080466065816935	0.45888864840422494	-0.6192573405173956
3.510511108708709	1.208968091375842	0.4599359883636944	-0.6194571766960366
3.5175181145145147	1.2098878049970834	0.46097917542813005	-0.6196483359830085
3.5245251203203205	1.2108075224999708	0.4620175125122414	-0.6198330420279767
3.5315321261261263	1.2117283595893258	0.46305184529641474	-0.6200117714425211
3.538539131931932	1.212647994803014	0.46408131252738016	-0.620182825292149
3.5455461377377375	1.213570175256909	0.4651068325456417	-0.6203480621346531
3.5525531435435433	1.2144964924215635	0.46613067805381503	-0.6205067242161636
3.559560149349349	1.215425955355645	0.46715081887321397	-0.62065815871893
3.566567155155155	1.216367201859768	0.468173282371387	-0.6208047094135505
3.573574160960961	1.2173153101587513	0.4691948251283415	-0.6209441850916593
3.5805811667667666	1.2182731552742734	0.4702177446856993	-0.6210768988203023
3.5875881725725725	1.2192440317325013	0.4712434521364128	-0.6212049837252376
3.5945951783783783	1.2202234634674434	0.4722690256847042	-0.621327249572706
3.601602184184184	1.2212201358927766	0.4732976951947525	-0.6214483161705894
3.60860918998999	1.2222342864837643	0.4743318941467881	-0.6215668004263868
3.6156161957957957	1.2232625866164357	0.4753681552191285	-0.6216823912001911
3.6226232016016016	1.224308465095927	0.4764094829679979	-0.6217949952236796
3.6296302074074074	1.2253724624697002	0.47745621467768773	-0.6219047925576777
3.636637213213213	1.2264571831303797	0.47851011385208925	-0.6220120084996487
3.643644219019019	1.2275625561880805	0.47957065367313706	-0.6221173706888652
3.650651224824825	1.2286908652086916	0.48063944771585987	-0.6222211195747067
3.6576582306306307	1.2298402702516351	0.4817142988689412	-0.6223234186131892
3.6646652364364365	1.2310180759485725	0.4828005290213868	-0.6224262443659927
3.6716722422422423	1.232223584287566	0.48389563351569786	-0.6225315190488718
3.678679248048048	1.2334624076875258	0.4850030925581766	-0.6226416905868863
3.685686253853854	1.2347355239718687	0.4861226121259771	-0.6227577058704558
3.6926932596596598	1.236044339888327	0.48725408028063916	-0.6228804516227548
3.6997002654654656	1.2373999453086866	0.48840438719096024	-0.6230130038420617
3.7067072712712714	1.2387985438070082	0.4895696679719522	-0.6231555922126086
3.7137142770770772	1.2402534654203492	0.49075785207946854	-0.6233118487140129
3.720721282882883	1.2417673091680803	0.4919687777397075	-0.6234842265313031
3.727728288688689	1.243349699814209	0.49320747065919496	-0.6236763578706495
3.7347352944944947	1.2450140504564788	0.4944796105253911	-0.6238947516908638
3.7417423003003	1.2467581145014597	0.4957823732253882	-0.6241399016352372
3.748749306106106	1.2486069212872597	0.49712896781960303	-0.6244210908735406
3.7557563119119117	1.2505648260266455	0.498518093556118	-0.6247439918416308
3.7627633177177175	1.2526542018483258	0.49996116688948616	-0.625116536172219
3.7697703235235234	1.2548922446689479	0.501463850673799	-0.6255484529603177
3.776777329329329	1.257297493883974	0.5030341122372749	-0.6260478825599014
3.783784335135135	1.2598986288838574	0.5046836748419952	-0.626628055133136
3.790791340940941	1.2627273791040197	0.50642712430397	-0.6273018675582517
3.7977983467467467	1.2658088358781046	0.5082730606931347	-0.6280829813258075
3.8048053525525525	1.269187697699181	0.5102410722489673	-0.6289904412941526
3.8118123583583583	1.2729016992629523	0.5123459538018355	-0.6300425604875938
3.818819364164164	1.2770056448873968	0.5146112009864885	-0.6312638554614046
3.82582636996997	1.2815361742020812	0.5170492497468265	-0.6326745561002182
3.8328333757757758	1.2865742778069758	0.5196957513631577	-0.6343090113499709
3.8398403815815816	1.292164944543618	0.5225660673096346	-0.6361920570516042
3.8468473873873874	1.2983961330232456	0.5256970448780444	-0.6383632672983734
3.8538543931931932	1.3053262860880215	0.5291095954743883	-0.6408530134142699
3.860861398998999	1.3130450385052488	0.5328401124723041	-0.6437017483288207
3.867868404804805	1.321620855426583	0.5369127497332149	-0.6469450808983416
3.8748754106106107	1.3311493132830683	0.5413644576668424	-0.6506280113979609
3.8818824164164165	1.3416801986364255	0.5462100529458379	-0.6547777678815955
3.8888894222222223	1.3532886952819436	0.5514753809809728	-0.6594313572574915
3.895896428028028	1.3660091029055397	0.5571656220267436	-0.6646123101615221
3.902903433833834	1.379855162133291	0.5632774850453507	-0.6703318580822306
3.90991043963964	1.3948467847526045	0.5698075241131135	-0.6766075067198883
3.9169174454454456	1.4108364824989437	0.5766772056548938	-0.6833862436290844
3.9239244512512514	1.4278034748493809	0.5838636303780227	-0.6906654125024999
3.9309314570570573	1.445491884007563	0.5912395161600328	-0.6983454136340215
3.9379384628628626	1.4636887429461276	0.5986943517086263	-0.706345581716857
3.9449454686686685	1.4820316894780123	0.6060559921266347	-0.7145147671191543
3.9519524744744743	1.5001402133061443	0.6131421753414381	-0.7226982296527866
3.95895948028028	1.517544152645901	0.6197369717514046	-0.7306979762902662
3.965966486086086	1.5337196165147946	0.6255993538608806	-0.738296689188518
3.9729734918918918	1.548148915336811	0.6305081300073655	-0.7452627456601753
3.9799804976976976	1.5603511619965929	0.6342494402581997	-0.7513966040536308
3.9869875035035034	1.569878239127342	0.6366486458213841	-0.7564840121850961
3.993994509309309	1.5763435625587403	0.6375511272310008	-0.7603616229244906
4.0010015151151155	1.5795412135052114	0.6368935961125465	-0.7629240916788814
4.008008520920921	1.5794251343363974	0.634696659300901	-0.7641198845416116
4.015015526726727	1.57604229254225	0.6310179910904089	-0.7639498915797354
4.0220225325325325	1.5696198423747982	0.6259967026060622	-0.7624870882819555
4.029029538338339	1.5604942467089316	0.6198198020973426	-0.7598499685583338
4.036036544144144	1.549075188583349	0.6126998732378982	-0.756189729552913
4.0430435499499495	1.535875483082807	0.6048976261982888	-0.7516991594822973
4.050050555755756	1.5213491434059605	0.5966296907167546	-0.7465552496811197
4.057057561561561	1.5060116906306613	0.5881423170080654	-0.7409588179256018
4.064064567367367	1.4902474983732772	0.5796066723216012	-0.7350634994609392
4.071071573173173	1.4744487859292053	0.5711984010315102	-0.7290264085434619
4.078078578978979	1.4589291439022334	0.56305084225765	-0.722976220779265
4.0850855847847845	1.4439405446894984	0.5552663318655895	-0.7170186423760049
4.092092590590591	1.4296059816122417	0.5478827969242306	-0.7112092429555174
4.099099596396396	1.4160918383900571	0.5409629473938514	-0.7056221176846458
4.106106602202202	1.4034181571120372	0.5344971444800388	-0.7002729424656484
4.113113608008008	1.3916334490868776	0.5284933694797432	-0.695189657080596
4.120120613813814	1.3807140458256355	0.5229255114770753	-0.6903700579377194
4.127127619619619	1.3706169902402403	0.5177600993432039	-0.6858040430377539
4.134134625425426	1.3613024452513929	0.5129679072747596	-0.6814827744711909
4.141141631231231	1.352713120097151	0.5085132417749265	-0.6773904314756929
4.148148637037037	1.3447522894627366	0.5043416877222089	-0.6734921790295432
4.155155642842843	1.3373712648835905	0.5004251707236335	-0.6697743780640071
4.162162648648649	1.3304900899139545	0.49672094925426724	-0.6662079148637798
4.169169654454454	1.324056538441313	0.4932019627135309	-0.6627768069175343
4.176176660260261	1.3179871301244053	0.4898249979086546	-0.6594470160998076
4.183183666066066	1.3122457299096704	0.4865733323086498	-0.6562103142904238
4.190190671871872	1.3067655047697535	0.48341311854098223	-0.6530383944882142
4.197197677677678	1.3015130994959772	0.4803285502651012	-0.6499200439806575
4.204204683483484	1.2964645838370066	0.47730964247304253	-0.6468481841171041
4.211211689289289	1.2915779623147643	0.4743365916150821	-0.643805731396466
4.2182186950950955	1.2868343139510623	0.47140240415286916	-0.6407875781634147
4.225225700900901	1.2822045205098263	0.4684931931986717	-0.6377803650300794
4.232232706706707	1.2776877958888582	0.4656123410843749	-0.6347878260844753
4.2392397125125125	1.273262161585209	0.46274880384312367	-0.6317979106289934
4.246246718318318	1.268919370105068	0.4599005973013889	-0.6288104060808085
4.253253724124124	1.2646589899829586	0.4570686474546583	-0.6258240552242196
4.2602607299299295	1.2604841258468842	0.4542567786558803	-0.6228424233336938
4.267267735735736	1.2563923671079316	0.45146498778745847	-0.6198648823081148
4.274274741541541	1.252384354278694	0.4486942768508835	-0.6168922220137769
4.2812817473473475	1.2484699620878368	0.4459514942143213	-0.6139309123146173
4.288288753153153	1.2446451558351066	0.44323360060854444	-0.6109777280064735
4.295295758958959	1.2409140948635282	0.44054437039678834	-0.608036723274733
4.3023027647647645	1.2372858134731033	0.43788888499764606	-0.6051115300845351
4.309309770570571	1.2337553641419523	0.43526456360740506	-0.6022001534138488
4.316316776376376	1.2303346936892274	0.43268014648336234	-0.5993127221369347
4.323323782182182	1.2270181067202504	0.4301309010210777	-0.5964429187198727
4.330330787987988	1.2238097703345037	0.42762095298377845	-0.5935966053500848
4.337337793793794	1.2207063937831093	0.42514803213837593	-0.5907713846154856
4.344344799599599	1.2177114674745861	0.42271551917130823	-0.5879713451922924
4.351351805405406	1.21482255102185	0.4203227168504607	-0.5851959849405001
4.358358811211211	1.212033774584769	0.4179660326222854	-0.5824416643296842
4.365365817017017	1.2093490267915077	0.41565031719855583	-0.5797148429893858
4.372372822822823	1.2067624539093573	0.41337138020266456	-0.5770108105400453
4.379379828628629	1.2042653318811665	0.4111255884578715	-0.5743290611444768
4.386386834434434	1.2018590111147833	0.40891592411694444	-0.5716727127371024
4.393393840240241	1.199532190015006	0.40673534761526176	-0.5690340245249688
4.400400846046046	1.1972878829290843	0.4045868968743733	-0.5664175305117257
4.407407851851852	1.1951123868403495	0.4024660918749284	-0.5638207103327578
4.414414857657658	1.1930065759002813	0.40037270528548335	-0.5612422538938816
4.421421863463464	1.1909562467005896	0.3982991877656361	-0.5586747963734421
4.428428869269269	1.1889629279280152	0.3962494987041221	-0.5561263776402264
4.435435875075075	1.1870266314897961	0.3942244970634253	-0.5535948876822923
4.442442880880881	1.185132172233812	0.3922149352356313	-0.5510714086012178
4.449449886686686	1.1832760001812326	0.3902216904399485	-0.5485582972294576
4.4564568924924925	1.181448874103038	0.3882410169078675	-0.5460544583676573
4.463463898298298	1.1796567524743042	0.3862756527500225	-0.5435581163319273
4.470470904104104	1.1778895936124893	0.3843232066381951	-0.5410676080690042
4.47747790990991	1.1761415283152148	0.3823800560719441	-0.5385792260745362
4.484484915715716	1.174408964104214	0.38044577974575017	-0.536093442132957
4.491491921521521	1.1726878948681687	0.3785188956271737	-0.5336086567373035
4.4984989273273275	1.1709757234767986	0.37659855081752214	-0.5311237174637277
4.505505933133133	1.1692679743083492	0.3746817756970159	-0.5286385153866823
4.512512938938939	1.1675696316267414	0.372772706521887	-0.5261517963524471
4.5195199447447445	1.1658717574770172	0.3708678930287112	-0.5236614849700577
4.526526950550551	1.164171216019856	0.3689650792483943	-0.5211650272895135
4.533533956356356	1.1624649843534567	0.36706393648873853	-0.5186626811416385
4.540540962162162	1.1607547662021018	0.3651661460882909	-0.5161559892663726
4.547547967967968	1.1590396118080948	0.3632703672289417	-0.5136420740113073
4.554554973773774	1.1573185345801336	0.3613762297986658	-0.5111204287644182
4.561561979579579	1.1555920152413115	0.3594853867075087	-0.5085938250233986
4.568568985385386	1.153856638138701	0.3575947532110674	-0.5060585129171296
4.575575991191191	1.1521139150264867	0.35570464938867385	-0.5035132403299895
4.582582996996997	1.1503687287702014	0.353819254341864	-0.5009636560234068
4.589590002802803	1.148616075289519	0.3519339168162496	-0.49840350917684556
4.596597008608609	1.1468611010897458	0.3500531877781989	-0.4958383800976852
4.603604014414414	1.145102409793699	0.348174802007187	-0.4932637807328088
4.610611020220221	1.143342366896345	0.3462998577950808	-0.49068023174228315
4.617618026026026	1.1415837579762174	0.3444307464497798	-0.4880912101446548
4.624625031831832	1.1398253871433006	0.3425659371885616	-0.48549428825684576
4.631632037637638	1.1380696625415285	0.3407057181695661	-0.48288906933698683
4.638639043443443	1.1363228888980292	0.33885443434716195	-0.48028074705042917
4.645646049249249	1.1345814816089737	0.3370084575556278	-0.4776645041119575
4.652653055055055	1.1328462944332935	0.3351674232846059	-0.4750394551125619
4.659660060860861	1.1311244408974308	0.33333645192346434	-0.4724117826451816
4.666667066666666	1.1294135377711507	0.3315116421687417	-0.4697750442896087
4.673674072472473	1.127719931216103	0.32969900414675113	-0.46713740408937715
4.680681078278278	1.1260403228237612	0.3278936719885815	-0.46449119268378464
4.687688084084084	1.12438020179589	0.3260991493703014	-0.46184144503175195
4.69469508988989	1.122738820729581	0.3243130517875044	-0.45918382320763773
4.701702095695696	1.121123955151554	0.3225407060517298	-0.45652559230768247
4.708709101501501	1.1195345069430966	0.3207811842732498	-0.45386548371090113
4.7157161073073075	1.1179681502466376	0.319030967652212	-0.4511979667187168
4.722723113113113	1.1164313007723556	0.31729511375311054	-0.448529950098488
4.729730118918919	1.1149237705345547	0.31557107552741337	-0.4458577847679098
4.7367371247247245	1.113445881696809	0.3138592686640509	-0.4431820092163103
4.743744130530531	1.1119980338092028	0.312159916675244	-0.4405031606598465
4.750751136336336	1.1105823271585924	0.31047409403354254	-0.4378243895061228
4.757758142142142	1.1091980766019072	0.30880068353717693	-0.43514417191358656
4.764765147947948	1.1078449608780474	0.30713997923039704	-0.43246410036524
4.771772153753754	1.106519531193992	0.30548975279884616	-0.42978194102373957
4.7787791595595595	1.1052230712520563	0.3038515182274517	-0.42710099584092454
4.785786165365366	1.1039517787608681	0.3022219371787427	-0.42441706405443763
4.792793171171171	1.1027055463329856	0.30060386518545384	-0.42173678707754664
4.799800176976977	1.101477889006788	0.29899191176729384	-0.4190540174333835
4.806807182782783	1.1002697762911668	0.2973894957560761	-0.41637488816446366
4.813814188588589	1.099078004723244	0.29579436637742373	-0.4136968610396318
4.820821194394394	1.0978983273978622	0.2942028454015176	-0.4110147723579837
4.8278282002002	1.096731036264497	0.29261982592097885	-0.40833840379641995
4.834835206006006	1.0955716770644075	0.2910396824281006	-0.40566090959224177
4.841842211811811	1.0944217240251235	0.2894641577811255	-0.40298317187331356
4.848849217617618	1.0932819700301086	0.28789531269479884	-0.40031001675197125
4.855856223423423	1.0921485053561877	0.2863278352030812	-0.39763533418743635
4.862863229229229	1.0910234342215528	0.284766537991455	-0.39496449223629176
4.869870235035035	1.0899011779652532	0.28320672799696434	-0.3922932424361225
4.876877240840841	1.0887879486897845	0.28164987730038293	-0.3896199730343362
4.883884246646646	1.087680929717326	0.28009717797808464	-0.3869507759545048
4.890891252452453	1.08658507606734	0.27854953558020307	-0.38428322691507066
4.897898258258258	1.0854949305411303	0.27700560165964616	-0.38161972516020803
4.904905264064064	1.0844174656517698	0.27546498804919345	-0.37895336901155974
4.91191226986987	1.0833486318269454	0.273927812259906	-0.3762905476655098
4.918919275675676	1.0822881681199814	0.2723939298460936	-0.3736276619063139
4.925926281481481	1.081244242935094	0.2708657397522592	-0.37096495096227267
4.9329332872872875	1.0802092244765624	0.2693402241471648	-0.3683052950330686
4.939940293093093	1.079187980663046	0.2678192191841417	-0.36564671949025823
4.946947298898899	1.0781745401771492	0.26630112031239744	-0.3629886113449764
4.9539543047047045	1.0771672261910816	0.26478544153221667	-0.36033049509911214
4.960961310510511	1.0761678002958643	0.2632725391080846	-0.35767305206568634
4.967968316316316	1.0751755491488417	0.261762096382597	-0.3550165693054109
4.9749753221221225	1.074185805357103	0.26025299264343127	-0.35236007242987444
4.981982327927928	1.0731963027889935	0.258744673819583	-0.34970365222654154
4.988989333733734	1.072206514890496	0.25723698867081757	-0.3470472370937012
4.9959963395395395	1.0712148453054218	0.25572952703059043	-0.3443909147083602
5.003003345345346	1.0702462617892234	0.2542291623809323	-0.3417270113227807
5.010010351151151	1.0692509533224082	0.25271932644855594	-0.3390715799121296
5.017017356956957	1.0682438865698236	0.25120985798737994	-0.3364187919959674
5.024024362762763	1.067224973963024	0.2496979841998248	-0.33376304377507027
5.031031368568568	1.0661879601955988	0.24818321337598817	-0.33110612670719536
5.038038374374374	1.0651304540745645	0.24666526268887684	-0.32844807998514225
5.04504538018018	1.064054284613851	0.24514484930667835	-0.3257899377187209
5.052052385985986	1.0629554511674089	0.24362073324836506	-0.32313114022340433
5.059059391791791	1.0618315712574624	0.2420922069759043	-0.3204700835797091
5.066066397597598	1.0606767141894784	0.24055808886741287	-0.31780638655370097
5.073073403403403	1.0594937663275081	0.23902074779663857	-0.3151424659020329
5.080080409209209	1.0582776016914226	0.23747854493728507	-0.31247766217462264
5.087087415015015	1.0570252423246949	0.23592971345004432	-0.3098074805355463
5.094094420820821	1.0557330801569136	0.2343758326230262	-0.3071382139759843
5.101101426626626	1.0544022677880485	0.23281672955879384	-0.30446661367567085
5.108108432432433	1.053027462889697	0.23125233236733864	-0.30179572216154693
5.115115438238238	1.0516049704838732	0.22968020733376676	-0.2991196300128808
5.122122444044044	1.050129480441067	0.22810156223935235	-0.29644196330569356
5.12912944984985	1.0486018408042523	0.22651706362894455	-0.29376283860365315
5.136136455655656	1.047015675703653	0.22492416568028603	-0.29107817520780105
5.143143461461461	1.0453675502298525	0.22332463506790345	-0.2883931580628702
5.1501504672672676	1.0436566365004323	0.22171863038143455	-0.28570584830288925
5.157157473073073	1.041873388953626	0.22010260751986802	-0.28301191557155075
5.164164478878879	1.0400166108513438	0.21847888485230152	-0.28031577444902084
5.171171484684685	1.0380800811316024	0.21684604191708473	-0.27761445271331947
5.178178490490491	1.0360636970404278	0.21520655108481535	-0.27491203042965007
5.185185496296296	1.033956320366571	0.21355662645325896	-0.27220392496900353
5.1921925021021025	1.0317549538265085	0.2118967994925469	-0.26949079844873514
5.199199507907908	1.029453822102002	0.21022701447384848	-0.2667727101879763
5.206206513713714	1.0270501154398715	0.20854852750406988	-0.26405190267055406
5.2132135195195195	1.0245387544310627	0.20686110237426023	-0.26132782917061426
5.220220525325326	1.0219081087167758	0.2051615812420718	-0.25859591024039136
5.227227531131131	1.019155134303232	0.2034527403185822	-0.2558610012000751
5.2342345369369365	1.016266262498535	0.20173056090526445	-0.2531172622491648
5.241241542742743	1.0132421679535955	0.1999993161749638	-0.25037137309454344
5.248248548548548	1.0100681721563576	0.19825599728425297	-0.24762041355114794
5.255255554354354	1.006753486603122	0.1965033646174246	-0.24486288873451664
5.26226256016016	1.0032850210389894	0.19474075965697304	-0.24209999796863396
5.269269565965966	0.9996554815733877	0.1929682752373247	-0.23933191059888936
5.2762765717717715	0.9958510983993344	0.1911826640465452	-0.23655223318704488
5.283283577577578	0.9918692198369451	0.18938868109572662	-0.2337709471461718
5.290290583383383	0.9877022273459086	0.18758304291396669	-0.2309798686687739
5.297297589189189	0.9833588487282574	0.18577133780159882	-0.2281850561957908
5.304304594994995	0.9788175876662251	0.18394952051784386	-0.22538198311847132
5.311311600800801	0.9740483804895824	0.1821145173367769	-0.22256981421678443
5.318318606606606	0.9690892415402741	0.18027478338944775	-0.21975219979589003
5.325325612412413	0.9639160097711682	0.17842834446474923	-0.21692859953302215
5.332332618218218	0.9585125847209246	0.17657444143960002	-0.21409819233087907
5.339339624024024	0.9528613534828004	0.17471018143154807	-0.21125735680023897
5.34634662982983	0.9470036484560346	0.17284566561212297	-0.20841152203660343
5.353353635635636	0.9408848240907135	0.17097507569090553	-0.2055599415615738
5.360360641441441	0.9345502804535996	0.16910399261189796	-0.20269871980721912
5.367367647247248	0.9279912447881553	0.1672359843246051	-0.1998327646837252
5.374374653053053	0.921150471584119	0.1653627275411654	-0.19695646511521692
5.381381658858859	0.9141252141474374	0.16350044376740497	-0.19407460952326985
5.388388664664665	0.9068269527692496	0.1616395602097755	-0.19118603226984757
5.395395670470471	0.8992984067832828	0.15978759720833774	-0.18828932104235543
5.402402676276276	0.8916074575747742	0.15795207971390818	-0.18538558264172914
5.4094096820820825	0.8836391654032788	0.15612328397058783	-0.1824738762791146
5.416416687887888	0.8754560020037419	0.15431033557704604	-0.1795546715717322
5.423423693693693	0.8671450106326002	0.15252229780045928	-0.1766312838557999
5.4304306994994995	0.8585440757344704	0.15074366174985926	-0.1736990820242544
5.437437705305305	0.8497411594831819	0.14898702071171777	-0.1707611432344292
5.444444711111111	0.8407453232403722	0.1472546404902911	-0.16781864337573768
5.4514517169169165	0.83154949769177	0.1455459573552506	-0.1648674033402521
5.458458722722723	0.8223303825269256	0.14387649522091167	-0.16191774184463503
5.465465728528528	0.8127902751136419	0.14222055643165252	-0.15895936245378928
5.4724727343343345	0.8031113077510097	0.14060058948774667	-0.15599995569268557
5.47947974014014	0.7932980838104096	0.13901609142030158	-0.1530332446101656
5.486486745945946	0.7833917898178581	0.13747272405521496	-0.15006614360465298
5.4934937517517515	0.7734028336686471	0.1359707503114238	-0.14709500744227225
5.500500757557558	0.763381773988199	0.13451485382729136	-0.14412389841701745
5.507507763363363	0.7528465283327703	0.13308151596880274	-0.14113939382609883
5.514514769169169	0.7422822046210703	0.13171940544045163	-0.1381381118636594
5.521521774974975	0.7318163672506576	0.13043253608010794	-0.1351309248467568
5.528528780780781	0.7214795934890785	0.12921871941411658	-0.13212404107164563
5.535535786586586	0.7113165533784511	0.12807340588796098	-0.12911660959466084
5.542542792392393	0.7013424674202162	0.12699120703675684	-0.1261117145156421
5.549549798198198	0.6915752500145805	0.12596735304993784	-0.12311481042838439
5.556556804004004	0.6820111735231007	0.12499534043933032	-0.12012301081636795
5.56356380980981	0.6726833295623644	0.12407297487535664	-0.11714821601953997
5.570570815615616	0.6635575806143446	0.12319143538205742	-0.11418377778095552
5.577577821421421	0.6546387024557349	0.1223467396203058	-0.11123468459365424
5.584584827227228	0.6459105232050043	0.12153308165875021	-0.10830270638293693
5.591591833033033	0.6373647389025092	0.12074605136167123	-0.10539254408933212
5.598598838838839	0.6289646961535044	0.11997990535475056	-0.10250132287028407
5.605605844644645	0.6206999239691539	0.11923015157071859	-0.09963504231814806
5.612612850450451	0.6125358446233466	0.11849166173873255	-0.09679045734968188
5.619619856256256	0.6044562321357854	0.11776096200511406	-0.0939730033198251
5.626626862062062	0.5964259322372855	0.1170338819310586	-0.09117846817193369
5.633633867867868	0.5884454397580846	0.11630922658237042	-0.08841118148165825
5.640640873673673	0.5804807404711779	0.11558347024885914	-0.0856681995410531
5.6476478794794795	0.57252295415071	0.11485553541419496	-0.08295095507105352
5.654654885285285	0.5645485691828265	0.11412334025903711	-0.08025624057927641
5.661661891091091	0.5565349023794623	0.11338436420993526	-0.07758406926965233
5.668668896896897	0.5484751505481704	0.11263856035916515	-0.07493761362555221
5.675675902702703	0.5403413963703042	0.11188316584409981	-0.07231235694201732
5.682682908508508	0.5321135948599282	0.11111716660064136	-0.0697078368045024
5.6896899143143145	0.5237757609292325	0.11033968766448868	-0.06712207369277037
5.69669692012012	0.5153141870635043	0.10955018799944806	-0.06455258238313147
5.703703925925926	0.5067189564664398	0.10874837957005472	-0.06199962612763608
5.7107109317317315	0.49796719893264946	0.10793334597097096	-0.059457627005106074
5.717717937537538	0.48905814984812135	0.10710627820660325	-0.05692791849351774
5.724724943343343	0.47998080185075487	0.10626746214829089	-0.054407296520115146
5.731731949149149	0.47070111450819696	0.10541585010276756	-0.05188662103771091
5.738738954954955	0.4612109576732244	0.1045522473824556	-0.04936229968052097
5.745745960760761	0.45152015469043755	0.10367960122843002	-0.04683582494473754
5.752752966566566	0.4415914614015823	0.10279639061449274	-0.04429423568630936
5.759759972372373	0.4314304795547601	0.10190570073860533	-0.04173624318485208
5.766766978178178	0.4210084177466393	0.10100779405539898	-0.039151729507231045
5.773773983983984	0.41029804171444506	0.10010256281272767	-0.03652787794799564
5.78078098978979	0.39930306876498556	0.09919301455506531	-0.03385882736223112
5.787787995595596	0.3880102867610366	0.0982813061354131	-0.03113493314153583
5.794795001401401	0.3763616292789323	0.09736644229991616	-0.028336625000916663
5.801802007207208	0.36434201614041367	0.09645062254751921	-0.025450863498558008
5.808809013013013	0.35192318266064326	0.09553520303521436	-0.02246114403948069
5.815816018818818	0.3390603822198745	0.09462125217420127	-0.01934582392895011
5.822823024624625	0.3257089436343619	0.09371032216640135	-0.01608407396828046
5.82983003043043	0.31183127539773375	0.09280468733309633	-0.012654889151261693
5.836837036236236	0.29735925333233415	0.09190494943814592	-0.009026205274068291
5.843844042042042	0.2822390074442458	0.0910131355364769	-0.005170541911741629
5.850851047847848	0.26640164625251767	0.09013099766150157	-0.0010547800806842665
5.857858053653653	0.2498111098253808	0.08926273523667219	0.0033453130834611754
5.86486505945946	0.23236421633610305	0.08840891335720268	0.008071700637165573
5.871872065265265	0.2140266843520569	0.08757369253989677	0.013150765633401187
5.878879071071071	0.19472452334352672	0.08676005108584947	0.018621343021534197
5.885886076876877	0.17441780653961558	0.08597178336771553	0.024505515398360652
5.892893082682683	0.1530870506035812	0.08521295744370389	0.03082410089998702
5.899900088488488	0.13067529301500597	0.08448589245967059	0.03760324986340246
5.9069070942942945	0.10733013744509626	0.08379866405517306	0.04481172326861206
5.9139141001001	0.08305932278479551	0.08315306996527644	0.052451433005812786
5.920921105905906	0.05799809843526353	0.08255305986671564	0.06047905867498376
5.9279281117117115	0.03239411978553266	0.08200336011917651	0.0688220669098137
5.934935117517518	0.00651188607424557	0.08150559260755996	0.07737981601072415
5.941942123323323	-0.019256229897535476	0.0810615210749397	0.0860168526690231
5.948949129129129	-0.04449080516562884	0.08067030037667243	0.09458225976678525
5.955956134934935	-0.06867634960850003	0.0803286696129184	0.10287671961462488
5.962963140740741	-0.09121265177565219	0.08003241640404105	0.11067956666947126
5.9699701465465465	-0.11152204450809962	0.07977447509513738	0.1177744514164084
5.976977152352353	-0.1290992048491759	0.07954318108397085	0.12394321925248751
5.983984158158158	-0.14335719132107658	0.07933001690235086	0.12896783376785215
5.990991163963964	-0.15396080511350874	0.07912128082178528	0.13269591611956247
5.99799816976977	-0.1606112253077467	0.0789055550297667	0.13499559788353924
6.005005175575576	-0.1633593173601264	0.07866749693744479	0.13583355663625823
6.012012181381381	-0.16207358551655873	0.07840478322398224	0.1351894904432103
6.019019187187187	-0.15712158809067558	0.07810782255940185	0.13315501775942082
6.026026192992993	-0.14891135156778734	0.07777190481727111	0.1298610952868009
6.033033198798798	-0.13797490348382027	0.07739553950950864	0.12548684442339292
6.040040204604605	-0.12491558188255943	0.07697990888621578	0.12024224238592668
6.04704721041041	-0.11035274371711766	0.07652771770887279	0.11434809135771226
6.054054216216216	-0.09491694839666413	0.07604350658318337	0.1080324109585775
6.061061222022022	-0.07914108035615806	0.07553146880833089	0.10149011677873485
6.068068227827828	-0.06351897074103538	0.0749967210551327	0.09490210279906118
6.075075233633633	-0.048480218847220376	0.07444519540755627	0.08843295311408361
6.08208223943944	-0.0342734517419586	0.07387960961506963	0.08218026427398172
6.089089245245245	-0.02117758042343736	0.07330579662163617	0.07625481512551147
6.096096251051051	-0.009312034871027736	0.07272643374305643	0.07070782339817233
6.103103256856857	0.0012532511670595731	0.07214375074074204	0.06557373472670278
6.110110262662663	0.010491881836670627	0.07156054559052326	0.0608752969380941
6.117117268468468	0.01844212158953024	0.07097676455672947	0.056601194606344
6.1241242742742745	0.02514470565178121	0.0703947456597138	0.05274803159258275
6.13113128008008	0.030692486822067922	0.06981413789167565	0.04928876345601039
6.138138285885886	0.0351711646992256	0.06923648656557198	0.046203962369456945
6.1451452916916915	0.03868376883043769	0.06866079474594712	0.043457692904421974
6.152152297497498	0.04132271781298492	0.06808758123705713	0.041021705992496174
6.159159303303303	0.04319211169718057	0.06751681009653154	0.03886548873732482
6.1661663091091095	0.044391416543399655	0.06694875434624507	0.03696000766376424
6.173173314914915	0.04500791243606057	0.06638219446961986	0.035273377881362804
6.180180320720721	0.045120469514456155	0.06581862918906319	0.033784580138832815
6.1871873265265265	0.04480686084964827	0.06525697757715966	0.032466476663485025
6.194194332332333	0.044139701996104695	0.06469706115028702	0.03129731077321339
6.201201338138138	0.043177433614446904	0.06413950663953322	0.030259090710794648
6.208208343943944	0.04197102752624277	0.06358364778031494	0.029333368860236294
6.21521534974975	0.04057004406246412	0.0630300766222174	0.028505322474589746
6.222222355555555	0.03901536903002136	0.062478436227810276	0.027760945090144887
6.229229361361361	0.037348180732367335	0.061929827034717236	0.027089933374544
6.236236367167167	0.035595807648183306	0.061382634458725494	0.02647859405901558
6.243243372972973	0.033789311607113744	0.06083787200442852	0.02592061800929075
6.250250378778778	0.031946776531437	0.060296175310595265	0.02540725218289464
6.257257384584585	0.030096133520196557	0.05975745306431271	0.024933011646465643
6.26426439039039	0.02825244388178645	0.05922192836733713	0.024490434428510545
6.271271396196196	0.026430439937415964	0.05868946515153045	0.024075175323966382
6.278278402002002	0.02464433553807792	0.05816028444336276	0.023683141418652822
6.285285407807808	0.02290482378420562	0.05763444489880651	0.02330987587277507
6.292292413613613	0.021219149634228572	0.05711239672654466	0.022953564804725005
6.29929941941942	0.019595998568156112	0.05659501831054247	0.022610957524014295
6.306306425225225	0.018040966988134104	0.056081372959620054	0.022278801783070394
6.313313431031031	0.016559139328309793	0.05557222897554942	0.021955852745008855
6.320320436836837	0.015151057513674763	0.05506706083120838	0.021640008129383083
6.327327442642643	0.013825363612548932	0.05456732453925717	0.02133145303832022
6.334334448448448	0.01258163677346205	0.054072298674533066	0.02102715284250547
6.3413414542542546	0.01141846601888889	0.05358173992272569	0.02072741468703528
6.34834846006006	0.010341773182573092	0.05309613484860534	0.020429205854917507
6.355355465865866	0.009348896726338558	0.052616366799287044	0.020134125142794182
6.362362471671672	0.008435269643164415	0.052141418977018204	0.019841460402542158
6.369369477477478	0.007605109728237333	0.05167243103033102	0.01954990082619755
6.376376483283283	0.006859058338311872	0.051209074912226524	0.01925738625864747
6.3833834890890895	0.006190155291113972	0.05075103831061486	0.01896599236126282
6.390390494894895	0.005597526385410275	0.05029891972184603	0.01867580140692879
6.397397500700701	0.005084863193903681	0.049852737333545574	0.018384237098076937
6.4044045065065065	0.00463948870728792	0.04941234060500549	0.01809483524984723
6.411411512312312	0.004270116159115725	0.0489783396340264	0.017803886141645697
6.418418518118118	0.003965647255135183	0.04854961764345683	0.017513041364629587
6.4254255239239235	0.0037126273836517345	0.04812721925993226	0.017226439095235243
6.43243252972973	0.003531482230428678	0.04771093262451441	0.01693605987873745
6.439439535535535	0.0034203183697002334	0.047301074721862985	0.016642252511523556
6.446446541341341	0.003334495875666929	0.046897103860541384	0.01635735911438479
6.453453547147147	0.003337339929006932	0.046499619189623656	0.0160614983528069
6.460460552952953	0.003401916802277464	0.046108510569766295	0.01576228576464053
6.4674675587587585	0.0034386072997630293	0.045721682035450156	0.015483440790817912
6.474474564564565	0.0035196817074494386	0.04534027820571337	0.015204456440583715
6.48148157037037	0.003642267010124381	0.04496395181417532	0.014925017778109263
6.488488576176176	0.0038031328585685226	0.044592783407592804	0.014645163033067494
6.495495581981982	0.003999530257542588	0.04422685345596141	0.01436499371951954
6.502502587787788	0.004413958370684397	0.04387208115957847	0.01403725079960576
6.509509593593593	0.004691780914815533	0.04352228053779563	0.013751818331745472
6.5165165993994	0.004996080779885898	0.043178418883242524	0.01346668511812534
6.523523605205205	0.005327252453079259	0.04284000330936377	0.013180796052346134
6.530530611011011	0.005671363011725606	0.04250693591523503	0.012897276354064062
6.537537616816817	0.006043845648390078	0.042180107145854094	0.012612072235830853
6.544544622622623	0.006423232282665725	0.041858540381437666	0.01232949585893878
6.551551628428428	0.006816671004099595	0.04154263887402831	0.012047527471071977
6.558558634234235	0.007221667850480514	0.041232419047850036	0.011766403786449936
6.56556564004004	0.007635678861832218	0.04092823874064834	0.011486399156244664
6.572572645845846	0.008057165149869193	0.04062950699866731	0.011207169665128282
6.579579651651652	0.008484968731530781	0.040336137355405734	0.010928668839816962
6.586586657457458	0.008915953397681826	0.04004799380894405	0.010651198706405813
6.593593663263263	0.009348720181668102	0.03976578131373031	0.010375126496609072
6.6006006690690695	0.009772588190336714	0.03948845031936473	0.01010237316141458
6.607607674874875	0.01020027218820265	0.03921660343937343	0.009829779338782658
6.61461468068068	0.010625007845330424	0.03894971675771874	0.00955841886010959
6.6216216864864865	0.011039026905347752	0.03868802138766211	0.009290263286406647
6.628628692292292	0.011457798239137599	0.03843176933865029	0.009021359628287344
6.635635698098098	0.011854041307031769	0.03817998952268117	0.008757784594588614
6.6426427039039035	0.012256293316970306	0.037933502564447205	0.00849272061926311
6.64964970970971	0.012637123317020715	0.03769152839611507	0.008232502857650379
6.656656715515515	0.013020341393707485	0.03745444023901445	0.007971214541964306
6.6636637213213215	0.013381532391300171	0.03722193840641995	0.0077148433087544
6.670670727127127	0.013726185193901409	0.036993653611640136	0.007461687338356001
6.677677732932933	0.014075841916209624	0.03677046666485305	0.00720687894157897
6.6846847387387385	0.014392040037139068	0.03655110770293981	0.006959322362719048
6.691691744544545	0.014717781117565642	0.03633648655106474	0.0067086245881440715
6.69869875035035	0.015007405830382566	0.03612571980243607	0.006466044166969293
6.705705756156156	0.015289458940958482	0.03591933056767385	0.0062245400208440806
6.712712761961962	0.015535998692981364	0.03571631678134661	0.005990851130331147
6.719719767767768	0.015768949252778178	0.035517062130783074	0.005759655454802595
6.726726773573573	0.015988891584745715	0.03532136671434266	0.00553076574059295
6.73373377937938	0.01617336305514046	0.03512924269576011	0.005310107287454976
6.740740785185185	0.016365278444084363	0.03494074378159275	0.00508665912537403
6.747747790990991	0.016543519994395406	0.034755954987987614	0.004865968254919865
6.754754796796797	0.01670675167748007	0.034574752014275505	0.004648240927960475
6.761761802602603	0.01685510680475675	0.0343968718991664	0.004433323003385701
6.768768808408408	0.01698856375587303	0.03422265789908639	0.0042216597695590745
6.775775814214215	0.017082643047423077	0.03405097439582325	0.004018836792481043
6.78278282002002	0.017185427936619427	0.03388293852435059	0.0038131936853875383
6.789789825825826	0.017272438485681378	0.03371839178357851	0.0036110433045122943
6.796796831631632	0.017343650501388346	0.03355677682445208	0.0034118324128457516
6.803803837437437	0.01739875677647292	0.033398443022427456	0.00321609851949605
6.810810843243243	0.017437433240474146	0.03324297151642816	0.003023421377867789
6.817817849049049	0.017462233900500963	0.03309042056366424	0.0028332358383608217
6.824824854854855	0.017437778938720963	0.032940108481642257	0.002654419320293969
6.83183186066066	0.01742628459201952	0.03279307824938017	0.0024714058630333257
6.8388388664664665	0.017396995087224122	0.0326485111085295	0.0022913144906549824
6.845845872272272	0.01734947086254464	0.032506812489619404	0.002114757401387923
6.852852878078078	0.01728351307562481	0.0323674878759531	0.0019411358052072924
6.859859883883884	0.017199040673296296	0.03223090776355599	0.0017709466552368678
6.86686688968969	0.01709511482645695	0.03209677653801011	0.001603923112634991
6.873873895495495	0.016971379894919387	0.03196477528508496	0.0014396483822198684
6.8808809013013015	0.01682725974188159	0.03183526034622254	0.0012786809277815687
6.887887907107107	0.016661221570028143	0.031707725989677346	0.0011206394705627393
6.894894912912913	0.016437877297837293	0.03158174163844554	0.0009746199328957396
6.9019019187187185	0.01623126818193325	0.031458336691518964	0.0008221410802539923
6.908908924524525	0.016002357208898355	0.0313367733015987	0.000672136262935671
6.91591593033033	0.015750981298320532	0.031217196231395267	0.0005248787096623554
6.922922936136136	0.01547732325884483	0.031099744860215408	0.00038054599519520834
6.929929941941942	0.01518021860923342	0.030984009089386904	0.0002386309076045194
6.936936947747748	0.0148596935614375	0.030870107787051022	9.933808169988273e-5
6.943943953553553	0.014515873252429102	0.03075809030694061	-3.732050967665633e-5
6.95095095935936	0.014147903815916617	0.030647629685726048	-0.0001717771851932656
6.957957965165165	0.013756651861104497	0.030539015702404727	-0.0003037053076233784
6.964964970970971	0.01334071451276836	0.03043180296655174	-0.00043364968633077263
6.971971976776777	0.012900414877140982	0.030326122792036305	-0.0005614351398136043
6.978978982582583	0.012436127558909993	0.030222058075233718	-0.0006868864907434087
6.985985988388388	0.011946747539801865	0.030119245417424646	-0.0008105085043651298
6.992992994194195	0.011433402634973966	0.030017937179141783	-0.0009319420238001758
7.0	0.010894814445	0.029917753317	-0.0010516561185
