t	CL	CD	CM
250.0003931	2.5815844368e-5	0.038861259842999984	1.6993577517999993e-5
250.0073997135135	-4.319928382149597e-7	0.03890637069859708	-8.751436667721683e-8
250.01440632702702	-3.541937009312431e-7	0.038644612538292496	-3.864739631704921e-8
250.02141294054053	-3.0147938740033183e-7	0.038446126555411325	-5.9024602601781075e-9
250.02841955405404	-2.720708490577164e-7	0.03828559176147415	9.896678436445542e-9
250.03542616756755	-2.6079278359997734e-7	0.03815070214341478	1.2382377332392758e-8
250.0424327810811	-2.661954374004748e-7	0.03803441923959577	3.7955184803913975e-9
250.0494393945946	-2.7264733292434213e-7	0.03793229570931875	-5.61669027596212e-9
250.0564460081081	-2.805571768561948e-7	0.03784131977480662	-1.53071208054392e-8
250.06345262162162	-2.849689908678985e-7	0.037759354755086245	-2.2257724654827392e-8
250.07045923513513	-2.850548075945979e-7	0.03768482801284932	-2.5812025956274625e-8
250.07746584864864	-2.8176899157623223e-7	0.03761652712974014	-2.6731122656617934e-8
250.08447246216215	-2.758045559950952e-7	0.037553521723838724	-2.5727259006292845e-8
250.09147907567566	-2.6662397357636394e-7	0.037495123979990656	-2.2827973372297337e-8
250.09848568918918	-2.5722550789943664e-7	0.037440735527027466	-1.9739177511312205e-8
250.1054923027027	-2.462103365279018e-7	0.037389868962148666	-1.5867218339049282e-8
250.11249891621623	-2.347604633187964e-7	0.037342122328884134	-1.1908843076813034e-8
250.11950552972974	-2.2279111670129897e-7	0.03729715923644957	-7.859694637957547e-9
250.12651214324325	-2.113593443140215e-7	0.037254694346668234	-4.194869525418068e-9
250.13351875675676	-2.0072507383794716e-7	0.03721448607935693	-1.0170534689263767e-9
250.14052537027027	-1.8803500380489744e-7	0.03717632466651262	3.373901220248694e-9
250.14753198378378	-1.7653577971931494e-7	0.03714002891653102	7.168509360503846e-9
250.1545385972973	-1.6451241168440457e-7	0.03710544030855468	1.1381076546491398e-8
250.1615452108108	-1.5149209958482085e-7	0.03707242107578596	1.6260632789858138e-8
250.1685518243243	-1.383004042263732e-7	0.03704084841602412	2.1328260511930085e-8
250.17555843783782	-1.2284613486661087e-7	0.03701061377807059	2.775876501030812e-8
250.18256505135136	-1.07586654912833e-7	0.03698162048011159	3.411584156360762e-8
250.18957166486487	-8.869548250347476e-8	0.036953781544511566	4.256882910978864e-8
250.19657827837838	-6.899913608593246e-8	0.03692702001947969	5.147712215988734e-8
250.2035848918919	-4.772301371910609e-8	0.03690126532680616	6.126152231987683e-8
250.2105915054054	-2.2785774397750317e-8	0.03687645392920519	7.309657596708333e-8
250.21759811891891	4.500931957818454e-9	0.03685252777905934	8.621982304769453e-8
250.22460473243243	3.361202829141527e-8	0.03682943491307081	1.003017860052114e-7
250.23161134594594	6.783754691146015e-8	0.03680712693395116	1.172079354800339e-7
250.23861795945945	1.0494083872309715e-7	0.0367855597441135	1.3563027053402985e-7
250.24562457297296	1.47667803295396e-7	0.036764692785227475	1.571040457754769e-7
250.2526311864865	1.958976535810644e-7	0.036744486982418	1.815268411672917e-7
250.2596378	2.4957184550604093e-7	0.03672490432068176	2.0882492559905943e-7
250.26664441351352	3.107761898482543e-7	0.03670592084338687	2.401365481535704e-7
250.27365102702703	3.805360477324933e-7	0.03668750563116438	2.759806976234293e-7
250.28065764054054	4.590725376274264e-7	0.03666963066966059	3.1643370875037493e-7
250.28766425405405	5.501637234083011e-7	0.036652270106190016	3.635725696184737e-7
250.29467086756756	6.536887551707028e-7	0.03663539964261233	4.170205127348074e-7
250.30167748108107	7.734477088247446e-7	0.03661899750048963	4.792641526861674e-7
250.30868409459458	9.105463534264913e-7	0.03660304236949353	5.506196362636124e-7
250.3156907081081	1.068689599391393e-6	0.03658751473221067	6.331350054081079e-7
250.32269732162163	1.251672539468695e-6	0.036572396200591016	7.288225133747928e-7
250.32970393513514	1.463371371571302e-6	0.036557669533750815	8.397476690014022e-7
250.33671054864865	1.708743662598714e-6	0.0365433183482194	9.685784557099208e-7
250.34371716216216	1.992898017716326e-6	0.03652932767936769	1.1180385652115653e-6
250.35072377567568	2.3242774638787086e-6	0.036515683004014206	1.292726424231214e-6
250.3577303891892	2.708954523996399e-6	0.03650237075420227	1.4958442810074763e-6
250.3647370027027	3.154938195426996e-6	0.03648937806257995	1.7316576764782783e-6
250.3717436162162	3.677420392389558e-6	0.03647669278644289	2.0084718974539922e-6
250.37875022972972	4.283396680880016e-6	0.03646430339229594	2.329864403483492e-6
250.38575684324323	4.989830030744617e-6	0.03645219907833473	2.705025657806258e-6
250.39276345675674	5.814886178938423e-6	0.03644036946608334	3.1437460514509806e-6
250.39977007027028	6.774621995779699e-6	0.03642880477278797	3.6545118654942802e-6
250.4067766837838	7.894476877535273e-6	0.03641749565675595	4.251060947925647e-6
250.4137832972973	9.20048381708924e-6	0.03640643326532134	4.947322264346855e-6
250.4207899108108	1.0722392692464944e-5	0.036395609157315066	5.759217071657261e-6
250.42779652432432	1.2497284925841671e-5	0.036385015302384624	6.706639050871383e-6
250.43480313783783	1.4569073410033305e-5	0.03637464405560035	7.81320225552281e-6
250.44180975135134	1.698321300786659e-5	0.03636448808511573	9.103092954692315e-6
250.44881636486485	1.979990564231826e-5	0.03635454045733197	1.0608691513756454e-5
250.45582297837836	2.3085526247069735e-5	0.03634479450953245	1.236550941610944e-5
250.46282959189188	2.691656741186182e-5	0.036335243879050745	1.441447196505439e-5
250.46983620540541	3.1386749127673645e-5	0.03632588247893553	1.6805833057777152e-5
250.47684281891893	3.66004521151672e-5	0.03631670450471789	1.9595435001169676e-5
250.48384943243244	4.268000710987881e-5	0.036307704331111156	2.2848721093555874e-5
250.49085604594595	4.9773731940125526e-5	0.03629887670707156	2.664522675386382e-5
250.49786265945946	5.8046834150378266e-5	0.036290216420524865	3.10733040242942e-5
250.50486927297297	6.769879960635254e-5	0.03628171856028159	3.6239840250375764e-5
250.51187588648648	7.895645872456707e-5	0.036273378560726446	4.226644890146364e-5
250.5188825	9.208911712661915e-5	0.036265191808929446	4.929692877034425e-5
250.5258891135135	0.00010740986563221959	0.03625715399118692	5.7499136651439065e-5
250.532895727027	0.0001252802189683883	0.03624926090699271	6.706655552163248e-5
250.53990234054055	0.00014612827917094857	0.03624150854632761	7.82282832903097e-5
250.54690895405406	0.00017044824063687964	0.03623389299390614	9.124924948767342e-5
250.55391556756757	0.00019881704886676245	0.03622641068374207	0.00010643811839143048
250.56092218108108	0.00023191162064020582	0.036219058028100944	0.00012415735299021533
250.5679287945946	0.0002705182713032935	0.036211831517492785	0.000144827888125935
250.5749354081081	0.0003155552730532529	0.036204727920385336	0.00016894135022115154
250.58194202162161	0.0003680927264969655	0.036197743964194236	0.00019707061607976292
250.58894863513513	0.00042938270325340366	0.03619087661534034	0.00022988606421204077
250.59595524864864	0.0005008776793236097	0.03618412302302276	0.00026816521376216585
250.60296186216215	0.0005842804087520412	0.03617748027507524	0.00031281973530663924
250.6099684756757	0.0006815711411387565	0.03617094560082105	0.00036490973786409427
250.6169750891892	0.0007950590323539676	0.03616451641670149	0.0004256713516425572
250.6239817027027	0.0009274429591519836	0.03615819014959071	0.000496549542470113
250.63098831621622	0.0010818663034065548	0.03615196433295079	0.0005792270055960313
250.63799492972973	0.0012619873940864022	0.03614583677742152	0.0006756620609487282
250.64500154324324	0.001472084013161555	0.03613980523812259	0.0007881448418600701
250.65200815675675	0.0017171295250683826	0.0361338676396623	0.0009193373167267325
250.65901477027026	0.002002933887437641	0.03612802207422603	0.0010723497325795
250.66602138378377	0.0023362578317429614	0.036122266725924834	0.001250800734549573
250.67302799729728	0.002724983764764302	0.03611659994144777	0.0014589092166352054
250.68003461081082	0.003178289952896203	0.03611102048086677	0.0017015877134872758
250.68704122432433	0.003706866992205505	0.03610552720804595	0.0019845575668685556
250.69404783783784	0.004323163799233248	0.03610011937244959	0.0023144809473653757
250.70105445135135	0.005041664961252558	0.036094796713933744	0.002699108721397072
250.70806106486486	0.0058792249499171915	0.036089559520596774	0.003147459281747664
250.71506767837838	0.006855443121134599	0.03608440891604215	0.0036700184968608356
250.7220742918919	0.007993095712078107	0.0360793469934664	0.004278970634421835
250.7290809054054	0.00931864064199171	0.0360743772457573	0.004988467597143148
250.7360875189189	0.010862779251923005	0.03606950506954702	0.00581492840732178
250.74309413243242	0.012661118615796359	0.03606473815285733	0.006777391713873805
250.75010074594593	0.01475493477343696	0.03606008845551508	0.007897924458696415
250.75710735945947	0.017191779186783874	0.0360555664500202	0.009201934553136856
250.76411397297298	0.02002703910229457	0.03605119910873363	0.010719020641212794
250.7711205864865	0.02332413942952441	0.03604701646681414	0.012483055576165237
250.7781272	0.027156388556875643	0.036043058397327285	0.014533176271065462
250.7851338135135	0.031607769740854795	0.03603938052226204	0.01691419612536417
250.79214042702702	0.0367747027770242	0.03603605747900975	0.019677534719899425
250.79914704054053	0.04276706410676733	0.036033190719239855	0.02288174625761664
250.80615365405404	0.049710027008175645	0.03603091656556735	0.026593481267288503
250.81316026756755	0.057745153016698164	0.036029418552953704	0.030888038537178218
250.82016688108106	0.06703200936216212	0.036028941955094804	0.035850191430153715
250.8271734945946	0.07774893892967082	0.036029814041899116	0.04157454478337732
250.83418010810811	0.09009444614930895	0.036032469486378976	0.048166206509933925
250.84118672162163	0.10428597102854342	0.036037485112249606	0.055740039190504666
250.84819333513514	0.120560821674033	0.03604561982194158	0.06442104111065801
250.85519994864865	0.13917218678238336	0.03605786740431021	0.07434206541837157
250.86220656216216	0.16038720975748968	0.03607552184159063	0.08564259245737205
250.86921317567567	0.18447904928713854	0.03610025593059319	0.09846424813849068
250.87621978918918	0.21171993457225358	0.03613421279354044	0.1129468073699631
250.8832264027027	0.2423671432285627	0.03618011134377609	0.12922037480486892
250.8902330162162	0.276648472877458	0.03624135670196426	0.1473972161522909
250.89723962972974	0.31474004117149607	0.036322152633185216	0.1675594684714409
250.90424624324325	0.3567449082272953	0.036427594788271005	0.18974728459518
250.91125285675676	0.402655594300503	0.03656372453970206	0.21393841632369764
250.91825947027027	0.45234433324541784	0.0367375493054012	0.24004254021973995
250.92526608378378	0.5055011283314038	0.03695695398710029	0.2678683452293443
250.9322726972973	0.5616277362158021	0.037230481694985676	0.29712009577178355
250.9392793108108	0.620007783052505	0.03756700434839954	0.32738224355589873
250.94628592432431	0.6796961085083197	0.03797514892644335	0.35811464531586534
250.95329253783783	0.7395244952217461	0.03846265491101549	0.38865609385780675
250.96029915135134	0.7981698565113334	0.039035286290850756	0.41826860523018555
250.96730576486488	0.854189989869295	0.03969563391991234	0.4461555211333785
250.9743123783784	0.9060784294030457	0.04044242403410347	0.4714906518315406
250.9813189918919	0.9523696325935553	0.041269815299049314	0.49348074283422216
250.9883256054054	0.9918240446196429	0.04216691944714539	0.5114644975413796
250.99533221891892	1.0234090435962455	0.043118253181514125	0.5249085081580189
251.00233883243243	1.0464872155076865	0.04410447604956009	0.5335029097431137
251.00934544594594	1.0607835847431488	0.04510380394828263	0.5371523023782168
251.01635205945945	1.0665035177664157	0.04609358843377394	0.5360231158833978
251.02335867297296	1.0642495669779752	0.04705232535913476	0.5305095781246045
251.03036528648647	1.05494984969509	0.047961302002261785	0.5211825893203577
251.0373719	1.0397704378448094	0.04880622664326714	0.5087373696371184
251.04437851351352	1.0200065178125148	0.049578062620928134	0.4939348056570575
251.05138512702703	0.9969968817620148	0.0502732340927088	0.4775480213474116
251.05839174054054	0.9720137051132249	0.05089349464773092	0.4603057707288426
251.06539835405405	0.9462134572355554	0.05144504043819087	0.442862641770898
251.07240496756756	0.9205839162588343	0.0519375833085466	0.42576887245514133
251.07941158108108	0.8959193334515076	0.05238328161137906	0.40946184351945664
251.0864181945946	0.8728177345439895	0.052795349474131746	0.39426039334115304
251.0934248081081	0.8516984011966929	0.0531876155781276	0.38038107396158083
251.1004314216216	0.8328092105172299	0.053572953636981197	0.36794005556254405
251.10743803513512	0.8162598003671889	0.053963154531373854	0.3569715396266219
251.11444464864866	0.8020364925687843	0.05436814060093071	0.347439877403255
251.12145126216217	0.7900456986479871	0.05479585399377901	0.33926492279196796
251.12845787567568	0.7801317151862949	0.05525229753912865	0.33233005775165864
251.1354644891892	0.7721005193996827	0.05574148524042864	0.32650124991397
251.1424711027027	0.7657432064959171	0.05626571934183251	0.3216385232438707
251.1494777162162	0.760851479064429	0.056825784573309814	0.31760680691587734
251.15648432972972	0.7572254146096181	0.05742167172814687	0.3142772205043729
251.16349094324323	0.7546782074317593	0.05805242606651246	0.3115342047700347
251.17049755675674	0.7530405650758479	0.05871624077522737	0.30927419842988246
251.17750417027025	0.7521654295992967	0.05941069723011566	0.30741027040394403
251.1845107837838	0.7519320356532873	0.06013359753855766	0.3058720558051173
251.1915173972973	0.7522384041234377	0.0608824654886871	0.3046016706284026
251.19852401081081	0.7530039106138742	0.06165491478973112	0.30355885383988845
251.20553062432433	0.7541650449371478	0.06244909232955552	0.3027112987863824
251.21253723783784	0.755678716860041	0.0632633240763013	0.3020389231703602
251.21954385135135	0.7575047730975594	0.06409608112866316	0.30152833747683216
251.22655046486486	0.7596254144015004	0.06494634194106609	0.30117240362474446
251.23355707837837	0.7620213647931916	0.06581372888329692	0.30096885955842606
251.24056369189188	0.7646726834850479	0.06669620129146979	0.3009154832015674
251.2475703054054	0.7675841086286123	0.06759503518058296	0.3010120053602124
251.25457691891893	0.770739166338683	0.0685104813816392	0.3012555465069923
251.26158353243244	0.7741248103655123	0.06944113083710861	0.3016481155465104
251.26859014594595	0.7777352525061472	0.07038678340935467	0.30218480683191495
251.27559675945946	0.7815648136142088	0.07134775037383555	0.3028643957546687
251.28260337297297	0.7856003950808583	0.07232393730175371	0.3036803680123536
251.28960998648648	0.7898323373599324	0.07331555209020343	0.30462783967969786
251.2966166	0.7942458652491395	0.07432246409664649	0.3056977258769073
251.3036232135135	0.7988273617329376	0.07534470174146969	0.3068814716128657
251.31062982702701	0.8035603137050746	0.076382033862114	0.3081677683353278
251.31763644054053	0.8084266370977522	0.07743414221419677	0.30954489624223164
251.32464305405406	0.8134088106599423	0.0785007810759861	0.3109999402708584
251.33164966756758	0.8184854895974731	0.07958111997502393	0.3125185907913897
251.3386562810811	0.8236391624135991	0.08067488537177109	0.3140875390393997
251.3456628945946	0.8288466268164962	0.08178091278149983	0.31569102647571207
251.3526695081081	0.8340921925387175	0.08289867806113461	0.31731684192451026
251.35967612162162	0.8393544115790225	0.08402708702657571	0.31895009912158684
251.36668273513513	0.8446177316459393	0.08516529906170764	0.3205800644378407
251.37368934864864	0.8498677884410362	0.08631234606299354	0.3221954935197794
251.38069596216215	0.8550915857999786	0.08746757235873803	0.3237876073916277
251.38770257567566	0.8602772461787208	0.08862994493495775	0.3253481920032614
251.3947091891892	0.8654160366726306	0.08979851065927252	0.32687161176049295
251.4017158027027	0.8705038994112734	0.09097300715876128	0.3283541362360539
251.40872241621622	0.8755369242845206	0.09215282354182856	0.32979402009568487
251.41572902972973	0.8805142223184553	0.09333758316704963	0.33119099504884225
251.42273564324324	0.8854356135981956	0.09452681369649665	0.3325461314905717
251.42974225675675	0.890308501611207	0.0957207109209834	0.33386355672374307
251.43674887027026	0.8951363199864293	0.09691947259296499	0.3351471443521613
251.44375548378378	0.8999270551449015	0.09812339621501323	0.3364030848929267
251.4507620972973	0.9046870826862065	0.09933263630912266	0.33763652112547154
251.4577687108108	0.9094261883454082	0.10054777606899452	0.3388548087998208
251.46477532432434	0.9141524762690935	0.10176924707611829	0.3400642407716603
251.47178193783785	0.9188754398191463	0.1029977342013987	0.34127183128767613
251.47878855135136	0.9235981577366759	0.10423287674306728	0.3424826834302641
251.48579516486487	0.928340542076724	0.10547651801930544	0.3437056705975936
251.49280177837838	0.9331040186027345	0.10672954408466465	0.3449452838495385
251.4998083918919	0.9378955285374716	0.10799246137558823	0.3462067979319819
251.5068150054054	0.9427213647230106	0.10926659587770748	0.3474927961029407
251.5138216189189	0.9475789310790533	0.11055070619809196	0.34880532505257417
251.52082823243242	0.952473357210548	0.11184565715444858	0.35014566065073877
251.52783484594593	0.9574061504233251	0.11315184214721737	0.35151494327908467
251.53484145945944	0.9623765143969426	0.11446938533438693	0.3529120726438344
251.54184807297298	0.9673844116758433	0.11579866762522584	0.3543370399429005
251.5488546864865	0.9724270972242646	0.1171396404167265	0.3557877913074984
251.5558613	0.977502182968103	0.1184923241320574	0.357262348024513
251.56286791351351	0.982605620123689	0.11985641618092678	0.35875781520945926
251.56987452702703	0.9877339047158673	0.12123197086046111	0.36027089650628585
251.57688114054054	0.9928810896758995	0.12261853724655208	0.3617974774359446
251.58388775405405	0.9980434368078078	0.124015908289388	0.363334582154045
251.59089436756756	1.0032149568424706	0.12542358906704082	0.3648777421739871
251.59790098108107	1.0083913392177009	0.12684117306263087	0.3664239334511825
251.60490759459458	1.013568665348789	0.12826837391927864	0.36796943444937286
251.61191420810812	1.0187421601466509	0.12970485277835858	0.36951112642953027
251.61892082162163	1.0239080149114035	0.1311501921999012	0.3710462118569573
251.62592743513514	1.0290633742661326	0.13260411642482284	0.3725724413471077
251.63293404864865	1.0342056990962152	0.1340663421548543	0.3740880396734502
251.63994066216216	1.0393331901955647	0.13553665118093502	0.37559161029077187
251.64694727567567	1.0444444085803124	0.1370148485410394	0.37708218121980996
251.65395388918918	1.0495393379502462	0.1385008359391305	0.37856020535872004
251.6609605027027	1.054618955615421	0.13999462640807506	0.38002535266400195
251.6679671162162	1.0596835227031651	0.14149649217460297	0.3814785012450396
251.67497372972971	1.0647341570775255	0.14300646596260808	0.3829206209262135
251.68198034324325	1.069773330919748	0.14452482792019192	0.38435354654597065
251.68898695675676	1.0748036012577358	0.14605186807196027	0.3857792329746372
251.69599357027028	1.0798283786929939	0.1475880576859748	0.38720011989904507
251.7030001837838	1.08485079159206	0.14913381719138755	0.3886185601160543
251.7100067972973	1.0898738429625923	0.15068957572449257	0.3900367979880117
251.7170134108108	1.0949009588080554	0.15225586312374886	0.39145734099089624
251.72402002432432	1.0999351704114722	0.1538331717072424	0.3928823993578088
251.73102663783783	1.1049789239579721	0.1554219369375229	0.3943137547455228
251.73803325135134	1.1100344282968684	0.15702257268688857	0.39575299839836225
251.74503986486485	1.1151040478609011	0.15863555066900953	0.39720177554877906
251.7520464783784	1.1201892863660166	0.16026122183123695	0.39866119676100537
251.7590530918919	1.1252916615709927	0.16189994588033263	0.40013210141080924
251.7660597054054	1.130411775214956	0.16355205965150313	0.40161506525776625
251.77306631891892	1.1355502105233817	0.16521767030340256	0.4031101234200419
251.78007293243243	1.1407075789119714	0.16689731817518746	0.40461761435975935
251.78707954594594	1.1458833932698567	0.16859106867512322	0.40613718732352266
251.79408615945945	1.151076775513321	0.17029902351516468	0.40766801848479517
251.80109277297296	1.1562872209278177	0.1720213268455775	0.40920961650037463
251.80809938648648	1.1615139081934756	0.1737580076387214	0.41076134867417463
251.815106	1.1667561975713339	0.17550931347311666	0.4123220898225341
251.82211261351353	1.17201242287573	0.1772753040215135	0.4138907510943325
251.82911922702704	1.1772812601465275	0.1790559847911103	0.4154662187237869
251.83612584054055	1.1825616663380043	0.1808514776266523	0.4170474457395396
251.84313245405406	1.1878520733904099	0.1826617623447483	0.41863316297313763
251.85013906756757	1.193151246524977	0.18448692960117616	0.42022221635613877
251.85714568108108	1.1984577331567978	0.18632690588179254	0.42181363787597775
251.8641522945946	1.203770973847748	0.18818186123598749	0.42340623379704234
251.8711589081081	1.2090900954703934	0.190052137853298	0.42499949306046514
251.8781655216216	1.214414081322197	0.19193776815795888	0.42659260100140695
251.88517213513512	1.2197425611530104	0.19383899330757576	0.42818503345411396
251.89217874864863	1.225075217877569	0.1957560195636903	0.4297764417420408
251.89918536216217	1.230412090942584	0.19768917189836405	0.4313666407562493
251.90619197567568	1.2357534152695455	0.19963879661203524	0.4329556670566342
251.9131985891892	1.241099750083211	0.20160534045077055	0.4345437107659686
251.9202052027027	1.2464517309234744	0.20358922842238142	0.43613112702826073
251.92721181621621	1.2518103609867006	0.20559100867213703	0.4377184522677534
251.93421842972973	1.2571766276790048	0.20761123571295204	0.4393062345543505
251.94122504324324	1.2625514531603519	0.20965042515665644	0.44089503901791527
251.94823165675675	1.267937239537452	0.21170900647481328	0.4424864483581183
251.95523827027026	1.273334097037191	0.21378804836787682	0.44407991036720884
251.96224488378377	1.2787433497980252	0.21588819773915424	0.4456767522780636
251.9692514972973	1.2841661939520668	0.21801007409640477	0.4472776702694881
251.97625811081082	1.2896038353905328	0.22015435634561673	0.4488833817568258
251.98326472432433	1.2950574184380943	0.22232174685349415	0.4504945707928642
251.99027133783784	1.3005279301097368	0.22451293621298227	0.4521118313434591
251.99727795135135	1.3060161782348223	0.22672859601340944	0.4537356445557485
252.00428456486486	1.3115223462557217	0.22896950373122654	0.4553660723883809
252.01129117837837	1.3170479271859388	0.2312362851999966	0.45700428709293256
252.01829779189188	1.3225931554505874	0.2335294729167451	0.45865017453769963
252.0253044054054	1.3281582622122594	0.23584971684102277	0.46030391412364285
252.0323110189189	1.3337434218696935	0.23819764658640458	0.461965632177256
252.03931763243244	1.3393484915429081	0.24057379963583628	0.46363529901041844
252.04632424594595	1.3449732286774831	0.2429787027917572	0.4653128458262832
252.05333085945946	1.3506171664480942	0.2454128251880364	0.4669980930007092
252.06033747297298	1.3562788968849484	0.24787630790096213	0.4686903933409953
252.0673440864865	1.3619579915857918	0.2503696870010343	0.47038973490560493
252.0743507	1.367653573876056	0.25289331232328643	0.4720957908308975
252.0813573135135	1.3733643493066194	0.25544737404252915	0.4738080122445878
252.08836392702702	1.3790892993690196	0.25803216071947677	0.4755260381886697
252.09537054054053	1.3848272371179224	0.26064788610910955	0.4772494412084331
252.10237715405404	1.3905764685982736	0.26329457387897187	0.47897758771275156
252.10938376756758	1.3963356973932655	0.2659723637622078	0.4807100812239428
252.1163903810811	1.4021046371004136	0.2686814927878136	0.4824470205930165
252.1233969945946	1.4078797844095698	0.27142155712573646	0.4841869017923103
252.1304036081081	1.4136603075509289	0.274192766854918	0.48592978060087294
252.13741022162162	1.4194448630397665	0.27699506238158317	0.4876753352246247
252.14441683513513	1.4252318702371458	0.27982827463672066	0.4894232059720969
252.15142344864864	1.4310199849371545	0.2826922624473517	0.49117310369949196
252.15843006216215	1.4368077038834965	0.2855868121903237	0.4929247291680767
252.16543667567566	1.4425936786779012	0.28851171088771127	0.49467791657743226
252.17244328918918	1.4483770701144292	0.2914668633386168	0.4964326474392205
252.17944990270271	1.4541571671238944	0.2944521955956908	0.4981889599279851
252.18645651621623	1.459933057793865	0.2974674709203505	0.499946780762048
252.19346312972974	1.4657040056980577	0.30051249319864193	0.5017061155382105
252.20046974324325	1.4714697090579285	0.3035871768943445	0.503467120350448
252.20747635675676	1.4772299060972032	0.30669144077286353	0.5052300794893841
252.21448297027027	1.4829840666370746	0.3098250605993232	0.506995036128943
252.22148958378378	1.4887321248538097	0.3129879466659533	0.5087622316668025
252.2284961972973	1.4944739141260626	0.3161799263066554	0.5105318376585182
252.2355028108108	1.500209210874022	0.3194007993181642	0.5123039219171142
252.2425094243243	1.5059384921394812	0.3226506392043838	0.5140789199317872
252.24951603783782	1.511661583102778	0.3259292404762828	0.5158569610940249
252.25652265135136	1.5173770689280976	0.32923620030452855	0.5176375704559243
252.26352926486487	1.5230874567465773	0.3325719251920537	0.5194221243618223
252.27053587837838	1.5287914652914487	0.3359359106962096	0.5212100995205263
252.2775424918919	1.534489312990857	0.3393280571824157	0.5230017229625886
252.2845491054054	1.5401812193744537	0.34274834842051405	0.5247971855920821
252.29155571891891	1.5458665699966354	0.3461964136936235	0.5265962919057612
252.29856233243243	1.551545720009472	0.3496722899794266	0.5283993633692305
252.30556894594594	1.557218437058897	0.3531757627460942	0.5302063868316504
252.31257555945945	1.5628844826395718	0.3567066589600759	0.5320173220335248
252.31958217297296	1.5685442426394336	0.36026502900201807	0.5338323991030558
252.3265887864865	1.574197034992898	0.3638505046288263	0.5356512971553633
252.3335954	1.5798427470221053	0.36746299866706905	0.5374740285576113
252.34060201351352	1.5854809127982823	0.37110219310254616	0.5393004990900072
252.34760862702703	1.5911113297406203	0.3747679951665937	0.5411306830214108
252.35461524054054	1.5967334601160865	0.37846012699896336	0.5429644083536364
252.36162185405405	1.6023472246891433	0.3821785072181156	0.5448017107355649
252.36862846756756	1.6079520524446365	0.3859228085963453	0.5466423901326178
252.37563508108107	1.6135480635178308	0.3896930294575819	0.5484865299081734
252.38264169459458	1.619134717126347	0.39348891379162043	0.5503339205012023
252.3896483081081	1.6247117321374451	0.39731028815971875	0.5521844626268982
252.39665492162163	1.6302791006596749	0.4011571166995216	0.5540382083514169
252.40366153513514	1.6358360501164284	0.40502898631236445	0.5558948610751896
252.41066814864865	1.641382139115913	0.4089256786820297	0.5577542728213178
252.41767476216216	1.646916889011123	0.4128469029756954	0.5596162765664014
252.42468137567568	1.6524402595286631	0.41679265443516	0.5614810537942203
252.4316879891892	1.6579519032602335	0.42076274509710376	0.5633484722049008
252.4386946027027	1.6634510971737102	0.42475678717944954	0.5652183460429513
252.4457012162162	1.6689375134205333	0.42877459996454914	0.5670906034031333
252.45270782972972	1.6744113105715184	0.4328162472247935	0.568965580296096
252.45971444324323	1.679872538303562	0.4368817364194873	0.5708434448785614
252.46672105675677	1.6853205923757186	0.4409706950183851	0.5727239518114327
252.47372767027028	1.6907549181933874	0.44508280750981516	0.574606912886364
252.4807342837838	1.696175200928125	0.44921790510336285	0.5764923822960404
252.4877408972973	1.7015811550281583	0.4533757719482503	0.5783802700384976
252.4947475108108	1.7069725413818722	0.4575562357853853	0.5802704753157429
252.50175412432432	1.7123463027937988	0.4617579570667389	0.5821615917385372
252.50876073783783	1.7177072581993496	0.46598285192918076	0.5840562529750752
252.51576735135134	1.723052378583078	0.4702295217554246	0.5859529882109286
252.52277396486485	1.728381280007699	0.4744976574652364	0.5878515962546946
252.52978057837836	1.7336938255058612	0.47878714269512684	0.5897521294590633
252.5367871918919	1.7389892070872757	0.48309760240676003	0.5916543427222077
252.54379380540541	1.7442669043775914	0.4874288503315005	0.5935583441856691
252.55080041891893	1.7495263429148926	0.49178059139155444	0.5954639909665227
252.55780703243244	1.7547664777594567	0.49615229538390554	0.5973707996070798
252.56481364594595	1.759986433308059	0.5005435526276387	0.5992784079221133
252.57182025945946	1.7651852795918015	0.5049539126460655	0.6011863786898785
252.57882687297297	1.7703621419027544	0.5093829520606878	0.6030942684076692
252.58583348648648	1.7755156066243882	0.5138299710667469	0.6050012831394161
252.5928401	1.7806440779862525	0.5182942300971719	0.6069066219557288
252.5998467135135	1.7857457187975851	0.5227748686479997	0.6088093391002187
252.606853327027	1.7908186151470367	0.5272710715203652	0.6107084794443445
252.61385994054055	1.7958603400023714	0.5317817315353219	0.6126026751094029
252.62086655405406	1.8008681560327777	0.5363056533052731	0.6144904784281197
252.62787316756757	1.805839038816661	0.5408415047945255	0.616370218494967
252.63487978108108	1.8107695388591114	0.5453878374036504	0.6182400981775084
252.6418863945946	1.8156558468124766	0.549943111903027	0.6200981196654296
252.6488930081081	1.8204934505493309	0.5545053890723474	0.6219416979612523
252.65589962162161	1.8252768446248198	0.5590722810859063	0.6237676152094896
252.66290623513513	1.8299997304465687	0.5636410571820298	0.6255721428204493
252.66991284864864	1.83465484165752	0.568208561711282	0.6273510561941537
252.67691946216215	1.839233725946927	0.5727713805445525	0.6290996908448454
252.68392607567569	1.8437263853591992	0.5773252471335668	0.630812227328173
252.6909326891892	1.848121476038171	0.5818653784798269	0.6324821202248057
252.6979393027027	1.8524056984291124	0.5863861434811902	0.6341016408666794
252.70494591621622	1.8565639296949243	0.5908811212386411	0.635661951557587
252.71195252972973	1.8605872224566582	0.595346799618452	0.6371577752220255
252.71895914324324	1.8644375224319423	0.5997661054118221	0.6385667376663223
252.72596575675675	1.868099979647785	0.6041331697593814	0.639879937069316
252.73297237027026	1.8715463133234613	0.6084358905948033	0.6410810709261099
252.73997898378377	1.8747444189030786	0.6126604419670219	0.6421513848969014
252.74698559729728	1.8776571301143954	0.6167907215550036	0.6430689425949765
252.75399221081082	1.8802341168058414	0.6208045583527128	0.6438039355302213
252.76099882432433	1.882439878281177	0.6246871431223777	0.6443357161142461
252.76800543783784	1.884210390389732	0.6284099974084841	0.644626176992835
252.77501205135135	1.8854802084561477	0.6319442765271858	0.6446363387903727
252.78201866486486	1.8861754238636745	0.6352575724951552	0.644322511115743
252.78902527837838	1.8862061915721338	0.6383099915210069	0.6436314402904484
252.7960318918919	1.885474878120682	0.6410582604084007	0.6425052272914427
252.8030385054054	1.8838686791323351	0.643451853807938	0.6408768976755559
252.8100451189189	1.8812595294929406	0.6454333348662269	0.6386703394114266
252.81705173243242	1.8775026157869725	0.6469373537422847	0.6357997746256128
252.82405834594596	1.872435567735169	0.6478903491570431	0.6321688466283751
252.83106495945947	1.8658781488633687	0.6482102267029125	0.6276706531020547
252.83807157297298	1.8576309980270245	0.6478055607417871	0.6221870536188869
252.8450781864865	1.847475494012327	0.6465755064592457	0.6155883039787937
252.8520848	1.835173495545787	0.6444092301817609	0.6077333093293074
252.8590914135135	1.820480738644147	0.6411925547742943	0.5984778716841421
252.86609802702702	1.8031349394531602	0.6368015136675159	0.587667454277219
252.87310464054053	1.7828745342732963	0.6311111820262513	0.5751485616355663
252.88011125405404	1.7594394958934363	0.6239956786165747	0.560769029635877
252.88711786756755	1.7326038987855101	0.6153433378859965	0.5443990405459453
252.8941244810811	1.702167732944846	0.6050521220148883	0.5259252949522922
252.9011310945946	1.6679863252944276	0.5930434558795459	0.5052691962742799
252.90813770810811	1.6300183185072386	0.5792847492812335	0.482416997386321
252.91514432162163	1.588309527152059	0.563781192735994	0.4574091680928592
252.92215093513514	1.543075428203657	0.5466154535731566	0.4303911623073256
252.92915754864865	1.494671618935586	0.5279329555730659	0.40159473825267816
252.93616416216216	1.4436823005673516	0.5079858743165496	0.3713934559045729
252.94317077567567	1.3908609403819006	0.4871037540134499	0.34026363890269035
252.95017738918918	1.3372161637315108	0.4657373002135181	0.3088370428586928
252.9571840027027	1.2838891559445418	0.4443995424104323	0.27782474124696327
252.9641906162162	1.2322338664247603	0.423707457478654	0.2480648226628702
252.97119722972974	1.1836291183497645	0.40429238594555583	0.22040613237315262
252.97820384324325	1.1394255955430816	0.3867763272006096	0.1956747708425627
252.98521045675676	1.1009963583760283	0.37179777445756773	0.174698969664954
252.99221707027027	1.0693734134132218	0.35983998268690537	0.15809531115396686
252.99922368378378	1.0453391733120332	0.3512722771635938	0.14631520367406792
253.0062302972973	1.029269126902499	0.3462746093023991	0.13955507768202585
253.0132369108108	1.0212778780296363	0.3449110323196837	0.1378400574176164
253.02024352432431	1.0209677764963532	0.34700334516106635	0.14088177807472088
253.02725013783783	1.0276412741358412	0.35223322779967486	0.14820343206615721
253.03425675135134	1.0403366265817515	0.36015796679393663	0.1591672265672049
253.04126336486488	1.0579206377760966	0.37025391409636865	0.17303377027806424
253.04826997837839	1.0791921637407396	0.3819645730936571	0.189027289380681
253.0552765918919	1.1029455525804064	0.39473074881254655	0.20637725722299854
253.0622832054054	1.1280712443750656	0.408037930800237	0.22437993166177808
253.06928981891892	1.153590575473835	0.42143275331033037	0.2424200818616416
253.07629643243243	1.1787037325832572	0.434545739906872	0.2600009672242623
253.08330304594594	1.2027695984188878	0.44708213311040784	0.2767300457264448
253.09030965945945	1.225333038163857	0.4588345539627336	0.2923356698581272
253.09731627297296	1.2460880080508512	0.469665325036128	0.30664090727568477
253.10432288648647	1.2648631846363723	0.479500372317749	0.3195561753068555
253.1113295	1.2815961502541129	0.4883164964685981	0.33106075439462546
253.11833611351352	1.2963114399311828	0.49613120955758566	0.3411884810226116
253.12534272702703	1.309092807051018	0.502989475327088	0.3500093567554114
253.13234934054054	1.3200745587328035	0.508959727361361	0.3576263084806068
253.13935595405405	1.3294088079441169	0.5141179168827564	0.36414889380861853
253.14636256756756	1.337266416541113	0.5185489185534963	0.3696989857094801
253.15336918108108	1.343823717819869	0.5223392424339112	0.37439974136980103
253.1603757945946	1.3492421236161558	0.525568345860143	0.3783620518287576
253.1673824081081	1.3536871815640854	0.5283170893997102	0.381699418949263
253.1743890216216	1.3573066093227464	0.5306574103575049	0.3845116021139881
253.18139563513515	1.3602331819156506	0.5326539056053415	0.38688743244641194
253.18840224864866	1.3625853092317368	0.5343641328347033	0.3889051637212586
253.19540886216217	1.3644652927539174	0.5358377890183303	0.39063185482828816
253.20241547567568	1.3659619356445285	0.5371179424373758	0.3921251162869198
253.2094220891892	1.3671500953454865	0.5382408514991507	0.3934329280373281
253.2164287027027	1.3680928471835943	0.5392370746554516	0.39459550534394905
253.2234353162162	1.368841829974241	0.5401315223260877	0.3956449934035766
253.23044192972972	1.369440109766989	0.54094492655888	0.3966079252243409
253.23744854324323	1.3699220244088286	0.5416938767907208	0.3975053436682874
253.24445515675674	1.370312591879943	0.5423907555908536	0.39835283655250353
253.25146177027028	1.3706332194840503	0.5430459351799393	0.3991640115318226
253.2584683837838	1.370897882369792	0.5436655606927824	0.39994356259142355
253.2654749972973	1.3711170602008784	0.5442558100662359	0.4006993950455733
253.27248161081081	1.3713009892899242	0.544821316736687	0.4014365943470717
253.27948822432433	1.371455458596631	0.5453649580957255	0.4021578407308946
253.28649483783784	1.371585108629656	0.5458893049532041	0.4028647616940215
253.29350145135135	1.37169224667899	0.5463958240754422	0.40355836164373526
253.30050806486486	1.3717784033079605	0.5468855271006684	0.40423875031986634
253.30751467837837	1.3718449921018265	0.5473594145523242	0.40490597137948653
253.31452129189188	1.3718934303697115	0.5478184815370727	0.4055602233454436
253.3215279054054	1.3719233259029224	0.5482629425627794	0.40620103602140084
253.32853451891893	1.3719360938593776	0.5486937218166771	0.4068285424303874
253.33554113243244	1.3719322958052182	0.5491114392469733	0.40744266691666325
253.34254774594595	1.37191015726708	0.5495156194185478	0.40804232823299685
253.34955435945946	1.3718695969553596	0.5499066348662999	0.4086274910454293
253.35656097297297	1.3718097090515058	0.5502843337918687	0.4091975095421929
253.36356758648648	1.3717308625849765	0.5506488714305495	0.409751547404172
253.3705742	1.3716323468988487	0.5510000486572345	0.4102887980534454
253.3775808135135	1.3715132309662765	0.5513375003484505	0.41080812341111667
253.38458742702701	1.371373681120156	0.5516614264113939	0.41130918121394294
253.39159404054053	1.3712125584896815	0.5519713305484018	0.4117912256275582
253.39860065405406	1.371030635961125	0.5522676516350675	0.41225441299098986
253.40560726756758	1.3708278159422598	0.5525503804278241	0.41269848870813663
253.41261388108109	1.3706048299595441	0.5528198933876518	0.41312392252232527
253.4196204945946	1.3703629778851383	0.553076850040525	0.4135315564403882
253.4266271081081	1.370105108519953	0.5533226552639846	0.41392323234384665
253.43363372162162	1.3698301154409824	0.5535568060527882	0.4142990863902537
253.44064033513513	1.3695424810383592	0.55378128643288	0.4146619251277387
253.44764694864864	1.3692439730368473	0.5539970804273939	0.41501374145485775
253.45465356216215	1.3689384842214698	0.55420603783647	0.41535746532328816
253.46166017567566	1.368629303036639	0.5544096376835168	0.4156957364652071
253.4686667891892	1.3683202423469605	0.5546097374309135	0.4160316465978796
253.4756734027027	1.3680155838395267	0.5548083002238835	0.41636852622830506
253.48268001621622	1.3677186567830522	0.5550069302790485	0.4167091816889961
253.48968662972973	1.3674334240639576	0.5552075269500596	0.417056838459258
253.49669324324324	1.3671637493932458	0.5554119867487273	0.4174147016453645
253.50369985675675	1.3669124211160275	0.5556215813126801	0.4177850151387693
253.51070647027026	1.366682270984172	0.5558378047457949	0.41817050102126124
253.51771308378378	1.3664758010925429	0.5560618245126996	0.4185730094842816
253.5247196972973	1.3662951884507586	0.5562947737917934	0.4189944411671248
253.5317263108108	1.3661416890287352	0.556537349945688	0.4194360511505537
253.53873292432434	1.3660158914616112	0.556789850712899	0.4198987002896014
253.54573953783785	1.3659178362441557	0.5570523272838597	0.4203824401241327
253.55274615135136	1.3658477975793724	0.5573249888826232	0.42088762720017353
253.55975276486487	1.3658044785050594	0.5576073605594208	0.42141363359261613
253.56675937837838	1.3657865243638867	0.5578988572569034	0.4219595953887524
253.5737659918919	1.3657924393240592	0.5581988655115265	0.42252455242820625
253.5807726054054	1.3658197919758785	0.5585063308000227	0.42310685402878506
253.5877792189189	1.365866743760184	0.5588205295433333	0.42370520530773215
253.59478583243242	1.365929537305338	0.5591397318279521	0.42431713892811557
253.60179244594593	1.3660058522410758	0.5594629337517611	0.4249409776759163
253.60879905945947	1.366091689909573	0.5597883941512132	0.42557410134350626
253.61580567297298	1.3661835739643478	0.560114583761129	0.4262141964783271
253.6228122864865	1.3662772759145136	0.5604396018018417	0.4268584026549454
253.6298189	1.3663685561671615	0.5607615786010358	0.4275039560866884
253.63682551351351	1.3664526620067752	0.5610783805850892	0.42814775158082935
253.64383212702703	1.366524451974407	0.56138768522783	0.4287864910999871
253.65083874054054	1.366578235727321	0.5616869234383052	0.42941664841193894
253.65784535405405	1.3666078439786618	0.5619733342651632	0.4300344556973641
253.66485196756756	1.366606682707493	0.5622439552215227	0.4306359495434816
253.67185858108107	1.3665671446840588	0.5624953412357788	0.431216430512124
253.6788651945946	1.3664809148670167	0.5627237128091379	0.43177088557870263
253.68587180810812	1.3663374733432092	0.5629242756890013	0.4322929852392704
253.69287842162163	1.3661256223182767	0.5630919296256647	0.4327760684572205
253.69988503513514	1.3658318185384934	0.563220461287687	0.4332119488597533
253.70689164864865	1.3654410526564082	0.5633029717311415	0.4335915607631936
253.71389826216216	1.3649355755113943	0.5633312868893876	0.4339042466907501
253.72090487567567	1.364295090127783	0.5632960522167325	0.43413771976409
253.72791148918918	1.3634961925147753	0.5631864877373927	0.4342779579150129
253.7349181027027	1.3625112877595194	0.5629898880426394	0.4343084147560349
253.7419247162162	1.3613086346130499	0.5626915789153191	0.4342099778366493
253.74893132972971	1.3598513580358693	0.5622745209925136	0.4339604148647624
253.75593794324325	1.3580969854151679	0.5617190996970477	0.4335342117952319
253.76294455675676	1.3559966441410152	0.5610027893013692	0.43290198152197346
253.76995117027028	1.3534934534714893	0.5600992877316076	0.43202954658493453
253.77695778378379	1.3505220833341225	0.5589784169518405	0.430877641543474
253.7839643972973	1.3470076036773087	0.5576055618329422	0.4294012397167995
253.7909710108108	1.342863991363178	0.5559409981792971	0.427548622689544
253.79797762432432	1.337993430343176	0.5539395665609224	0.42526109322001643
253.80498423783783	1.3322840938573324	0.5515496617320267	0.42247157468419233
253.81199085135134	1.3256093790736698	0.5487128883539133	0.4191042009099342
253.81899746486485	1.3178269402562346	0.545363644635953	0.4150737352849312
253.8260040783784	1.3087767758434956	0.541428216128009	0.4102844162134346
253.8330106918919	1.2982814885723868	0.5368249693057924	0.40463026458028506
253.8400173054054	1.2861453858150211	0.5314639393662826	0.397994562694528
253.84702391891892	1.272154425222833	0.5252468560391764	0.3902499862877959
253.85403053243243	1.2560818669771194	0.5180699374735744	0.38126194640715416
253.86103714594594	1.2376848034715264	0.5098221495851625	0.37088689740753933
253.86804375945945	1.2167152223500939	0.5003905480079222	0.358979030042227
253.87505037297296	1.1929238987837374	0.48966216248310424	0.3453928533381077
253.88205698648648	1.1660716154526078	0.47752920414315453	0.32999023301177266
253.8890636	1.1359499397638866	0.4638991035705226	0.31265312134883716
253.89607021351353	1.102385813808834	0.44869643262136216	0.2932869637564789
253.90307682702704	1.0652709778502307	0.43187665881010806	0.2718384619231539
253.91008344054055	1.0245977772619255	0.4134431493960389	0.24831735120601625
253.91709005405406	0.9804591829051776	0.393446743919649	0.22279738685754022
253.92409666756757	0.9331190601278089	0.3720183204211537	0.19545726967916255
253.93110328108108	0.8829982487375541	0.34936243825017116	0.1665749458084564
253.9381098945946	0.8307022377954094	0.325768637532862	0.13653882612090618
253.9451165081081	0.7770824897051607	0.3016408281846792	0.1058910008146303
253.9521231216216	0.723140257747591	0.27745009162377254	0.07526218399821309
253.95912973513512	0.6701026870926396	0.25376982212012456	0.045416916373657724
253.96613634864866	0.6192840562999264	0.2312099539584495	0.01717060462788409
253.97314296216217	0.5720381128390138	0.21039341317180876	-0.008642487213122184
253.98014957567568	0.5297739664704177	0.1919611023608218	-0.03116936530753546
253.9871561891892	0.4936666119687333	0.176441171439881	-0.04970197348797516
253.9941628027027	0.464697099415327	0.16426386457749453	-0.06366389694275708
254.00116941621621	0.44349097455381353	0.15569024241655	-0.07270094551186482
254.00817602972973	0.4304159936088101	0.15085355900099923	-0.07663861825681735
254.01518264324324	0.42533795898025295	0.14965890229797865	-0.07560011871542802
254.02218925675675	0.4277847739508158	0.15185256473166475	-0.06992655791911755
254.02919587027026	0.436957220851361	0.15703322355280236	-0.06015751071161884
254.0362024837838	0.45182185449548196	0.16469687998674418	-0.046972735547852196
254.0432090972973	0.4712059629072939	0.17428191325340012	-0.03113223988046121
254.05021571081082	0.4938901733070276	0.18521322495537765	-0.013416462033356282
254.05722232432433	0.5186859477743162	0.19693780217945267	0.005420432628403349
254.06422893783784	0.5445037552004388	0.20895554642368322	0.02469367509016927
254.07123555135135	0.570405599913513	0.22084244813779352	0.043820365114214145
254.07824216486486	0.595625570128652	0.2322585907341142	0.062330926607319224
254.08524877837837	0.6195730766953704	0.2429482335910779	0.07986967408853579
254.09225539189188	0.6418315241291314	0.2527375461633176	0.09619312836783486
254.0992620054054	0.662133000295035	0.26152184665289313	0.11115257490816363
254.1062686189189	0.6803379426731575	0.2692549156167682	0.12467951004537643
254.11327523243244	0.6964064457577098	0.2759362988324806	0.13677070894622362
254.12028184594595	0.710392962429636	0.28160631616630943	0.14747854766924312
254.12728845945946	0.7223951560797683	0.2863236421550334	0.1568822557381595
254.13429507297298	0.7325528782219859	0.290164412926808	0.16508579710131238
254.14130168648649	0.7410281103708348	0.29321296979705713	0.172204999625088
254.1483083	0.7479929444215236	0.2955564697121026	0.17836008383935745
254.1553149135135	0.7536185051760133	0.2972799531340576	0.18366823423638978
254.16232152702702	0.7580603843240861	0.29845948496643737	0.18823323000622005
254.16932814054053	0.761489295731356	0.2991781542862698	0.19217132359412498
254.17633475405404	0.7640361020946929	0.29949838226839304	0.19556598032649455
254.18334136756758	0.7658248156546172	0.29947908022349684	0.19849712428891592
254.1903479810811	0.7669646280413577	0.2991716927984177	0.2010338213965718
254.1973545945946	0.767550022099782	0.29862042546137385	0.2032347031764566
254.2043612081081	0.7676625305650576	0.2978631749826918	0.2051493926494802
254.21136782162162	0.7673706894310239	0.2969316457013273	0.2068187692552434
254.21837443513513	0.7667324581494833	0.29585249331394975	0.20827676952045276
254.22538104864864	0.7657958356805776	0.29464776167742024	0.20955085758062383
254.23238766216215	0.7646003686370211	0.2933355679027063	0.21066324180044516
254.23939427567566	0.7631365224450393	0.2919092851015082	0.21159869771234394
254.24640088918918	0.7615122940484489	0.2904232364457887	0.21243806176551
254.25340750270271	0.7597409882537941	0.2888835883772067	0.21318458417956346
254.26041411621623	0.7577729513945913	0.28726357570346217	0.21379293565403737
254.26742072972974	0.7556571520074217	0.2855878955876	0.21430076758886107
254.27442734324325	0.7534078739115133	0.28386344546717696	0.21471631197708754
254.28143395675676	0.7510344658564612	0.2820946079614138	0.2150447931526855
254.28844057027027	0.7485512956241698	0.280288600573941	0.21529601203867108
254.29544718378378	0.7459645487973788	0.2784484034730742	0.2154734975429945
254.3024537972973	0.7432805901847304	0.27657714626078406	0.21558112128239845
254.3094604108108	0.7405059991855394	0.27467825354625724	0.21562370234096548
254.3164670243243	0.7376456099942207	0.2727543813332021	0.21560438958443612
254.32347363783785	0.734701549047953	0.2708067988549743	0.2155244185724178
254.33048025135136	0.7316758824080414	0.26883684692069215	0.2153851208685703
254.33748686486487	0.7285685503824308	0.2668447343900614	0.2151859343225503
254.34449347837838	0.7253835919619367	0.2648330692625329	0.2149303167238409
254.3515000918919	0.7221200775562416	0.2628016651997282	0.21461690755376028
254.3585067054054	0.7187786708291262	0.2607512235531418	0.21424590953094666
254.36551331891891	0.7153601506491352	0.2586824918180641	0.21381752796483092
254.37251993243243	0.7118636892804099	0.2565952554251383	0.2133303535983949
254.37952654594594	0.7082931433921144	0.254492034971185	0.21278815159912726
254.38653315945945	0.7046489983644806	0.25237317284309213	0.21219005178158018
254.39353977297299	0.7009327302540848	0.2502396257644682	0.2115368143735029
254.4005463864865	0.6971457497450754	0.2480923256320368	0.21082918289712327
254.407553	0.6932900943547122	0.24593245061467336	0.2100683673011571
254.41455961351352	0.6893682273511358	0.24376134946347675	0.20925588112068028
254.42156622702703	0.6853816576104327	0.24157974939619817	0.20839211361398668
254.42857284054054	0.6813332868933101	0.23938922727973935	0.2074800986584043
254.43557945405405	0.6772284080322939	0.23719251982150114	0.2065232065782512
254.44258606756756	0.6730682323418422	0.23499012246984913	0.20552204517879005
254.44959268108107	0.6688556396633387	0.23278342159059062	0.20447873860139032
254.45659929459458	0.6645935318252562	0.2305738157013371	0.2033953452925694
254.4636059081081	0.6602841778595512	0.22836244414418114	0.20227362379901284
254.47061252162163	0.6559300829970816	0.22615052297524593	0.20111544679911447
254.47761913513514	0.6515336936799604	0.2239392107426973	0.19992269089027387
254.48462574864865	0.6470972441356221	0.2217295927979358	0.19869708367549138
254.49163236216216	0.6426221090990354	0.21952237134858743	0.1974398788188129
254.49863897567568	0.6381098825625767	0.2173183615353009	0.19615232659087098
254.50564558918919	0.6335621653750204	0.215118361017803	0.19483571362255553
254.5126522027027	0.6289794323031516	0.21292263296778846	0.19349029066278053
254.5196588162162	0.6243639387735328	0.21073242957228097	0.192118334979488
254.52666542972972	0.6197156047340824	0.20854776766283264	0.19071965847454309
254.53367204324323	0.6150352222963977	0.20636911780541997	0.18929494308669165
254.54067865675677	0.6103224997351411	0.20419642659502596	0.1878439162976912
254.54768527027028	0.6055794706666526	0.20203086495166744	0.1863688054658872
254.5546918837838	0.6008058731738019	0.19987235663721292	0.18486923322964086
254.5616984972973	0.5960020139529226	0.1977211511189548	0.18334569128428937
254.5687051108108	0.5911686171957137	0.1955776722895013	0.1817989093544664
254.57571172432432	0.5863051571977415	0.1934417016031336	0.18022844461997656
254.58271833783783	0.5814140293050698	0.19131452939403915	0.17863697254872213
254.58972495135134	0.576494900203746	0.18919596793120108	0.17702415617991293
254.59673156486485	0.5715484555262963	0.18708636723202676	0.17539076074640392
254.60373817837836	0.5665756682383281	0.18498616188256786	0.1737377288136523
254.6107447918919	0.5615766509101934	0.18289534723539674	0.17206488623629485
254.61775140540541	0.5565527389050566	0.18081471991200984	0.17037485229316277
254.62475801891893	0.5515053473352768	0.17874475710200396	0.16866787599232752
254.63176463243244	0.5464349634564966	0.17668563555417255	0.16694471695652646
254.63877124594595	0.5413425388890544	0.17463772299192257	0.16520630011149304
254.64577785945946	0.5362287670942045	0.1726012694781005	0.16345343308225005
254.65278447297297	0.5310946570590764	0.17057665722520077	0.16168705946847015
254.65979108648648	0.5259411992104224	0.1685642382382937	0.15990809425624308
254.6667977	0.5207685929710281	0.1665638525701473	0.15811612649504408
254.6738043135135	0.5155786842747943	0.16457661433379062	0.1563146609932039
254.68081092702704	0.5103723002350994	0.16260253524952192	0.15450326023298785
254.68781754054055	0.5051498365569099	0.16064174297689127	0.15268251007423483
254.69482415405406	0.49991184264224453	0.15869436191992387	0.1508530070812526
254.70183076756757	0.4946590627045831	0.15676064755383928	0.14901540716005887
254.70883738108108	0.4893915699647395	0.15484060828843618	0.1471699777809513
254.7158439945946	0.4841099122574115	0.152934381234121	0.14531715182759067
254.7228506081081	0.47881421080888836	0.1510419606881913	0.1434571641702365
254.72985722162161	0.4735042470572956	0.14916326744422054	0.14158998193161298
254.73686383513513	0.46818068490211523	0.1472985153094658	0.1397160820498493
254.74387044864864	0.46284345894993756	0.14544760068177254	0.13783554757264826
254.75087706216217	0.4574926113139841	0.14361049986061455	0.13594822714474322
254.75788367567569	0.45212795242558296	0.14178719479121596	0.1340545656625134
254.7648902891892	0.44674951441623495	0.13997762897702062	0.13215429081619454
254.7718969027027	0.4413570995105789	0.13818175873033445	0.13024732400078437
254.77890351621622	0.43594982342704375	0.13639926406459046	0.128333095586717
254.78591012972973	0.43052703449746976	0.1346298948995808	0.12641089846662193
254.79291674324324	0.4250884448249005	0.13287373766487473	0.1244810787298789
254.79992335675675	0.41963302332865554	0.13113041600180284	0.1225425701330537
254.80692997027026	0.41415959692981896	0.12939958591036485	0.12059445057739412
254.81393658378377	0.4086669310954263	0.12768094833313606	0.11863581785606137
254.82094319729728	0.4031536130634723	0.12597405858548585	0.11666526165858912
254.82794981081082	0.3976182079401078	0.12427874102063236	0.11468243943018767
254.83495642432433	0.3920591912085534	0.12259451687034517	0.11268566011984951
254.84196303783784	0.38647474956151273	0.12092095360777995	0.11067359757193324
254.84896965135135	0.3808636315602041	0.1192578676009518	0.10864526447011053
254.85597626486486	0.37522366495585174	0.11760474109678566	0.10659898634877704
254.86298287837838	0.3695529212770374	0.11596112055117402	0.1045332442680525
254.8699894918919	0.36384919570945073	0.11432643665775859	0.10244606481544309
254.8769961054054	0.358111554578571	0.11270080772499742	0.10033748459743504
254.8840027189189	0.35233793980321765	0.11108367623860506	0.0982054337361119
254.89100933243242	0.34652733420248033	0.10947495180865545	0.09604909137649967
254.89801594594596	0.3406783397990751	0.10787444829016025	0.09386745669924203
254.90502255945947	0.3347897222469656	0.10628195607307027	0.09165950301292819
254.91202917297298	0.3288604834926272	0.10469736064134627	0.08942447612345326
254.9190357864865	0.3228897551771853	0.10312060215746512	0.08716175903447747
254.9260424	0.31687724559499675	0.10155179810983872	0.08487105936680607
254.9330490135135	0.31082180805635806	0.09999063335939891	0.08255092123944895
254.94005562702702	0.304724045876168	0.0984378094570663	0.08020324978185318
254.94706224054053	0.2985841683633626	0.09689335189696638	0.07782727421998714
254.95406885405404	0.2924022650653565	0.09535741318793271	0.07542310447378017
254.96107546756755	0.2861788646378081	0.09383026040336225	0.07299111841908758
254.9680820810811	0.27991461558795977	0.0923121833265472	0.07053178808126809
254.9750886945946	0.2736104763322817	0.09080353448869506	0.06804580078173023
254.98209530810811	0.2672676132364921	0.08930469123163297	0.06553397826766985
254.98910192162163	0.26088763671121923	0.08781623455124919	0.06299762800480331
254.99610853513514	0.25447188540966603	0.086338530847999	0.06043771006575798
255.00311514864865	0.24802212908492685	0.08487215839052144	0.05785573221977867
255.01012176216216	0.2415399840110738	0.08341745165841781	0.05525252279240115
255.01712837567567	0.23502744274463616	0.08197494246361368	0.05262951044939655
255.02413498918918	0.22848564476381783	0.08054498728012575	0.049988188876818745
255.0311416027027	0.22191730422599404	0.07912825336040617	0.04733012220630646
255.03814821621623	0.2153240338000937	0.07772504850430774	0.04465649563124125
255.04515482972974	0.20870796239792822	0.0763359044755798	0.04196894871640006
255.05216144324325	0.20207153890356755	0.0749613211900774	0.039268899153260386
255.05916805675676	0.19541599985037933	0.07360165938036785	0.036558030390356155
255.06617467027027	0.18874401881536962	0.0722574157423598	0.03383773215431425
255.07318128378378	0.18205757659675417	0.07092896743182378	0.031109467819796337
255.0801878972973	0.17535844754899427	0.0696166407465071	0.028374582355342796
255.0871945108108	0.16864885660512244	0.0683208513185178	0.02563455972840299
255.09420112432431	0.16193107672810342	0.0670420032980606	0.022890784678220307
255.10120773783783	0.15520621350812713	0.06578037877471984	0.020144843266848265
255.10821435135136	0.14847660062623974	0.06453628214888768	0.017397802486513878
255.11522096486487	0.14174392915580758	0.0633099929591553	0.014650937212877396
255.12222757837839	0.13500978992845428	0.062101695673887854	0.011905310851298673
255.1292341918919	0.128275934272936	0.06091160496057933	0.009162089188612256
255.1362408054054	0.12154384976154414	0.05973995366447438	0.006422336008125236
255.14324741891892	0.11481534407016872	0.05858685793358857	0.0036868766820746675
255.15025403243243	0.10809075827359006	0.05745244140635129	0.0009569160693344659
255.15726064594594	0.10137244137872613	0.056336956812660204	-0.001766577170027322
255.16426725945945	0.09466161082614995	0.05524046181999747	-0.00448277550452785
255.17127387297296	0.08795955403832253	0.05416306003883264	-0.007190844063962511
255.17828048648647	0.08126764010536146	0.053104898588795774	-0.00988981572018873
255.1852871	0.07458721656980268	0.052066055793017874	-0.012578880817077165
255.19229371351352	0.06791921710073905	0.051046570849635	-0.015257392105002442
255.19930032702703	0.06126508604174869	0.05004653489353762	-0.017924507235872435
255.20630694054054	0.05462581914289719	0.04906602789663634	-0.02057940141499144
255.21331355405405	0.04800398664907105	0.048105141489628266	-0.02322132260943051
255.22032016756756	0.041396882425223984	0.04716358889063974	-0.025850166147451274
255.22732678108108	0.03480807278626615	0.04624168088574209	-0.028464773548866496
255.2343333945946	0.028238210133935054	0.04533931376869507	-0.031064773942898243
255.2413400081081	0.021688442667702434	0.04445652038656526	-0.03364942695752283
255.2483466216216	0.015159218105662446	0.043593151507842744	-0.036218556122909175
255.25535323513515	0.00865086338187403	0.0427492207189814	-0.038771550206405325
255.26235984864866	0.0021661567704712344	0.04192482273296332	-0.04130748559061462
255.26936646216217	-0.004295457069559118	0.04111981951930075	-0.043826109869210816
255.27637307567568	-0.010733030943921936	0.040334183289437185	-0.046326914719701975
255.2833796891892	-0.017145289871136376	0.039567910823406445	-0.0488093115531257
255.2903863027027	-0.023532532158027003	0.038820831103678115	-0.05127317036856645
255.2973929162162	-0.029893461431835834	0.038092941878374316	-0.053717936846152566
255.30439952972972	-0.03622678130777178	0.037384337501987074	-0.05614286493145343
255.31140614324323	-0.04253268019323778	0.036694725883122045	-0.058547752788539735
255.31841275675674	-0.048810319084476105	0.03602418627706854	-0.060932248258383524
255.32541937027028	-0.05505882917010736	0.03537262875254564	-0.06329585890769379
255.3324259837838	-0.061277484191479374	0.03474002850769675	-0.06563807859916952
255.3394325972973	-0.06746519990077707	0.03412630042294648	-0.06795850930753558
255.34643921081081	-0.07362308268199204	0.0335311649736709	-0.07025747194632656
255.35344582432433	-0.07974911875391749	0.03295472482093307	-0.07253403636992012
255.36045243783784	-0.08584351920079032	0.032396804565095846	-0.07478823102527787
255.36745905135135	-0.09190525845814305	0.03185737342114033	-0.07701948563225512
255.37446566486486	-0.09793338957619636	0.03133634315403328	-0.07922746520176813
255.38147227837837	-0.10392951073633316	0.03083341642268208	-0.08141255611112332
255.38847889189188	-0.10989198403922101	0.030348647153758245	-0.08357418471683839
255.39548550540542	-0.11582056674195176	0.02988190810882292	-0.08571219649672333
255.40249211891893	-0.12171500310331791	0.029433075589507234	-0.0878264525106194
255.40949873243244	-0.12757533971410823	0.029002014626512335	-0.08991690344083363
255.41650534594595	-0.13340121412061032	0.02858860491710421	-0.09198343800484059
255.42351195945946	-0.1391926505937801	0.028192699398136272	-0.09402605365200371
255.43051857297297	-0.1449479012257038	0.027814289178351038	-0.09604419457896657
255.43752518648648	-0.15067113930852322	0.02745283263333265	-0.09803928028265158
255.4445318	-0.1563600140898887	0.02710851666961232	-0.10001065001063315
255.4515384135135	-0.16201490787276215	0.026781123115261634	-0.10195855760093006
255.45854502702701	-0.16763602003362457	0.02647048895730841	-0.10388320231041194
255.46555164054055	-0.1732240561700936	0.026176413996362034	-0.1057850337345661
255.47255825405406	-0.17877930191783686	0.025898717634749376	-0.10766440820627
255.47956486756757	-0.18430221269957098	0.02563723540098207	-0.10952167678264373
255.48657148108109	-0.1897939469438825	0.025391751581371108	-0.11135758095780303
255.4935780945946	-0.19525489824535255	0.025162125421761487	-0.11317247070093502
255.5005847081081	-0.20068714651100125	0.0249479757393985	-0.11496768866738685
255.50759132162162	-0.20608934024152697	0.024749366474028773	-0.11674317069834349
255.51459793513513	-0.2114645182214867	0.024565848732825454	-0.11850041734449475
255.52160454864864	-0.21681345826274895	0.024397285765014834	-0.12024020492616895
255.52861116216215	-0.22213738764713004	0.0242434694160214	-0.12196348768358549
255.53561777567566	-0.22743783437826226	0.024104147554289697	-0.12367148798830406
255.5426243891892	-0.2327151852062836	0.023979145096692245	-0.1253649373502974
255.5496310027027	-0.23797266963920663	0.02386814106646756	-0.1270457072199864
255.55663761621622	-0.2432109318755743	0.023770998618149432	-0.1287147587971194
255.56364422972973	-0.2484314842963154	0.023687501423064247	-0.13037334751062704
255.57065084324324	-0.25363590239525907	0.023617456776731393	-0.13202273083514163
255.57765745675675	-0.2588247851518216	0.02356069440103465	-0.1336638199219862
255.58466407027026	-0.26400152005056876	0.02351691740068461	-0.13529874494521507
255.59167068378378	-0.26916625995500315	0.02348605461530722	-0.1369282314278759
255.5986772972973	-0.2743200622483911	0.023467967824076147	-0.13855327760425937
255.6056839108108	-0.2794636154626553	0.02346253826844373	-0.14017472480698423
255.61269052432434	-0.28459719985413817	0.023469647828864505	-0.141793305385573
255.61969713783785	-0.28971911968235103	0.02348929650773546	-0.143408706008553
255.62670375135136	-0.2948320257186339	0.02352129305154342	-0.14502230978578662
255.63371036486487	-0.2999323383050934	0.023565846464434943	-0.14663288836219696
255.64071697837838	-0.30501821687767167	0.023622959966242203	-0.14823970483401003
255.6477235918919	-0.31008591275577546	0.023692812598889963	-0.14984089874957085
255.6547302054054	-0.31513136409600123	0.023775559343153115	-0.1514344129453377
255.6617368189189	-0.32014819171204356	0.023871492970072978	-0.15301676373640916
255.66874343243242	-0.3251294445730536	0.023980900760482843	-0.15458411584869075
255.67575004594593	-0.3300657740886361	0.024104191528938574	-0.15613123084245573
255.68275665945947	-0.3349468807309026	0.024241761701003832	-0.15765225490021753
255.68976327297298	-0.33975580852640713	0.0243942157540158	-0.15913790502757724
255.6967698864865	-0.3444848072275317	0.024561937760830183	-0.16058309611747115
255.7037765	-0.34911266762326687	0.024745738775792062	-0.161976274319517
255.71078311351351	-0.3536190661067884	0.02494629887563403	-0.16330598626500403
255.71778972702703	-0.35798090658040876	0.02516436507024311	-0.16455927416258556
255.72479634054054	-0.36217154522901024	0.025400747929149686	-0.16572128983009546
255.73180295405405	-0.366160856391834	0.025656330563626668	-0.1667752776688277
255.73880956756756	-0.3699142225220426	0.025932057834265505	-0.16770217745288937
255.74581618108107	-0.3733921465236813	0.02622894718980771	-0.16848034753052096
255.7528227945946	-0.376551510092966	0.026548054674677066	-0.16908607193126032
255.75982940810812	-0.379336699117838	0.026890698377401424	-0.16948960658657922
255.76683602162163	-0.3816899508228162	0.027257940236409706	-0.16965946684019237
255.77384263513514	-0.3835456345678372	0.02765111008677883	-0.16956016921195216
255.78084924864865	-0.384825403716785	0.028071646005683452	-0.1691496099996069
255.78785586216216	-0.38544036570051027	0.02852100544380613	-0.1683800588617841
255.79486247567567	-0.385288897889263	0.029000711707537475	-0.16719693206128147
255.80186908918918	-0.3842549933691648	0.029512285965588584	-0.1655379801550797
255.8088757027027	-0.38220670132490847	0.03005724321773838	-0.16333239028780572
255.8158823162162	-0.3789945839355223	0.030637000894854258	-0.16050002863873344
255.82288892972974	-0.374450269413809	0.03125281884910718	-0.1569506495541631
255.82989554324325	-0.3683853369573159	0.03190569035895517	-0.15258332467470176
255.83690215675676	-0.36059049138223326	0.03259623767861158	-0.14728598160505668
255.84390877027027	-0.3508358773854556	0.03332457585023407	-0.1409357356860131
255.85091538378379	-0.33887235350036954	0.03409018046478251	-0.13339964024065415
255.8579219972973	-0.3244343392623403	0.03489170340922893	-0.12453646577838084
255.8649286108108	-0.3072447945387898	0.035726759800609575	-0.11419981967169177
255.87193522432432	-0.2870230553336175	0.03659177124898902	-0.10224169453395694
255.87894183783783	-0.263494082363126	0.03748194611422565	-0.08851946545850436
255.88594845135134	-0.2364033180284052	0.03839078486294294	-0.0729029447274054
255.89295506486488	-0.20553485762652923	0.039310040905086725	-0.05528503492791954
255.8999616783784	-0.17073330992862262	0.04022970732148383	-0.03559381972449499
255.9069682918919	-0.13193077739426834	0.041137990325034804	-0.013807643234957586
255.9139749054054	-0.08917664382962699	0.04202147936505531	0.010028594572749062
255.92098151891892	-0.04267157867644413	0.042865425747545184	0.03578476540393863
255.92798813243243	0.007204147122603749	0.04365433111295962	0.06323026341933628
255.93499474594594	0.059861477219480604	0.04437264249297103	0.09201844026019623
255.94200135945945	0.11448645533535985	0.04500568369152537	0.12167848496922834
255.94900797297296	0.1700346293281549	0.04554071793806653	0.15161369465500768
255.95601458648648	0.22525417621984398	0.04596805803595973	0.1811154370806495
255.9630212	0.27872348519187207	0.04628206719425507	0.20938574865126802
255.97002781351352	0.32892224340017845	0.04648189577472852	0.2355782887304718
255.97703442702704	0.37432119109872436	0.04657172930102801	0.258849587682922
255.98404104054055	0.41348839402182286	0.046560665855759846	0.2784191883005448
255.99104765405406	0.4452033436980083	0.046462032066074015	0.2936334436662412
255.99805426756757	0.468557592926804	0.04629220863137075	0.3040212102603846
256.0050608810811	0.48303677546958934	0.046069150006345115	0.3093389878387453
256.0120674945946	0.48855062899024415	0.04581074156142443	0.30958505194239055
256.0190741081081	0.4854420196430219	0.04553355781455215	0.3050019011407372
256.0260807216216	0.4744364500793341	0.04525164694666686	0.29604539650927864
256.0330873351351	0.4565670234821576	0.04497598281505654	0.28334034313159434
256.04009394864863	0.43307418371228396	0.044714200240265414	0.26762175723474385
256.04710056216214	0.405301128353346	0.04447086484992675	0.24967498448618447
256.05410717567565	0.3745888198027147	0.044247885583958056	0.23027525948547029
256.06111378918916	0.3421979415177565	0.04404519303747964	0.21014423033423277
256.0681204027027	0.30924558377710054	0.043861247320207485	0.18991476435060264
256.07512701621624	0.2766716989745064	0.043693705757301	0.1701132520575536
256.08213362972975	0.24521757407520625	0.04353985998558276	0.15114787573065122
256.08914024324326	0.21543289414010042	0.04339703139118328	0.13331430629081173
256.0961468567568	0.18768942092810886	0.04326275664256012	0.1168048723639362
256.1031534702703	0.16220818992206565	0.04313490560280068	0.10172534099302825
256.1101600837838	0.13908523808900197	0.043011754093857886	0.08811050958161339
256.1171666972973	0.11831863294948479	0.042891942550315844	0.07594032836974837
256.1241733108108	0.09983771927660758	0.04277447503385478	0.06515740208753984
256.13117992432433	0.0835149099958961	0.04265859220545956	0.055672622042347714
256.13818653783784	0.0691986937138448	0.042543833781012085	0.04738614859011847
256.14519315135135	0.05671569787358891	0.042429936601772446	0.04018715351730165
256.15219976486486	0.04588733420650088	0.04231675139506737	0.033963584394984495
256.15920637837837	0.0365371781081408	0.04220423753179151	0.028606407084847737
256.1662129918919	0.02849612166310348	0.042092421027011474	0.02401236570575062
256.1732196054054	0.021606589234427827	0.04198137745773408	0.02008615517397943
256.1802262189189	0.01572397766192806	0.04187120470054114	0.01674115385556567
256.1872328324324	0.010717486929393696	0.041762024067218684	0.013899548671724604
256.1942394459459	0.006470219842712961	0.04165395654126152	0.011492325051669538
256.20124605945944	0.002879170298255816	0.04154710804241805	0.009459112136485068
256.20825267297295	-0.0001468616295307035	0.041441575473655956	0.007746699232132092
256.2152592864865	-0.00268752546902606	0.04133744176203976	0.006308908995517033
256.2222659	-0.004811954156626187	0.041234778772314164	0.005105849868588053
256.22927251351354	-0.0065804307765844235	0.04113364849402918	0.004102873843193764
256.23627912702705	-0.008044785358156406	0.04103408866461748	0.0032703406447132225
256.24328574054056	-0.009249596375973857	0.040936123470744656	0.0025828667046098007
256.25029235405407	-0.010233728471092912	0.040839745049180726	0.0020182713759651963
256.2572989675676	-0.011030226007019906	0.04074500059812622	0.0015579852352861055
256.2643055810811	-0.01166701988004153	0.04065184653318667	0.0011861858550321774
256.2713121945946	-0.012168878222236414	0.04056026931685313	0.0008888771576828991
256.2783188081081	-0.012556374470614341	0.040470249445871145	0.0006545267031686152
256.2853254216216	-0.012847340004745068	0.04038175135136899	0.00047312885073239833
256.29233203513513	-0.013056889868096671	0.04029474668883788	0.0003362391509403002
256.29933864864864	-0.013197850833915156	0.04020919724844173	0.00023671916202978941
256.30634526216215	-0.013281159856067072	0.0401250681943285	0.00016848928444781642
256.31335187567566	-0.0133160976810057	0.04004231953829133	0.00012642273760839402
256.3203584891892	-0.013310451272409438	0.03996091523489988	0.00010624649666875209
256.3273651027027	-0.013270799218472146	0.03988081632264845	0.00010435470267995704
256.3343717162162	-0.013202726370594454	0.03980199529764647	0.00011772928513074406
256.3413783297297	-0.013110773969630032	0.03972441894624061	0.00014394507523105037
256.3483849432432	-0.012998872378455102	0.03964805823261709	0.0001809112188881396
256.35539155675673	-0.012870206758357216	0.039572887772913914	0.00022697299575532721
256.3623981702703	-0.012727321036727895	0.039498870894153645	0.00028082697564122446
256.3694047837838	-0.012572507467837658	0.03942598622345677	0.00034130864397290584
256.3764113972973	-0.012407500422010418	0.039354209038437185	0.00040757261544646254
256.38341801081083	-0.012233646141982916	0.03928352090993141	0.000479000168750963
256.39042462432434	-0.012052292017862292	0.03921390628719997	0.0005549412638845312
256.39743123783785	-0.01186431232684901	0.03914534475571604	0.000635015659229929
256.40443785135136	-0.011670458923273713	0.03907781870551461	0.0007189141196590607
256.41144446486487	-0.011471374212230634	0.0390113128776697	0.0008063571183457846
256.4184510783784	-0.01126762547957835	0.038945815846120495	0.0008971170923222108
256.4254576918919	-0.011059609505710095	0.03888131712859599	0.0009910427953021305
256.4324643054054	-0.010847772156849025	0.03881780630707865	0.0010879322188290387
256.4394709189189	-0.010632502390251581	0.038755269269056	0.0011876118529202061
256.4464775324324	-0.010414063708705134	0.038693699012861495	0.0012899758523447387
256.45348414594594	-0.010192892754062778	0.03863308268370345	0.00139477838492194
256.46049075945945	-0.009969308214965797	0.03857341776342112	0.0015018502642319702
256.46749737297296	-0.009743686531216718	0.0385146965478685	0.0016109681233791354
256.47450398648647	-0.009516482790290855	0.038456915309447406	0.0017218484859123407
256.4815106	-0.00928801127608326	0.03840006842477997	0.0018342879149653203
256.4885172135135	-0.00905880270255765	0.038344151492098334	0.0019479286125029807
256.495523827027	-0.008829218829355659	0.03828915305078341	0.002062517743807904
256.50253044054057	-0.008599762648356678	0.03823507036705044	0.0021777075221427683
256.5095370540541	-0.008371107901165811	0.038181911308664294	0.0022930344204864467
256.5165436675676	-0.008143651196795115	0.03812966745147185	0.0024081652005388207
256.5235502810811	-0.007918044959727475	0.03807833649971187	0.0025226517739609703
256.5305568945946	-0.007694816243770668	0.03802791446720166	0.0026360974475346218
256.5375635081081	-0.007474623409865237	0.03797838166470593	0.0027480119703380446
256.54457012162163	-0.007258042062017861	0.03792974255944424	0.0028579651901450816
256.55157673513514	-0.007045723641609626	0.03788199295046872	0.002965479093752179
256.55858334864865	-0.006838477505761002	0.037835137917397295	0.0030699522223007142
256.56558996216216	-0.006636827640872222	0.03778916586934495	0.0031709574446913244
256.5725965756757	-0.006441487376197673	0.03774407387867228	0.003267975204872375
256.5796031891892	-0.006253182412481748	0.03769985510877848	0.003360458735647372
256.5866098027027	-0.006072573651185549	0.03765649977329275	0.003447903919675286
256.5936164162162	-0.005900424197649462	0.037614004491346865	0.0035297373374143935
256.6006230297297	-0.0057374379816740855	0.03757235983681336	0.00360542474388239
256.60762964324323	-0.005584295607914314	0.03753156042187476	0.003674443584627173
256.61463625675674	-0.005441745029583062	0.0374915971686476	0.0037362316699367493
256.62164287027025	-0.0053104160094882245	0.03745246428846198	0.0037903025936332794
256.62864948378376	-0.005191066866504547	0.037414152126878285	0.0038360877392705807
256.63565609729727	-0.005084342352744074	0.03737665185263483	0.0038730866825362306
256.6426627108108	-0.004990940513961936	0.03733995333141386	0.003900772287863363
256.64966932432435	-0.004911501782277103	0.03730404776043035	0.00391865033444649
256.65667593783786	-0.004846687833645396	0.03726892275402609	0.003926217363934385
256.66368255135137	-0.004797125667382207	0.037234568248588056	0.0039229944206511675
256.6706891648649	-0.00476340406177985	0.037200970692765005	0.003908527041989104
256.6776957783784	-0.004746091225683027	0.03716811856237616	0.003882381107995686
256.6847023918919	-0.00474571382526559	0.037135998169271024	0.003844151031164284
256.6917090054054	-0.004762775841815949	0.03710459566608229	0.0037934520975717364
256.6987156189189	-0.004797681145656901	0.037073896723764294	0.0037299659064175296
256.70572223243244	-0.004850818095904092	0.03704388527603507	0.0036533951163182877
256.71272884594595	-0.004922453280720571	0.03701454505358129	0.0035635230039000494
256.71973545945946	-0.005012833201641275	0.03698585931889353	0.003460158403438059
256.72674207297297	-0.005122067121633464	0.03695781068205559	0.0033432046737163616
256.7337486864865	-0.005250199742923059	0.03693037941265548	0.003212620400834744
256.7407553	-0.005397125311095945	0.036903547293119295	0.003068470901524604
256.7477619135135	-0.005562699964695079	0.03687729357091762	0.002910856972468201
256.754768527027	-0.005746412590456197	0.036851582833633434	0.0027401627592401542
256.7617751405405	-0.005948189038659716	0.0368264209889505	0.002556407451654022
256.76878175405403	-0.0061672398892212545	0.03680177177694711	0.002360174577192093
256.77578836756754	-0.006402922078590927	0.0367776127268925	0.002151941676418435
256.78279498108105	-0.006654362188517712	0.036753920121236745	0.0019323424753577452
256.7898015945946	-0.006920714524732148	0.036730673139832755	0.0017020155265084832
256.79680820810813	-0.007200796701060429	0.036707836178437515	0.0014617948777413366
256.80381482162164	-0.007493549138225935	0.03668539173225149	0.0012124846663251355
256.81082143513515	-0.007797691927425664	0.036663313788561976	0.0009550209907322276
256.81782804864866	-0.008111937263770352	0.03664157745651986	0.0006903544445837906
256.8248346621622	-0.008434881458221414	0.036620158265798945	0.0004195150353699322
256.8318412756757	-0.008765087763211247	0.03659903124933313	0.00014355480256425228
256.8388478891892	-0.00910107933444152	0.03657817359706128	-0.00013644145245402195
256.8458545027027	-0.009441389851465287	0.03655756215945225	-0.00041939896269208363
256.8528611162162	-0.009784524693070186	0.036537174853739085	-0.0007042259128334006
256.85986772972973	-0.01012902682320759	0.03651699113305142	-0.0009898573153353418
256.86687434324324	-0.010473450146104403	0.036496991477677806	-0.0012752351434105194
256.87388095675675	-0.010816401390338948	0.03647715836579665	-0.0015593450523136545
256.88088757027026	-0.01115653337774843	0.03645747486773635	-0.0018412064234847587
256.88789418378377	-0.011492540367362225	0.03643792646005011	-0.002119872780721365
256.8949007972973	-0.01182322975234803	0.03641849940408689	-0.002394477255677397
256.9019074108108	-0.012147430301317354	0.03639918319651523	-0.0026641727801687562
256.9089140243243	-0.01246409841155955	0.03637996751628416	-0.0029282059750800706
256.9159206378378	-0.012772235984918357	0.03636084437903091	-0.0031858601461710358
256.9229272513513	-0.013070977761215205	0.03634180758040591	-0.0034365129510846902
256.9299338648649	-0.013359509164053917	0.03632285282140949	-0.0036795807676269603
256.9369404783784	-0.013637146680404316	0.03630397730828076	-0.0039145772624993285
256.9439470918919	-0.013903274477924407	0.03628517936437887	-0.004141065852904211
256.9509537054054	-0.014157384509879068	0.036266458778964596	-0.004358687335460913
256.95796031891894	-0.014399065202067934	0.03624781670244907	-0.004567153392887358
256.96496693243245	-0.014627985650508143	0.036229256482279176	-0.0047662334051120185
256.97197354594596	-0.014843935371237967	0.036210782307176635	-0.004955782857212022
256.97898015945947	-0.015046751952548279	0.03619239888059901	-0.005135697472944061
256.985986772973	-0.015236385511388787	0.03617411129745947	-0.0053059513244741886
256.9929933864865	-0.01541286165038348	0.03615592735737108	-0.005466572198084447
257.0	-0.015576257047	0.036137854259	-0.0056176250891
