t	CL	CD	CM
1.2e-6	2.4994857848999996	7874.464667599998	1.4253738996999996
0.007008205805805806	-2.2272753730825325e-6	0.2554324463004206	-9.650287913151556e-7
0.014015211611611612	-1.903492203190674e-6	0.18601125291115458	-7.975891502430983e-7
0.021022217417417416	-1.802166268085134e-6	0.15323618655286217	-7.580171471833151e-7
0.028029223223223224	-1.652344550825907e-6	0.13320784695684118	-6.636066094177645e-7
0.03503622902902903	-1.6140018870543472e-6	0.11938712182250258	-6.464726735944953e-7
0.04204323483483483	-1.5762919016336505e-6	0.10913315098579841	-6.265011333743398e-7
0.04905024064064064	-1.4876275721947536e-6	0.10114694486984346	-5.634746794624216e-7
0.05605724644644645	-1.4961027497807474e-6	0.09466478234212077	-5.723144714193873e-7
0.06306425225225225	-1.4763576832930097e-6	0.0892184088873989	-5.583065886297569e-7
0.07007125805805806	-1.4540745974837738e-6	0.08456889108255312	-5.427942232656765e-7
0.07707826386386386	-1.4331697340042174e-6	0.08055255015141093	-5.264275757771167e-7
0.08408526966966967	-1.4247045070154722e-6	0.07704151605743462	-5.181505994669517e-7
0.09109227547547548	-1.4088286560469402e-6	0.07394474741392408	-5.061322842805774e-7
0.09809928128128129	-1.3966200621659279e-6	0.07119181128703804	-4.959105674667713e-7
0.10510628708708708	-1.3837761118359369e-6	0.06872606547615259	-4.853202929222226e-7
0.11211329289289289	-1.3695789346344605e-6	0.06650177045720482	-4.7388501936398695e-7
0.1191202986986987	-1.3552870472955252e-6	0.06448374540852443	-4.635731955759207e-7
0.12612730450450452	-1.3408366831999677e-6	0.0626424919599494	-4.542780002472151e-7
0.1331343103103103	-1.3440117044450483e-6	0.06095659278112347	-4.5687358556722786e-7
0.1401413161161161	-1.3331425825806342e-6	0.05940566397829121	-4.4956342973104026e-7
0.14714832192192193	-1.3165808222838023e-6	0.05797261497040905	-4.3733289568502903e-7
0.15415532772772772	-1.3077814390354463e-6	0.05664610569928664	-4.3228702777539003e-7
0.16116233353353354	-1.28437040780977e-6	0.055413045982666984	-4.153802375833051e-7
0.16816933933933934	-1.281730249551536e-6	0.05426439201972436	-4.1534461779017923e-7
0.17517634514514516	-1.2561836810754852e-6	0.05319083377733656	-3.9658455935137276e-7
0.18218335095095095	-1.2561955147844522e-6	0.05218441322995776	-3.96969195569984e-7
0.18919035675675674	-1.2444574236631634e-6	0.051238000647004296	-3.9191747498088853e-7
0.19619736256256257	-1.2272278635204112e-6	0.050346718352041415	-3.814903465706161e-7
0.20320436836836836	-1.2051465653523167e-6	0.04950746206249494	-3.674123996479865e-7
0.21021137417417418	-1.182827586249413e-6	0.048713774845057047	-3.5469583840355223e-7
0.21721837997997998	-1.1551571451118793e-6	0.04796338931651976	-3.3779369221691853e-7
0.2242253857857858	-1.1295441435234573e-6	0.0472519094969009	-3.23957586904647e-7
0.2312323915915916	-1.0696098722806528e-6	0.04657607386839576	-2.844325329948951e-7
0.23823939739739738	-1.018713555008144e-6	0.04593350078560613	-2.539172566036612e-7
0.2452464032032032	-9.677453336483327e-7	0.04532163136364629	-2.2388290736458508e-7
0.252253409009009	-9.044369697544462e-7	0.044738319773551166	-1.878114922216295e-7
0.2592604148148148	-8.357289135735397e-7	0.04418251381389406	-1.481462077979605e-7
0.26626742062062064	-7.549140781487584e-7	0.043651334176733544	-1.0252534382310526e-7
0.2732744264264264	-6.645501100031734e-7	0.04314281839954871	-5.145705363540479e-8
0.28028143223223223	-5.577926483187544e-7	0.042654659416275956	7.649723800127803e-9
0.28728843803803805	-4.413901862695007e-7	0.04218788453733644	7.02871921978282e-8
0.2942954438438438	-3.125677319347803e-7	0.041739812422556935	1.3799061072359645e-7
0.30130244964964964	-1.4878079443342296e-7	0.04130938971920496	2.257042974951384e-7
0.30830945545545546	4.251154270476589e-8	0.0408950144602302	3.2900541009792763e-7
0.3153164612612613	2.66032367349423e-7	0.04049613903753489	4.4926429982358603e-7
0.32232346706706705	5.267025126493532e-7	0.04011425070455742	5.89810789651659e-7
0.32933047287287287	8.309953064285439e-7	0.03974389595085823	7.535983892351139e-7
0.3363374786786787	1.18714094949637e-6	0.039384642890933234	9.450257688141885e-7
0.34334448448448446	1.6018129964405086e-6	0.0390361693262344	1.1674609508536045e-6
0.3503514902902903	2.0852602834095326e-6	0.03869813632884967	1.4269969330598819e-6
0.3573584960960961	2.6480678058802863e-6	0.03837019757970759	1.7286272541276284e-6
0.3643655019019019	3.3025660508176814e-6	0.03805200514380568	2.07881256992558e-6
0.3713725077077077	4.065204735165885e-6	0.03774326086495068	2.4866642227096098e-6
0.3783795135135135	4.953845824179287e-6	0.037443527352443655	2.9614141335616367e-6
0.38538651931931933	5.989389231333836e-6	0.03715252809340634	3.51435666615042e-6
0.3923935251251251	7.1967198904844054e-6	0.03686993795102485	4.158091698460843e-6
0.3994005309309309	8.6042164648326e-6	0.03659544577416692	4.9087508903888684e-6
0.40640753673673674	1.0246522296760977e-5	0.0363287509438933	5.783195898661749e-6
0.41341454254254256	1.2162361895814131e-5	0.03606956429888441	6.803500337694767e-6
0.42042154834834833	1.4396396042813047e-5	0.0358176074845434	7.992625190128136e-6
0.42742855415415415	1.7001363888782563e-5	0.03557264949521667	9.378683869696392e-6
0.43443555995995997	2.0039799212959707e-5	0.0353343627592208	1.0994899053707135e-5
0.4414425657657658	2.3583946387902874e-5	0.03510253862375984	1.2879847413193416e-5
0.44844957157157156	2.771771399110382e-5	0.03487694202106635	1.5078115612606848e-5
0.4554565773773774	3.253921439406254e-5	0.034657348183405046	1.7642104457446685e-5
0.4624635831831832	3.8162770285808836e-5	0.03444354186182165	2.0632046780378208e-5
0.46947058898898897	4.4723008767736495e-5	0.034235316929063904	2.4119775504020268e-5
0.4764775947947948	5.23735142573814e-5	0.03403250583517596	2.818697581758115e-5
0.4834846006006006	6.129886869961403e-5	0.033834860598964324	3.293165122625244e-5
0.49049160640640643	7.170965197058528e-5	0.03364223125296252	3.846562320859965e-5
0.4974986122122122	8.38533010863019e-5	0.03345443785420264	4.4920278971477284e-5
0.504505618018018	9.802260194231524e-5	0.033271336084150796	5.245116166400763e-5
0.5115126238238238	0.00011454367063681118	0.03309325119739012	6.12313057736944e-5
0.5185196296296296	0.00013381472359580852	0.03291946518914268	7.147219821070056e-5
0.5255266354354354	0.00015629541781485366	0.03274983841144165	8.341777327301274e-5
0.5325336412412413	0.00018251544794208908	0.03258425507627176	9.734932687778075e-5
0.5395406470470471	0.00021309646910104771	0.03242259298917801	0.00011359683155091729
0.5465476528528529	0.000248764704143921	0.03226472219766312	0.00013254577325588947
0.5535546586586586	0.0002903674715254358	0.03211051714101611	0.00015464588600084907
0.5605616644644644	0.0003388949748531625	0.0319598584084472	0.0001804227734620135
0.5675686702702702	0.0003954966470408202	0.03181264411828146	0.00021048647649581063
0.5745756760760761	0.00046151176885600144	0.03166878076387834	0.0002455478607761974
0.5815826818818819	0.0005385039283499472	0.03152815883198405	0.0002864367311574796
0.5885896876876877	0.0006283067834953962	0.03139066651695949	0.00033412649845116166
0.5955966934934935	0.0007330179848741866	0.03125622787251457	0.0003897384437120048
0.6026036992992992	0.0008551718370719687	0.031124751974859702	0.0004546010426190148
0.6096107051051051	0.000997638601103336	0.030996143588830224	0.0005302455730889726
0.6166177109109109	0.0011638140723821107	0.03087031071675686	0.0006184731784197419
0.6236247167167167	0.0013576265816522793	0.0307471828743316	0.0007213686236535689
0.6306317225225225	0.0015836377433486551	0.030626688889510756	0.0008413520116982068
0.6376387283283284	0.0018472049937381413	0.03050874938209	0.0009812653159374934
0.6446457341341342	0.0021545809577390948	0.03039328700101571	0.0011444255169294312
0.6516527399399399	0.0025130530858037473	0.030280227692846308	0.0013346981912504446
0.6586597457457457	0.0029310506314958796	0.030169511738201205	0.0015565675260064652
0.6656667515515515	0.0034184793471571397	0.03006107982971643	0.0018152577635649038
0.6726737573573573	0.003986801710163877	0.02995487072381478	0.0021168676703153953
0.6796807631631632	0.004649444587380457	0.029850814449427603	0.002468526763517387
0.686687768968969	0.0054220370540471775	0.02974885633102436	0.002878513752277888
0.6936947747747748	0.0063226650831334575	0.029648956294034388	0.003356407143173449
0.7007017805805806	0.007372436583282202	0.02955106427041455	0.003913403556585478
0.7077087863863863	0.008596051907760655	0.029455114540760215	0.004562573317726385
0.7147157921921922	0.010022013963795855	0.02936106843580446	0.005319059429386322
0.721722797997998	0.011683698026428586	0.02926888352973368	0.006200522596832199
0.7287298038038038	0.013619455931502912	0.02917857189148144	0.007227305317772539
0.7357368096096096	0.01587394515338138	0.029090043102741242	0.008423061791656252
0.7427438154154155	0.018499268018121733	0.02900329121021823	0.009815385662217619
0.7497508212212213	0.021555771932290434	0.028918310930882242	0.011436229303051316
0.756757827027027	0.025112713204040623	0.028835098189572462	0.013322254725119416
0.7637648328328328	0.029250290560555545	0.028753680219943678	0.015515908563710828
0.7707718386386386	0.03406165725800468	0.02867407815069144	0.018066473434739348
0.7777788444444445	0.03965375643774334	0.028596356080954156	0.021030501756943366
0.7847858502502503	0.04614873762036286	0.028520621954822106	0.024472556358743226
0.7917928560560561	0.05368683793222649	0.028447026040155046	0.028466719016252463
0.7987998618618619	0.062428764843891434	0.028375778479145384	0.03309782927204039
0.8058068676676676	0.07255755193597938	0.028307175359188263	0.03846243633776108
0.8128138734734734	0.08427930781027228	0.028241601162995376	0.04466908601230638
0.8198208792792793	0.09782344463002647	0.028179512446486484	0.05183858602274965
0.8268278850850851	0.11346001553676119	0.028121493020446867	0.06011288334647619
0.8338348908908909	0.13147524218309814	0.028068945013160002	0.06964223789600955
0.8408418966966967	0.15218707314209526	0.028023219110940068	0.08059311729535411
0.8478489025025026	0.17594517610001628	0.02798612160987124	0.09314817286950279
0.8548559083083083	0.20312071308051272	0.02796003287799346	0.10750059373977802
0.8618629141141141	0.23410898326377763	0.027948049488219807	0.12385520439767668
0.8688699199199199	0.26928881447161884	0.02795403924276072	0.14240658181695473
0.8758769257257257	0.30912104552227737	0.027982919810573305	0.16339139707614517
0.8828839315315316	0.35395741421648924	0.028041759961255484	0.18698619096312097
0.8898909373373374	0.40415955992936986	0.028138832690356712	0.2133702427283128
0.8968979431431432	0.4599182116612023	0.02828418412078882	0.24262767381310066
0.9039049489489489	0.5215684907124074	0.028489860766474237	0.2749178142632093
0.9109119547547547	0.5890393199441024	0.028771414781895585	0.3101784139655483
0.9179189605605605	0.6622472587777055	0.0291471166333655	0.34834271959433916
0.9249259663663664	0.7403957728186948	0.029634106925677157	0.3889243014132333
0.9319329721721722	0.8232807948054222	0.03025690039974286	0.431805498212313
0.938939977977978	0.9098844728740246	0.031038033076131816	0.4764270974307339
0.9459469837837838	0.998484951333096	0.031992690292498155	0.5217990480547174
0.9529539895895895	1.087487498494924	0.03314634134423573	0.5671014066211132
0.9599609953953954	1.1750098081841323	0.034501915889858285	0.6112466339610075
0.9669680012012012	1.2599052339966461	0.03607278388050693	0.6536422035252926
0.973975007007007	1.339534660882148	0.03785207239580198	0.6928412672727088
0.9809820128128128	1.4121348291650997	0.0398312103792731	0.727918290972675
0.9879890186186187	1.4759907106451073	0.0419877370711078	0.7580113414928438
0.9949960244244245	1.5296932130444696	0.04428320223513284	0.7823864009144451
1.0020030302302303	1.5721756488831207	0.04667005175683082	0.8005426758128171
1.0090100360360361	1.6028079970633204	0.04910532265500587	0.8122083362747884
1.016017041841842	1.6218086685781365	0.051531906854017	0.817532043947631
1.0230240476476475	1.6297499840869556	0.05389422547789227	0.8168904705961977
1.0300310534534534	1.6277346034398037	0.056154275406489915	0.8109227534395507
1.0370380592592592	1.6171843037860358	0.058281278119938586	0.8004405942184266
1.044045065065065	1.5997387443995172	0.06025368804950012	0.7863721325988163
1.0510520708708708	1.5770554312250658	0.062068320294281505	0.7696287291232006
1.0580590766766766	1.550758921576906	0.0637288729151392	0.7511001513174412
1.0650660824824825	1.522319520674988	0.06524793332324179	0.7315770047571328
1.0720730882882883	1.4929050674853293	0.06665022633787451	0.7116635150737727
1.0790800940940941	1.463529128033378	0.06795742302916385	0.6918887560121367
1.0860870998999	1.434992637726064	0.06919389703894221	0.6726672302854462
1.0930941057057058	1.4078963934991324	0.07038359790102564	0.6543049155365869
1.1001011115115116	1.3826920754431722	0.0715467445319924	0.6370430075191493
1.1071081173173174	1.3596781984812454	0.072711053361691	0.6210393576738406
1.1141151231231232	1.3391430540977645	0.0738951625634172	0.6064657101082404
1.1211221289289288	1.3211476578590216	0.0751169200655234	0.5933576130982847
1.1281291347347346	1.305746003545193	0.07638976758032741	0.5817540189720709
1.1351361405405405	1.2928684595585969	0.07772605834896264	0.5716195614013198
1.1421431463463463	1.2824305917993593	0.07913690228849185	0.5629091642601752
1.149150152152152	1.27428745466012	0.0806285270219808	0.5555471784734958
1.156157157957958	1.268266897783636	0.08220360996020865	0.5494333101844352
1.1631641637637637	1.2641388723447746	0.0838668722059215	0.5444262339752832
1.1701711695695696	1.2616926331814655	0.08561518368600401	0.5404031930425414
1.1771781753753754	1.2607491139626668	0.08744899385982616	0.537254504676385
1.1841851811811812	1.2610907905248787	0.08936017624841304	0.5348556767596206
1.191192186986987	1.2625761710279215	0.09134912354886458	0.5331169247163706
1.1981991927927929	1.2650233436433223	0.0934100766928513	0.5319296017444145
1.2052061985985987	1.2683207474164746	0.09554109242868872	0.5312303170634214
1.2122132044044045	1.2723283062454995	0.09773301167244465	0.5309399877109159
1.2192202102102103	1.2769625023740665	0.09998844176464709	0.5310036906021998
1.226227216016016	1.2821309013540079	0.10230079252475863	0.5313733451657615
1.2332342218218217	1.2877634807558784	0.10466896919483225	0.532005791352474
1.2402412276276276	1.2937999316923399	0.10708778757580073	0.5328711357157818
1.2472482334334334	1.3001928441065387	0.10955884675666218	0.5339400170757994
1.2542552392392392	1.3069007701573632	0.1120782277547202	0.5351897510547544
1.261262245045045	1.3138762673863942	0.11464199477640549	0.5365940663166802
1.2682692508508508	1.3210900362094187	0.117249199862332	0.5381387520794948
1.2752762566566567	1.328523768583276	0.11990160538381339	0.5398107223784498
1.2822832624624625	1.3361292197779602	0.12259148028859292	0.5415877898764516
1.2892902682682683	1.3439105127248712	0.12532578507646128	0.5434620631940839
1.2962972740740741	1.3518248392026944	0.12809730776233186	0.5454152917423609
1.30330427987988	1.3598619128736371	0.13090622492063128	0.5474402397355227
1.3103112856856858	1.3680021075670727	0.13375247902869958	0.5495264595003839
1.3173182914914916	1.3762479201981705	0.13663977432811134	0.5516662145528906
1.3243252972972972	1.3845544794542015	0.1395571224779519	0.5538474675178844
1.331332303103103	1.3929403237519302	0.1425137990203861	0.556067919325281
1.3383393089089088	1.401389434011588	0.14550631487620777	0.5583217715236246
1.3453463147147147	1.4098834367825595	0.14853240671485976	0.5605993764944345
1.3523533205205205	1.4184374172274432	0.15159801836037973	0.562907567613908
1.3593603263263263	1.4270301507333587	0.15469679627015878	0.5652363642336162
1.3663673321321321	1.4356790224401232	0.1578366280976841	0.5675894148695574
1.373374337937938	1.4443739269666898	0.16101538096566798	0.5699632634981475
1.3803813437437438	1.4531045227221033	0.16423093990581394	0.5723536862888328
1.3873883495495496	1.4618892745944605	0.16749016566213185	0.5747690968728772
1.3943953553553554	1.4707176713076695	0.1707893640893252	0.5771980421100185
1.4014023611611612	1.4795954977005688	0.17413467242199834	0.5796467378893884
1.408409366966967	1.488512766303824	0.17752225770027869	0.5821145528771241
1.4154163727727729	1.4974929696095487	0.18095635506187568	0.5846064142066781
1.4224233785785785	1.5065301724643418	0.184438957366606	0.5871131904959311
1.4294303843843843	1.5156235322266647	0.18797067716517862	0.5896413541581256
1.4364373901901901	1.5247868309579653	0.19156194881684552	0.592187483867412
1.443444395995996	1.534006145947822	0.19520598227838273	0.5947569898704842
1.4504514018018018	1.5432957254978892	0.19891422974463907	0.5973421638891139
1.4574584076076076	1.5526566201491112	0.20268798353293374	0.5999488046337034
1.4644654134134134	1.5620966735791235	0.20653157332428834	0.6025799050103167
1.4714724192192192	1.5715964661503878	0.2104453430764096	0.6052194791262372
1.478479425025025	1.5811872229958008	0.21443175270206732	0.6078947067027985
1.4854864308308309	1.590882285962742	0.21850694417279326	0.6106033368974096
1.4924934366366367	1.6006495004596584	0.2226623616974039	0.6133152732076981
1.4995004424424425	1.6104838065329103	0.22690632806080951	0.616047942583283
1.5065074482482483	1.6204035353873274	0.23124519252518133	0.6188067236901265
1.5135144540540542	1.630425653390488	0.23568292356288983	0.6215950634397847
1.5205214598598598	1.640523003624741	0.2402150559605263	0.6244023221217678
1.5275284656656656	1.650718748880404	0.2448555628285024	0.6272373869746969
1.5345354714714714	1.660976122935384	0.24959419761621882	0.6300892172447484
1.5415424772772772	1.6713081472643483	0.25444234927448156	0.6329625365310111
1.548549483083083	1.6816780985812203	0.2593879228116592	0.6358490776924989
1.5555564888888889	1.6921019105705932	0.26444450102575945	0.6387543644000818
1.5625634946946947	1.702542887283509	0.2696000823065774	0.6416698449944903
1.5695705005005005	1.7130012532110819	0.2748596081554543	0.6445985568629329
1.5765775063063063	1.723455779081195	0.2802190648901191	0.6475354662168522
1.5835845121121122	1.7338865752894639	0.2856724610645093	0.6504778279120601
1.590591517917918	1.7442691188353583	0.29121043047239187	0.653421396887723
1.5975985237237238	1.7546297095469467	0.296850141586577	0.6563751975698182
1.6046055295295296	1.764933450901456	0.3025748236309782	0.6593305708355772
1.6116125353353354	1.7751961802795027	0.30839005604502456	0.6622945678296897
1.618619541141141	1.785406760263435	0.3142899340231583	0.6652634918022889
1.6256265469469469	1.7955639834103703	0.3202709300229883	0.6682354472837264
1.6326335527527527	1.8056915107961433	0.32633888484244555	0.671218119643822
1.6396405585585585	1.815789850258246	0.3324924435367114	0.6742096378907723
1.6466475643643643	1.8258509163963534	0.3387226646244541	0.6772058091920776
1.6536545701701701	1.8359013748339503	0.345041772455246	0.680211984871476
1.660661575975976	1.8459391524068332	0.35144370384882967	0.6832287701580784
1.6676685817817818	1.8559641182150595	0.3579262701933691	0.6862588522617981
1.6746755875875876	1.865984561821586	0.36449650982601356	0.6893030363870589
1.6816825933933934	1.8759851228820912	0.3711443721191941	0.6923549401364203
1.6886895991991993	1.8859625651515888	0.3778652212917418	0.6954122883535354
1.695696605005005	1.8959080078079429	0.3846539678190103	0.6984732631318823
1.702703610810811	1.9058334373717152	0.3915215382226293	0.7015404193707977
1.7097106166166167	1.9157150369535063	0.3984521895918665	0.7046069841459642
1.7167176224224223	1.9255701920526365	0.4054579950244944	0.7076789350244416
1.7237246282282281	1.935400548275933	0.41253286342523965	0.7107585545222074
1.730731634034034	1.9452230437654403	0.41968655529822646	0.7138578292609451
1.7377386398398398	1.9550147453609377	0.4269097507383356	0.7169612233245369
1.7447456456456456	1.9647607301878207	0.4341928228218735	0.7200647143403347
1.7517526514514514	1.9745035083271807	0.44156592404725714	0.7231876771562211
1.7587596572572572	1.9841921593026814	0.4489926413772019	0.7263112580461456
1.765766663063063	1.993862741691071	0.45650233119929046	0.7294464178868882
1.772773668868869	2.003480540405722	0.4640703611528102	0.7325805452737634
1.7797806746746747	2.013057578414557	0.47170212321558025	0.7357185457187863
1.7867876804804805	2.0226246795009377	0.4794176444831435	0.7388748166509821
1.7937946862862864	2.0321495411056194	0.4871988319703909	0.7420381724222889
1.8008016920920922	2.0416447631764236	0.49505043889379746	0.7452118706965167
1.807808697897898	2.05109643313351	0.5029681665254399	0.7483904527885892
1.8148157037037036	2.0605166363752008	0.5109574919005535	0.7515762372031702
1.8218227095095094	2.069904269101274	0.5190167087505846	0.7547699769132387
1.8288297153153152	2.079242778632881	0.5271355094907153	0.7579659705054426
1.835836721121121	2.0885560035286663	0.5353319941438752	0.7611771002511056
1.8428437269269269	2.097814778814992	0.5435910424727688	0.7643906664737197
1.8498507327327327	2.1070485382026267	0.5519286772776705	0.7676220882130905
1.8568577385385385	2.1162391095699125	0.5603338151406284	0.7708618538555448
1.8638647443443443	2.125379816728679	0.5687946980449313	0.7741075913988612
1.8708717501501502	2.1344846857405626	0.5773301391804645	0.777363371042707
1.877878755955956	2.1435615678705155	0.5859411925802038	0.7806319700828628
1.8848857617617618	2.152588333327817	0.5946135717880444	0.7839045601239466
1.8918927675675676	2.1615688644310183	0.603354846825173	0.7871846910267157
1.8988997733733735	2.1704840524275	0.6121456117929059	0.7904649811331481
1.9059067791791793	2.1793763431220765	0.6210243358042601	0.7937616467102406
1.9129137849849849	2.1882129841470515	0.6299570071599341	0.7970655970766453
1.9199207907907907	2.196994865606023	0.6389521276201122	0.8003753032913712
1.9269277965965965	2.205741129333543	0.6480184571205243	0.803703011285493
1.9339348024024023	2.2144227559199634	0.6571439520014225	0.8070341147874766
1.9409418082082082	2.2230752564631375	0.6663443531006553	0.810383940214583
1.947948814014014	2.2316584480813724	0.6756024709285428	0.8137344333144635
1.9549558198198198	2.2401708644713136	0.6849074143329908	0.8170863601528687
1.9619628256256256	2.2486687991305088	0.6943032389596699	0.8204646649920948
1.9689698314314314	2.257073985657898	0.7037379118880264	0.8238339139055494
1.9759768372372373	2.26542114331224	0.7132322251770311	0.8272107408902573
1.982983843043043	2.2737157808755817	0.7227893155629586	0.8305992149889868
1.989990848848849	2.281955058324664	0.7324073450629349	0.8339975503789475
1.9969978546546547	2.290134651551919	0.7420847826551052	0.8374057530505845
2.0040048604604603	2.2982470830528503	0.7518126937548153	0.8408200150967357
2.011011866266266	2.306320618318324	0.7616164280487497	0.8442511637637481
2.018018872072072	2.314319260643459	0.771462906005201	0.8476847217480443
2.025025877877878	2.322258917902769	0.7813713056960558	0.8511289568130899
2.0320328836836836	2.3301356046486443	0.7913377134580585	0.854583827807327
2.0390398894894894	2.3379399847186724	0.8013530325826573	0.8580442369139578
2.0460468952952953	2.345674079168405	0.8114215090245256	0.8615098928963935
2.053053901101101	2.353342115701107	0.8215465675315352	0.8649837031753443
2.060060906906907	2.3609374821147204	0.8317184149625627	0.8684655084428544
2.0670679127127127	2.368460693070231	0.8419388372249341	0.8719541663711956
2.0740749185185186	2.3759155792213273	0.8522141780819547	0.8754515980470361
2.0810819243243244	2.3833018905865164	0.8625445934945698	0.8789587901108452
2.08808893013013	2.3906172665243455	0.872921139593199	0.8824745804659354
2.095095935935936	2.39786045317802	0.8833470518443864	0.8859974395978939
2.102102941741742	2.4050277201447545	0.8938122554174647	0.8895254928534228
2.1091099475475477	2.4121249293955236	0.9043287981808938	0.893062100600032
2.1161169533533535	2.4191415540623202	0.914890447192662	0.8966058783731629
2.1231239591591593	2.4260869533434732	0.9255009250654185	0.9001593138282771
2.130130964964965	2.43295888071305	0.9361602866229366	0.9037203076408056
2.137137970770771	2.439753341027329	0.9468577217160392	0.9072887054858053
2.1441449765765768	2.4464733138516523	0.9575999781822144	0.9108683045934527
2.1511519823823826	2.4531194152824582	0.9683960724620514	0.9144595795428043
2.1581589881881884	2.4596726844200982	0.9792171743839743	0.9180520993564804
2.165165993993994	2.4661426174194974	0.9900780597584529	0.9216504954925823
2.1721729997997996	2.472530425888217	1.0009794607314024	0.9252559558327837
2.1791800056056054	2.478839303752419	1.0119229428310292	0.928869961464993
2.1861870114114113	2.4850676821893107	1.0229050912259188	0.9324916776491058
2.193194017217217	2.4912224420259834	1.0339304282227266	0.936124588078071
2.200201023023023	2.497285774748648	1.0449797751538266	0.9397597837477334
2.2072080288288287	2.503265808224289	1.0560706759257203	0.9434028752179173
2.2142150346346345	2.5091663075969484	1.0672018253112725	0.94705605076376
2.2212220404404404	2.514975340131233	1.0783600280004473	0.9507128331927336
2.228229046246246	2.5207047657661263	1.0895577519506578	0.9543783500667844
2.235236052052052	2.526344965011539	1.1007843667456334	0.9580486446999688
2.242243057857858	2.531898337721571	1.1120420088049214	0.961724450573803
2.2492500636636636	2.537358589868548	1.123315810412314	0.9654017617608566
2.2562570694694695	2.5427311124754763	1.1346257349958409	0.9690872740093386
2.2632640752752753	2.5480165897831113	1.145967605287233	0.9727799459365672
2.270271081081081	2.553215907173992	1.1573423620109051	0.9764793063196895
2.277278086886887	2.5583294187971615	1.1687371272697553	0.9801861704496742
2.2842850926926928	2.5633542955559516	1.1801635572292002	0.9839006091860466
2.2912920984984986	2.568287862479575	1.1916056501939702	0.9876193306125226
2.2982991043043044	2.5731364135640407	1.2030881819082975	0.991348054200269
2.30530611011011	2.577884383163483	1.2145748401570446	0.99507520710428
2.312313115915916	2.582544246310401	1.226094974040807	0.9988126268771459
2.319320121721722	2.5871112623097323	1.2376315821920003	1.002554988609584
2.3263271275275277	2.5915894452649813	1.2491895541091267	1.0063031551855972
2.3333341333333335	2.5959839474323205	1.2607820966391463	1.0100618135206474
2.3403411391391393	2.600280517710475	1.2723721842783513	1.0138200197010554
2.347348144944945	2.604493752496748	1.2840032531817838	1.017591817126262
2.354355150750751	2.6086065716999354	1.2956338222411286	1.0213639903999914
2.3613621565565563	2.6126330900432384	1.3072951294473956	1.0251478430621364
2.368369162362362	2.6165739848506897	1.3189818422546458	1.0289439780946907
2.375376168168168	2.6204098436797856	1.3306591050653918	1.0327372653659697
2.382383173973974	2.624163704744211	1.3423721117462062	1.0365467336437
2.3893901797797796	2.6278253603910064	1.3540903404804354	1.0403627265355941
2.3963971855855855	2.6314022456644275	1.3658401037880246	1.044193896155922
2.4034041913913913	2.634891037609228	1.377594503280547	1.0480331913725216
2.410411197197197	2.6382802128709053	1.3893590764873607	1.0518767746834685
2.417418203003003	2.6415784221499092	1.4011380125230934	1.055730842533572
2.4244252088088087	2.644786664592123	1.4129339697233798	1.0595961933206737
2.4314322146146146	2.647906261146076	1.4247339164998	1.0634698441542685
2.4384392204204204	2.6509400206687985	1.4365512008330883	1.0673562822012657
2.445446226226226	2.65388306218226	1.4483805606485873	1.0712528951125595
2.452453232032032	2.656732626140635	1.4602220061525504	1.0751594289899151
2.459460237837838	2.6594861805224914	1.472068217846313	1.07907479492314
2.4664672436436437	2.662145999352475	1.4839058071116642	1.0829957909225139
2.4734742494494495	2.6647234617116418	1.4957668585928052	1.086933887378119
2.4804812552552553	2.6672143833618827	1.5076409922090632	1.0908864425248808
2.487488261061061	2.669618915712591	1.5195270361592916	1.0948536466886523
2.494495266866867	2.671929638974224	1.531414080552529	1.0988306235353924
2.5015022726726728	2.674130177299566	1.5432815080415923	1.102805528966841
2.5085092784784786	2.6762567981680814	1.5551735575905357	1.1068030490507856
2.5155162842842844	2.6782945608681046	1.56707884163847	1.1108147997108726
2.5225232900900902	2.680239221183868	1.5789700849479527	1.1148318082842006
2.529530295895896	2.682099685452315	1.5908797053589905	1.1188661572691165
2.536537301701702	2.683864970349575	1.6027870589954363	1.1229101141460458
2.5435443075075077	2.68553475318576	1.6146930149191756	1.1269625726758175
2.5505513133133135	2.6871061351290444	1.6265851934879896	1.1310182790264725
2.557558319119119	2.688584370006254	1.638492837834365	1.1350873997090458
2.5645653249249247	2.689962699962507	1.6503648005700868	1.1391517020497204
2.5715723307307305	2.691245016884335	1.662253961632034	1.1432290702588424
2.5785793365365364	2.69242752660274	1.6741241485039124	1.1473082485751118
2.585586342342342	2.693509667760262	1.6859772940345883	1.1513893455785522
2.592593348148148	2.6944854699984466	1.6978242664603782	1.155473520864558
2.599600353953954	2.695355754869194	1.709665481871085	1.1595608956068653
2.6066073597597597	2.6961122837463525	1.7214633093020963	1.1636367055285248
2.6136143655655655	2.696761750733717	1.73325536716151	1.1677135204815106
2.6206213713713713	2.697296373242124	1.7450184596638212	1.1717818775282234
2.627628377177177	2.697713519637982	1.7567506877297647	1.1758392389437564
2.634635382982983	2.698004368036685	1.7684425575068101	1.179878354039018
2.6416423887887888	2.698164209179486	1.7801127196050315	1.183904258899872
2.6486493945945946	2.6981832594820347	1.7917174291803601	1.1878981718351074
2.6556564004004004	2.6980574193773568	1.80326826640884	1.1918613739293524
2.6626634062062062	2.697785594770419	1.8147623240081627	1.1957908807271214
2.669670412012012	2.6973526834616797	1.8261932735134954	1.1996784085998937
2.676677417817818	2.696748556573041	1.8375332994696865	1.2035089983143334
2.6836844236236237	2.695962249180921	1.8487934329429638	1.2072817009001175
2.6906914294294295	2.6949789140960325	1.8599358597007813	1.2109767228276263
2.6976984352352353	2.693783256302079	1.8709808331300288	1.214595093532304
2.704705441041041	2.6923598409799023	1.8818855230332188	1.2181156777555948
2.711712446846847	2.690683065025358	1.892631068494756	1.2215219316419
2.718719452652653	2.6887295350773606	1.9031958869993693	1.224795837142846
2.7257264584584586	2.6864729060638872	1.9135545372641583	1.2279154663456349
2.7327334642642644	2.68387943146384	1.9236932962804345	1.2308600080235608
2.7397404700700703	2.680918766788814	1.9335499071740472	1.2335931322825215
2.746747475875876	2.677539646776909	1.9431146307464326	1.236092432368235
2.7537544816816815	2.673693272543298	1.9523262630596367	1.2383156074257289
2.7607614874874873	2.66933068426905	1.9611166430127622	1.240214695053001
2.767768493293293	2.6643719304860225	1.9694468639393796	1.2417444433971634
2.774775499099099	2.658754072502471	1.9772266831519025	1.2428428845674881
2.7817825049049048	2.652383416531381	1.9843860992450315	1.2434451384681982
2.7887895107107106	2.6451613388697996	1.9908337395868505	1.2434757725433017
2.7957965165165164	2.636999437179804	1.996447392170566	1.2428504688110122
2.802803522322322	2.6277425582532254	2.0011306080938778	1.2414700065472937
2.809810528128128	2.617256162662688	2.0047226566928162	1.2392178156713076
2.816817533933934	2.6053840295314052	2.007061099556454	1.23596872440651
2.8238245397397397	2.5919372746479326	2.0079711201306614	1.2315807764793756
2.8308315455455455	2.5767158912688473	2.0072561597921843	1.225898129894222
2.8378385513513513	2.559509722513946	2.004702901630424	1.2187503221047205
2.844845557157157	2.5400705743355325	2.0000614345590773	1.2099418644786137
2.851852562962963	2.5181293775782674	1.993060401485802	1.1992604390890345
2.858859568768769	2.4934443411746727	1.9834336062058366	1.1865033734893766
2.8658665745745746	2.4657256731144277	1.9708822704682734	1.1714398137193482
2.8728735803803804	2.4346809987065523	1.955105218508133	1.1538356336159314
2.8798805861861863	2.400047609148756	1.9358089031870847	1.1334729997654778
2.886887591991992	2.3615997144425345	1.9127256121566396	1.1101586422766274
2.893894597797798	2.319134559385554	1.8856133355203695	1.083718434222814
2.9009016036036037	2.27251549866242	1.8542897308185953	1.0540303197733063
2.9079086094094095	2.2217824495804384	1.8187177850383884	1.0210992369216063
2.9149156152152154	2.166930764239647	1.7788596459750834	0.9849168048073236
2.921922621021021	2.108344066485149	1.7349915292372375	0.9457541832104478
2.928929626826827	2.0464421027556003	1.6874641043150787	0.9039215404631795
2.935936632632633	1.9818881266295472	1.6368637686760203	0.8599236980320161
2.9429436384384386	1.9157101674690846	1.5841147170259722	0.8145401245549476
2.949950644244244	1.8490362805623304	1.5302766715724068	0.7686500833654418
2.95695765005005	1.7831058997227431	1.476545780277952	0.7232318455636374
2.9639646558558557	1.7195526948779725	1.424482038198365	0.6795581783718875
2.9709716616616615	1.6600583757003573	1.3757247951460794	0.6389463805835666
2.9779786674674673	1.6060886920367403	1.3317340361036953	0.6025692066462013
2.984985673273273	1.5591273497854774	1.2940112721586348	0.5716009662832928
2.991992679079079	1.52038270251003	1.2637802284005628	0.5470065328286677
2.9989996848848848	1.4907214356327732	1.2419435387099116	0.5294744211144399
3.0060066906906906	1.4705154477043398	1.228922906321706	0.5193120182021226
3.0130136964964964	1.4598362470926711	1.2248540775653574	0.516567027227315
3.0200207023023022	1.4581734082970603	1.2292783405715606	0.5208398593535141
3.027027708108108	1.4646739859168607	1.241400312219388	0.5314541777903631
3.034034713913914	1.4782050686409494	1.2601341329116205	0.5475044049916783
3.0410417197197197	1.4974152351737051	1.2841684515158591	0.5679085657239317
3.0480487255255255	1.5208649785926631	1.3120978395681928	0.5915157256280815
3.0550557313313313	1.54721509996548	1.3426243533534776	0.6172670018427154
3.062062737137137	1.5750846404422418	1.3743817713316147	0.6440469583157331
3.069069742942943	1.6033711661415087	1.4062952428737245	0.67098414939322
3.076076748748749	1.6311193073315908	1.4374284303336045	0.6973224713710782
3.0830837545545546	1.6576243214287076	1.467103121111567	0.7225103090700984
3.0900907603603605	1.6823076997507704	1.4947577502558944	0.7460888280444432
3.0970977661661663	1.704810605950146	1.520054193827072	0.7677826145213738
3.104104771971972	1.7249793854192708	1.5428639610078212	0.7874884734361886
3.111111777777778	1.7427243440717664	1.5631151016716334	0.8051455993724607
3.1181187835835837	1.7580625178093054	1.5808407454112474	0.8207770413251079
3.1251257893893896	1.7711099332134936	1.5961752230700226	0.8344896723422128
3.1321327951951954	1.7820499369529101	1.609322690674346	0.8464520352821847
3.139139801001001	1.7910498217031952	1.6204614198462273	0.8568059324430114
3.146146806806807	1.798317768420089	1.629812049616778	0.8657302734404081
3.1531538126126124	1.804071305719247	1.6376040211351177	0.8734115781362561
3.1601608184184182	1.808516000646062	1.6440511442068892	0.8800228949686957
3.167167824224224	1.8118495679470124	1.649359134240839	0.8857296192159342
3.17417483003003	1.8142592886391193	1.653722399460767	0.8906939769490463
3.1811818358358357	1.8158790205087596	1.6572767634270327	0.8950210925461978
3.1881888416416415	1.8168376245166684	1.6601599023904077	0.898824200817991
3.1951958474474473	1.8172412450820867	1.6624738711447498	0.9021758590688368
3.202202853253253	1.8171890103671724	1.6643216081281853	0.9051588031739091
3.209209859059059	1.8167577408468705	1.6657841161296887	0.9078389037071762
3.216216864864865	1.8160189384608172	1.6669316286528022	0.9102713844226762
3.2232238706706706	1.8150354298209268	1.667826696130699	0.912506319559688
3.2302308764764764	1.813855737509779	1.668515488685587	0.9145795685609804
3.2372378822822823	1.8125193417709866	1.669042656152551	0.916534879050959
3.244244888088088	1.8110648622159256	1.669440510834834	0.9183967027756261
3.251251893893894	1.8095188841060104	1.6697385409835641	0.9201955468894076
3.2582588996996997	1.8079055838240368	1.6699554088640007	0.9219454853109226
3.2652659055055056	1.806237787289357	1.6701060565633883	0.9236635942991183
3.2722729113113114	1.8045421437418252	1.6702111581300747	0.9253681336744178
3.279279917117117	1.802824918844854	1.6702746690329984	0.9270639160106613
3.286286922922923	1.801092440302539	1.6703055029845726	0.9287642846335629
3.293293928728729	1.7993548111081863	1.6703097637179993	0.9304738244733252
3.3003009345345347	1.7976145691586805	1.6702906103637511	0.9322007258509613
3.3073079403403405	1.795873971511276	1.6702443112034024	0.9339388628768565
3.3143149461461463	1.7941287047907095	1.6701700044697854	0.9356934603756013
3.321321951951952	1.7923799989880114	1.6700647172711283	0.937459855036469
3.328328957757758	1.7906280678957776	1.669929499752365	0.9392399928602762
3.3353359635635638	1.7888700926341101	1.6697602848372863	0.9410291405613476
3.3423429693693696	1.7870978248439513	1.6695511101176859	0.9428257607186142
3.349349975175175	1.7853119820779726	1.6692991427591457	0.9446221065682794
3.356356980980981	1.7834998953249122	1.668993903065308	0.9464117091912181
3.3633639867867866	1.7816612972938481	1.6686354531613325	0.9481926678402232
3.3703709925925924	1.7797975695951203	1.6682234468167538	0.9499585936727699
3.3773779983983983	1.7778955535264636	1.667748365471335	0.9517052563663965
3.384385004204204	1.7759580449812309	1.6672124897392797	0.9534285865948773
3.39139201001001	1.7739762704131243	1.6666085422468238	0.9551237179072913
3.3983990158158157	1.7719535657740095	1.665939256570971	0.95678733840537
3.4054060216216215	1.7698778509978408	1.665194261751429	0.9584115395282715
3.4124130274274274	1.7677555544597725	1.6643806001334602	0.9599953548044686
3.419420033233233	1.7655826611690668	1.6634964803366075	0.9615372820875047
3.426427039039039	1.763353686439307	1.6625374212984505	0.9630299629980655
3.433434044844845	1.7610689021967159	1.6615051995505579	0.964475052943865
3.4404410506506506	1.758733060216994	1.6604048874703825	0.9658670472471741
3.4474480564564565	1.7563395279693654	1.6592321306621747	0.9672031375148359
3.4544550622622623	1.7538857291030139	1.657985970831225	0.9684800009773192
3.461462068068068	1.7513699120060362	1.6566653660480941	0.9696941413711825
3.468469073873874	1.748793465393875	1.6552738322141962	0.9708471011856541
3.4754760796796798	1.746156137871061	1.6538116154655091	0.9719355754237037
3.4824830854854856	1.7434531400711073	1.6522760065755389	0.9729572688721415
3.4894900912912914	1.740690880884931	1.6506728031160056	0.9739100422018291
3.496497097097097	1.7378625925098596	1.6489998835085666	0.9747960025610757
3.503504102902903	1.7349735174456649	1.6472591638320324	0.975613068019395
3.510511108708709	1.7320351703171943	1.6454665006881004	0.9763678262296871
3.5175181145145147	1.7290361899103628	1.643611623047843	0.9770573405183071
3.5245251203203205	1.725980229017325	1.6416970293794568	0.977678023723155
3.5315321261261263	1.7228642618716805	1.6397219016532323	0.9782321315167373
3.538539131931932	1.7196943156275168	1.6376930749604555	0.9787237912987643
3.5455461377377375	1.7164697116127947	1.6356104023078522	0.9791527273197159
3.5525531435435433	1.7131873607445969	1.6334715136282913	0.9795170543612066
3.559560149349349	1.7098594198366632	1.6312888705312607	0.9798256406739108
3.566567155155155	1.7064895410991159	1.6290647369084374	0.9800781791590929
3.573574160960961	1.70307262088004	1.6267963842083306	0.9802754192538123
3.5805811667667666	1.6996074700949073	1.6244829909905087	0.9804170650031497
3.5875881725725725	1.6961023453685993	1.62213198302377	0.9805105888204553
3.5945951783783783	1.6925511481938857	1.6197380411287206	0.9805526350195582
3.601602184184184	1.6889618123384782	1.6173085024476928	0.9805476066018693
3.60860918998999	1.6853359329106372	1.6148445348367697	0.9804966307476918
3.6156161957957957	1.6816655463198373	1.6123405206017813	0.9804004977262809
3.6226232016016016	1.67797174083797	1.6098133197292908	0.980265379516878
3.6296302074074074	1.6742335925497878	1.6072463609215253	0.9800863254736222
3.636637213213213	1.670459009255305	1.6046436990083832	0.9798620043116201
3.643644219019019	1.6666403345135945	1.6019987651475869	0.9795901918324293
3.650651224824825	1.6627766326849855	1.5993086403265837	0.9792666078809266
3.6576582306306307	1.6588619434068004	1.5965694743939993	0.9788913277673167
3.6646652364364365	1.6548894201176758	1.5937731713039398	0.9784579227757196
3.6716722422422423	1.6508576944650717	1.5909167186728714	0.9779620042189281
3.678679248048048	1.6467553965405288	1.5879900168771155	0.9773987524706739
3.685686253853854	1.6425776673772818	1.5849855957637613	0.9767593495705346
3.6926932596596598	1.6383014948954455	1.5818830550488028	0.9760327786591377
3.6997002654654656	1.6339264444521868	1.5786788160566465	0.975211803073662
3.7067072712712714	1.6294253710034148	1.5753470220762769	0.9742783020021354
3.7137142770770772	1.6247837448003373	1.5718709637719828	0.9732176528969126
3.720721282882883	1.619974397563892	1.5682249896655844	0.9720132161148403
3.727728288688689	1.614983115680448	1.5643906839272015	0.9706455719419015
3.7347352944944947	1.6097741871575746	1.5603333060352944	0.9690899803370666
3.7417423003003	1.604314702931612	1.5560191210419028	0.9673195199264489
3.748749306106106	1.5985650378223213	1.5514076378629416	0.9653017719998936
3.7557563119119117	1.5924849322530852	1.546456267162485	0.9630010996588394
3.7627633177177175	1.5860115948963798	1.5411038394040442	0.9603719653854869
3.7697703235235234	1.579088378863166	1.5352913946115498	0.9573657252361175
3.776777329329329	1.5716468488278075	1.5289483880442387	0.9539267993029219
3.783784335135135	1.563614392605176	1.5220004591624234	0.9499945330106346
3.790791340940941	1.554880146706256	1.514337907291939	0.9454855090239384
3.7977983467467467	1.5453571812429563	1.505870024797194	0.9403244849985499
3.8048053525525525	1.53491647251268	1.4964671065478479	0.9344097290222049
3.8118123583583583	1.5234371858318698	1.4860056447545955	0.9276410304173222
3.818819364164164	1.5107614351109069	1.4743270981016805	0.9198918347763428
3.82582636996997	1.4967204385499966	1.4612592662428647	0.9110260099907591
3.8328333757757758	1.4811316248773296	1.4466183782575834	0.9008965626551502
3.8398403815815816	1.4637652727197843	1.4301744785312642	0.889322568293143
3.8468473873873874	1.444442233041286	1.411744373224045	0.8761545729716536
3.8538543931931932	1.4229039276103082	1.3910692589185192	0.8611888341243545
3.860861398998999	1.3989144566269711	1.3679114952486047	0.8442335652686255
3.867868404804805	1.3721712271808184	1.3419677148979203	0.8250516342026708
3.8748754106106107	1.3424677944320347	1.3130309226653991	0.8034744811241838
3.8818824164164165	1.3095822915616067	1.2808799842523133	0.7793250552078067
3.8888894222222223	1.2732800880641557	1.2452831458181857	0.7524201759501788
3.895896428028028	1.2334016547504123	1.2060846608602702	0.7226357748666329
3.902903433833834	1.1899196854587224	1.1632628992369114	0.6899529881841943
3.90991043963964	1.1427137464075878	1.1167075318034654	0.6542860320260014
3.9169174454454456	1.0921789057083342	1.066817727450285	0.6159491750365926
3.9239244512512514	1.0384297486669771	1.013723981288735	0.5750508160263804
3.9309314570570573	0.9821366683605087	0.9581073377739714	0.5321304660677538
3.9379384628628626	0.9240018325412923	0.900683638524246	0.48776070046900905
3.9449454686686685	0.8649764958781739	0.8424171394528868	0.44271495304544584
3.9519524744744743	0.8061753605676287	0.7844300600687747	0.39789090581749753
3.95895948028028	0.7491047032316593	0.7282257646753658	0.35449422101650024
3.965966486086086	0.6951814063823676	0.6752221762416936	0.31366604253490177
3.9729734918918918	0.6460459603490963	0.6270265560190226	0.27670592679966616
3.9799804976976976	0.6032267896826644	0.5851453317478729	0.24483289682099532
3.9869875035035034	0.568010462458245	0.5508133088012078	0.21905936003678092
3.993994509309309	0.5415284698386582	0.5250971418290241	0.20026333175536715
4.0010015151151155	0.5242879034278163	0.50841095013481	0.18880909146610309
4.008008520920921	0.5168477822705563	0.5012500087813831	0.18510603582455032
4.015015526726727	0.518944135538699	0.5032548756429166	0.18891478274180162
4.0220225325325325	0.5299978363968869	0.5137679216978562	0.1997534007469806
4.029029538338339	0.5490768982376468	0.5317891688052967	0.21685592023563977
4.036036544144144	0.5749930541084285	0.5560795374561536	0.2392602190505955
4.0430435499499495	0.6063881166591496	0.5852524571726493	0.26588019607849067
4.050050555755756	0.6417520483544875	0.6177951246446081	0.2955014002662841
4.057057561561561	0.6797382297651735	0.6523706171336827	0.32705923144836585
4.064064567367367	0.7190322506674363	0.6877017848162333	0.359519879000521
4.071071573173173	0.7585679304710958	0.7227643972691769	0.3920544591881753
4.078078578978979	0.797360865292132	0.7566398378906258	0.42389712100834975
4.0850855847847845	0.8347648778583775	0.7887366726743757	0.45455573794433873
4.092092590590591	0.8701654757247634	0.8185168404043457	0.48356014167422795
4.099099596396396	0.9032334197022089	0.8457124980021541	0.5106661505262088
4.106106602202202	0.9337910399712875	0.8701994409388921	0.5357484486346916
4.113113608008008	0.9617174016680294	0.8919159566977742	0.558725799962751
4.120120613813814	0.9870030633027909	0.9109050085746633	0.5796013563211674
4.127127619619619	1.009755561647416	0.9273066139619385	0.5984711915543849
4.134134625425426	1.030092565286158	0.9412731448596126	0.6154360238163963
4.141141631231231	1.048160617959661	0.9529803816336097	0.6306167306900997
4.148148637037037	1.0641205196271744	0.962614242178814	0.6441450887783388
4.155155642842843	1.0781537867309894	0.9703735230338622	0.6561657441189002
4.162162648648649	1.0904357206326893	0.9764478005032462	0.6668193473826408
4.169169654454454	1.1011509420732826	0.9810255372751734	0.6762539801976042
4.176176660260261	1.1104368376391374	0.9842625259480552	0.6845743709859783
4.183183666066066	1.1184679702489597	0.9863265037356151	0.6919197228960462
4.190190671871872	1.1253565261425258	0.987339677444637	0.6983812092225435
4.197197677677678	1.1312359153315537	0.9874359874039923	0.7040588291057293
4.204204683483484	1.136215853825804	0.9867236476430998	0.7090384315391132
4.211211689289289	1.140394495154618	0.9853081449394326	0.7133961494763628
4.2182186950950955	1.1438665765411575	0.9832712633494418	0.7172083548474371
4.225225700900901	1.1467073963920806	0.9807049454191002	0.7205322955193654
4.232232706706707	1.14900597738256	0.977681675565794	0.7234391527444446
4.2392397125125125	1.1508250366064614	0.974261687012671	0.7259810956957496
4.246246718318318	1.152210157437421	0.9704949374209251	0.7281952936585193
4.253253724124124	1.1532461330857504	0.9664575210848297	0.7301432703473172
4.2602607299299295	1.1539579089774599	0.9621715961936813	0.7318502460261542
4.267267735735736	1.1543961245532157	0.9576902861070625	0.7333538930580379
4.274274741541541	1.1545791448371312	0.9530287994767184	0.7346743420504899
4.2812817473473475	1.1545560355631388	0.9482334885116632	0.7358474598710928
4.288288753153153	1.154351146455484	0.9433198576464269	0.7368952698228277
4.295295758958959	1.1539955973244889	0.9383210972528021	0.7378413840716175
4.3023027647647645	1.1535102717450982	0.9332554207177589	0.7387016048183203
4.309309770570571	1.1529112988753478	0.9281366093189307	0.7394896758843104
4.316316776376376	1.1522150365897486	0.9229786631208999	0.740218723468771
4.323323782182182	1.151445844040308	0.9178031371620263	0.740905170626935
4.330330787987988	1.150584276891844	0.9125867149807932	0.7415416533835414
4.337337793793794	1.149661697207088	0.9073679185777098	0.7421460649338586
4.344344799599599	1.1486727844853624	0.9021419577679529	0.7427160183168586
4.351351805405406	1.1476282033215397	0.8969156816726935	0.7432608779036476
4.358358811211211	1.1465318787046275	0.891692573715137	0.7437844791515698
4.365365817017017	1.1453763142155282	0.8864681647494801	0.7442812697304612
4.372372822822823	1.1441643449873664	0.8812466828349955	0.7447517866991793
4.379379828628629	1.1428938314808306	0.8760269624107567	0.7451936116656162
4.386386834434434	1.1415482809100213	0.8707951620508804	0.7455965939958964
4.393393840240241	1.1401598595450615	0.8655740621997045	0.7459798897286694
4.400400846046046	1.1386955729938415	0.8603510027777493	0.7463154211157427
4.407407851851852	1.137172873314992	0.8551357923562176	0.746616752800778
4.414414857657658	1.1355293458516842	0.849882690675259	0.7468404286912849
4.421421863463464	1.1337977650662243	0.8446162066115787	0.7470113513105463
4.428428869269269	1.1319745560849936	0.8393421985782463	0.7471231358413779
4.435435875075075	1.1300505836295365	0.8340466988613983	0.747173175524544
4.442442880880881	1.1280277657406113	0.8287365789085712	0.7471618058400996
4.449449886686686	1.1259018765695692	0.8234130297955274	0.7470843927117008
4.4564568924924925	1.123665967983562	0.8180728781650072	0.7469353208809206
4.463463898298298	1.1213104600394626	0.8127062518107948	0.7467083677277924
4.470470904104104	1.1188446532337166	0.8073251155982035	0.7464075253371586
4.47747790990991	1.1162774599291523	0.801935640511208	0.7460398891207833
4.484484915715716	1.1136116194364007	0.7965396902308118	0.7456104699221432
4.491491921521521	1.1108558567882838	0.791147635491665	0.7451278640001154
4.4984989273273275	1.1080057241898438	0.7857553252247942	0.7445921112624403
4.505505933133133	1.1052110793870766	0.7804357376580746	0.7441154347818696
4.512512938938939	1.1021914510588449	0.7750489944943019	0.7434793314429281
4.5195199447447445	1.0990763710153741	0.7696644009073351	0.7427845220095418
4.526526950550551	1.095788278656456	0.764241673808826	0.7419726255213351
4.533533956356356	1.092305632805666	0.7587871753552737	0.7410291367455222
4.540540962162162	1.088752903248194	0.7533528759414936	0.7400607770515973
4.547547967967968	1.0851491394043353	0.7479556131734576	0.7390790311849454
4.554554973773774	1.081489418913535	0.7425967146012308	0.7380793047967039
4.561561979579579	1.0777911498353836	0.7372771277536092	0.7370808047710244
4.568568985385386	1.0740826962608987	0.7320226173523086	0.7360959629195332
4.575575991191191	1.0703537642341672	0.726820687936574	0.7351207795708412
4.582582996996997	1.0666308581918755	0.7216869853858832	0.7341726377535522
4.589590002802803	1.0628944586329427	0.7166062712821042	0.7332367519062374
4.596597008608609	1.059158333795028	0.7115904524480189	0.7323198281043539
4.603604014414414	1.055418026228982	0.7066270996424985	0.731419030568884
4.610611020220221	1.0516953369245787	0.7017277982796629	0.7305479428453202
4.617618026026026	1.0479724312524323	0.6968775685121595	0.7296930789604682
4.624625031831832	1.044261119934483	0.6920863784101227	0.7288537263594969
4.631632037637638	1.04056569057214	0.687346277285095	0.7280375144793224
4.638639043443443	1.0367755265153407	0.6826257579147913	0.7271655886879205
4.645646049249249	1.0330253700734853	0.6779833935062357	0.7263413100416611
4.652653055055055	1.0293452945698227	0.6734248181272707	0.7255834693815562
4.659660060860861	1.025741446327026	0.6689486458725203	0.724890314610481
4.666667066666666	1.0222056665168744	0.6645485239843021	0.7242596035210372
4.673674072472473	1.0187521415152727	0.660221497460971	0.7236941766084319
4.680681078278278	1.0153514005779696	0.6559498625056497	0.7231660560487342
4.687688084084084	1.0120104294143966	0.6517334400692006	0.7226760369487885
4.69469508988989	1.0087136041314078	0.6475580016842686	0.7222101319658467
4.701702095695696	1.0054562405327852	0.6434188430941714	0.7217570157284756
4.708709101501501	1.0022212058284776	0.6393016149517373	0.7212999159512954
4.7157161073073075	0.9989865956096458	0.6351906296950758	0.7208193092481352
4.722723113113113	0.9957473678770618	0.6310829725290198	0.7203078608718315
4.729730118918919	0.9924818749051691	0.626965683344436	0.7197453287788984
4.7367371247247245	0.9891686950272154	0.6228238940767215	0.7191160846600135
4.743744130530531	0.9857855305131421	0.6186445495040174	0.7183998514634542
4.750751136336336	0.9823203314732304	0.6144238640934814	0.7175843186220784
4.757758142142142	0.9787618937778464	0.6101509698310933	0.7166617002042903
4.764765147947948	0.9750931799729987	0.6058232171679798	0.7156134509397128
4.771772153753754	0.9713061192510892	0.601432732286375	0.7144335353344953
4.7787791595595595	0.9673991800434326	0.5969839743487106	0.7131162901005184
4.785786165365366	0.9633662242192439	0.5924680234200176	0.7116601039507936
4.792793171171171	0.9592065881598545	0.587894027769936	0.7100589856891726
4.799800176976977	0.9548969036554611	0.5832435936923822	0.7082998660974343
4.806807182782783	0.9504441582835901	0.578525307194621	0.7063866127041666
4.813814188588589	0.9458494648342604	0.5737422270716895	0.7043192617392764
4.820821194394394	0.9411146903690392	0.5688946740344947	0.7021007029213646
4.8278282002002	0.9362207500395051	0.5639782194865433	0.6997140420562703
4.834835206006006	0.9311590957456538	0.5589867902947028	0.6971538534353665
4.841842211811811	0.9259566740273393	0.5539384543257687	0.6944398359286604
4.848849217617618	0.9206108705272754	0.5488290458062628	0.6915723523193995
4.855856223423423	0.915103326451264	0.543654849134686	0.6885351735622797
4.862863229229229	0.9094379661930243	0.5384210649886948	0.6853303823517057
4.869870235035035	0.903617167127211	0.5331233039887715	0.6819637674483152
4.876877240840841	0.8976462732596548	0.5277722820015219	0.6784366405352189
4.883884246646646	0.8915336775918656	0.5223719072980454	0.674758080441583
4.890891252452453	0.8852680910826727	0.5169183917538079	0.6709191111159175
4.897898258258258	0.8788499525268675	0.5114114611762465	0.66692293378941
4.904905264064064	0.8722581634292943	0.5058427861584701	0.6627519867238815
4.91191226986987	0.8655163488276033	0.5002266714605327	0.6584233829920763
4.918919275675676	0.8586414790098761	0.4945728257048847	0.6539517300919825
4.925926281481481	0.8516175459795579	0.48887164760899404	0.6493259748839181
4.9329332872872875	0.8444584211726571	0.48313363252384467	0.6445561403051647
4.939940293093093	0.8371539439760132	0.47735520179743496	0.6396357202971349
4.946947298898899	0.8297031838221539	0.4715372949339043	0.6345633118458209
4.9539543047047045	0.8221182738561753	0.46568648255065775	0.6293501486673685
4.960961310510511	0.8143958726238895	0.4598020571010952	0.6239947552333127
4.967968316316316	0.806545974109687	0.4538899653419139	0.618504042976263
4.9749753221221225	0.7985724321113015	0.4479525907451949	0.6128827526961347
4.981982327927928	0.7904666800689844	0.44198775232809834	0.6071261673705319
4.988989333733734	0.7822363294541077	0.4360000423238589	0.6012411041487923
4.9959963395395395	0.7738801966809687	0.42998987247936404	0.5952276140511382
5.003003345345346	0.7653707580779069	0.4239427261120719	0.5890641821290149
5.010010351151151	0.7567580387987748	0.4178881341870218	0.5827900920117096
5.017017356956957	0.7480261836474899	0.41181843062759743	0.5763945042148514
5.024024362762763	0.7391785186698193	0.4057361200513562	0.5698802692671934
5.031031368568568	0.7302010852540051	0.399632770643866	0.5632392240771239
5.038038374374374	0.7211230238641896	0.39352867125142504	0.5564953593645017
5.04504538018018	0.7119276284416022	0.38741349360877847	0.5496359936304029
5.052052385985986	0.7026238865685098	0.38129136681019027	0.5426682950103849
5.059059391791791	0.6932147793145942	0.37516359404740485	0.5355973668344531
5.066066397597598	0.6837240309720944	0.3690482822645377	0.5284425286118849
5.073073403403403	0.6741125808640759	0.36292146573614603	0.5211746684664328
5.080080409209209	0.6643950669260325	0.3567947433961137	0.513805364422121
5.087087415015015	0.6545704723013728	0.3506692701158713	0.5063341147842654
5.094094420820821	0.6446503239288253	0.34454881195502046	0.4987714326513559
5.101101426626626	0.6346422115162709	0.3384384751664013	0.49112584016487143
5.108108432432433	0.6245429812441927	0.3323383148506907	0.48339687525032893
5.115115438238238	0.6143518620546721	0.32624803315442663	0.47558495089566055
5.122122444044044	0.6040751415623736	0.32017399729997303	0.46769750081817063
5.12912944984985	0.59369943210642	0.3141080289539019	0.4597275059696769
5.136136455655656	0.5832562936302665	0.3080664315847552	0.45169913438166753
5.143143461461461	0.5727356885444974	0.30204528118618756	0.44360400261175337
5.1501504672672676	0.5621343912344815	0.29604313577157465	0.4354410017603159
5.157157473073073	0.5514625657817049	0.2900667537562414	0.42721979571318935
5.164164478878879	0.5407082189324983	0.2841105320723431	0.41893277996963957
5.171171484684685	0.5298818967463979	0.2781798321172023	0.4105893711465688
5.178178490490491	0.5189857258284494	0.2722774066959401	0.40219249260564827
5.185185496296296	0.5080208662963047	0.2664048328668814	0.3937460524382264
5.1921925021021025	0.49698752912489075	0.2605636483771028	0.3852534458411463
5.199199507907908	0.48587453817025517	0.2547490284259903	0.376708178543312
5.206206513713714	0.47470499021117263	0.24897327771009026	0.36812955704524347
5.2132135195195195	0.4634564815881855	0.2432250010748608	0.35950147811546224
5.220220525325326	0.4521484526767796	0.23751484473247497	0.3508403183265555
5.227227531131131	0.44079397374186297	0.23184899236623982	0.3421568591792072
5.2342345369369365	0.42938340662402597	0.22622319878506858	0.3334437802777008
5.241241542742743	0.4179271143528005	0.22064217446394135	0.32471008471120294
5.248248548548548	0.40641876529369914	0.21510510550525247	0.31595333229005196
5.255255554354354	0.3948624207303841	0.2096146733383294	0.30717988113721795
5.26226256016016	0.38325196611695717	0.20416742878682786	0.29838681350167523
5.269269565965966	0.3715962249594614	0.1987691065213823	0.2895824219825764
5.2762765717717715	0.35987852969819484	0.1934131329142382	0.28075594742180987
5.283283577577578	0.3481336081163301	0.18811480837832767	0.27193423522450955
5.290290583383383	0.3363673439670176	0.18287456538730484	0.2631222481425427
5.297297589189189	0.3245457459167704	0.1776840804150853	0.2542996055095162
5.304304594994995	0.3126904960128495	0.17254869055355024	0.24548024030010493
5.311311600800801	0.30080567702016486	0.16747195307175294	0.23666920820687365
5.318318606606606	0.2888901882753007	0.16245313832891806	0.22786599311989547
5.325325612412413	0.2769574886369508	0.15749784694196067	0.21908284300103048
5.332332618218218	0.26500577457894897	0.15260500525680332	0.21031839167193905
5.339339624024024	0.2530352366503423	0.14777707417035166	0.2015762267079686
5.34634662982983	0.24105610631430238	0.14301834350470935	0.19286394101509613
5.353353635635636	0.2290415969849608	0.13831749370845633	0.1841622577750507
5.360360641441441	0.21703447299662104	0.1336921258023545	0.1755034934781575
5.367367647247248	0.20502270747401163	0.12913791811218797	0.16687971988834632
5.374374653053053	0.19299724309940272	0.12464923717551141	0.15828285428583933
5.381381658858859	0.18096907978613452	0.12023414946197322	0.1497259955420272
5.388388664664665	0.16896200117546786	0.11589696361675147	0.14122147740282154
5.395395670470471	0.15694949992044463	0.11163250884549394	0.13275582984394094
5.402402676276276	0.14498348040409126	0.10745451819418618	0.12436128477208014
5.4094096820820825	0.13301163198859325	0.1033437509065993	0.11600118186597146
5.416416687887888	0.12107248428350702	0.09932062084876432	0.1077094757760349
5.423423693693693	0.10917107273497978	0.09537666949484408	0.0994808732173485
5.4304306994994995	0.09730195279647813	0.09151279397800731	0.09131464536751949
5.437437705305305	0.08546087657241368	0.08773254712011899	0.08321211246645671
5.444444711111111	0.07364253718909158	0.08404090527866662	0.07517718910355112
5.4514517169169165	0.06190739665091152	0.08042723838507554	0.06722292614815137
5.458458722722723	0.050208958675873126	0.07690338392080241	0.05934415265998473
5.465465728528528	0.03856806545084836	0.07347055608581242	0.05155088654658868
5.4724727343343345	0.027000028456235725	0.0701200473247082	0.04383871293674943
5.47947974014014	0.015495091004685043	0.06685912455734119	0.036213939387580635
5.486486745945946	0.003980255653482044	0.06370777245080939	0.028668589334404405
5.4934937517517515	-0.007485496776775433	0.06063826494426686	0.02120097328895618
5.500500757557558	-0.01867956298516862	0.057611318380611655	0.013859947978211733
5.507507763363363	-0.02967070505084075	0.054716106160279894	0.006682793985676879
5.514514769169169	-0.04070918891947865	0.05192299992501751	-0.000428318118881839
5.521521774974975	-0.05164077370824206	0.04921932895392742	-0.007431810163050976
5.528528780780781	-0.06247151716331234	0.046605465707672676	-0.014329925566310017
5.535535786586586	-0.07319517029670883	0.04408498983360429	-0.021118026997440233
5.542542792392393	-0.08381671322423051	0.04165423562280378	-0.02780124570517566
5.549549798198198	-0.09432302881635131	0.039314130285718486	-0.03437334881419261
5.556556804004004	-0.10472618162371027	0.03706690296848893	-0.0408368456344589
5.56356380980981	-0.11498878044666991	0.03490763613856122	-0.047179862298852786
5.570570815615616	-0.12514473295127407	0.032839243624943185	-0.053413920207153076
5.577577821421421	-0.13514373559980203	0.030860307917746112	-0.05951841657376301
5.584584827227228	-0.14503162051418925	0.02897218737768259	-0.06551060468863133
5.591591833033033	-0.1547696370228153	0.027173789284031392	-0.07137460288127989
5.598598838838839	-0.16436027782507634	0.025463687277889873	-0.077110687924521
5.605605844644645	-0.1738268230885009	0.02384399758752644	-0.08272713086486415
5.612612850450451	-0.18309779851614205	0.022310265334811178	-0.08819617691814305
5.619619856256256	-0.1922355756832062	0.02086708249101414	-0.09353952206974386
5.626626862062062	-0.2011448670130439	0.01950859283747908	-0.09871908798056094
5.633633867867868	-0.20991696183411715	0.018241400981112696	-0.10376874558747991
5.640640873673673	-0.21894345832719475	0.01708465380214645	-0.10884134005324247
5.6476478794794795	-0.22810052187232538	0.01600638135276946	-0.11390572702396741
5.654654885285285	-0.23715360579935554	0.01499807967062504	-0.11886921599950305
5.661661891091091	-0.24610342393248585	0.014058640248881796	-0.1237349236587314
5.668668896896897	-0.2548832813536039	0.013189009146413312	-0.12847224841122637
5.675675902702703	-0.26354783041950014	0.012393362696785905	-0.13310303018306557
5.682682908508508	-0.27202238156979003	0.011668848298344296	-0.13759379574283345
5.6896899143143145	-0.28037249060214914	0.01102191585753934	-0.14197071101269298
5.69669692012012	-0.28846879299491335	0.010448151356251061	-0.1461755970548516
5.703703925925926	-0.296351907895263	0.009950398550067973	-0.1502249506991448
5.7107109317317315	-0.3039954706338399	0.009528896106841881	-0.15410444362824796
5.717717937537538	-0.3113638815444081	0.009188302104167361	-0.1577943468640074
5.724724943343343	-0.31841614527050555	0.008927168120769123	-0.16127340688095834
5.731731949149149	-0.32512100673547406	0.008747215249690151	-0.16452491752856643
5.738738954954955	-0.33142325421413515	0.008650978358997967	-0.16751938847881861
5.745745960760761	-0.3372802024387007	0.008638557642707177	-0.17023362799937414
5.752752966566566	-0.34261307738949154	0.008714149155231532	-0.172625277757824
5.759759972372373	-0.3473280964994762	0.008877457530898435	-0.1746457058491374
5.766766978178178	-0.3513557869825856	0.009131586186429392	-0.17625642560210114
5.773773983983984	-0.35462833241900305	0.009481492678810346	-0.17741759930342574
5.78078098978979	-0.357016518612947	0.009930393472759601	-0.17806166379177685
5.787787995595596	-0.35838089486218383	0.010478349952562022	-0.1781124628909268
5.794795001401401	-0.3586264076893537	0.01113009450166644	-0.17751775321938934
5.801802007207208	-0.3575134754659997	0.01188895850651683	-0.1761494568559462
5.808809013013013	-0.3547919887916441	0.012755773220213078	-0.17387164548571032
5.815816018818818	-0.3503521906929194	0.013738254542319136	-0.17062315095025204
5.822823024624625	-0.34381919246590315	0.01483470005603918	-0.16620429638432438
5.82983003043043	-0.33496667819883585	0.016050608432267806	-0.16048999823566432
5.836837036236236	-0.3234302422625775	0.017387246308113852	-0.15328332538019712
5.843844042042042	-0.3089364646218359	0.01884041758950123	-0.14443970288026026
5.850851047847848	-0.2911100325701593	0.020413279029337178	-0.13375573881283995
5.857858053653653	-0.26945963780340687	0.02209971394069255	-0.12096647953361174
5.86486505945946	-0.24370561643124639	0.023895431642077254	-0.10592583984374945
5.871872065265265	-0.21340247152316083	0.025787969541789732	-0.08839872372193915
5.878879071071071	-0.17800764182859047	0.02776542668900877	-0.06809451560404899
5.885886076876877	-0.13733272143020844	0.02980639062211175	-0.04492322091654302
5.892893082682683	-0.09093689858433325	0.031893732178018136	-0.018654850498487974
5.899900088488488	-0.038438408962394574	0.03399860876540102	0.010905582127260543
5.9069070942942945	0.019805982978019162	0.03608297032625157	0.043532688665856044
5.9139141001001	0.08422239016260748	0.03811270740442933	0.07945325019885241
5.920921105905906	0.15430309811061022	0.040049327398187944	0.11836050534802586
5.9279281117117115	0.22967949869535859	0.041856846365995154	0.16002482159883236
5.934935117517518	0.3092494203522918	0.04347756854762996	0.20381248049765568
5.941942123323323	0.39224828976998605	0.04488063694716342	0.2492817465314635
5.948949129129129	0.4768299439742108	0.04601604458614143	0.29538405660585537
5.955956134934935	0.5611092380255327	0.04687740621972439	0.34104722610234905
5.962963140740741	0.6428049731034172	0.047423367585589855	0.38500267097115576
5.9699701465465465	0.7201956460878512	0.04765989112609137	0.4262926132626022
5.976977152352353	0.7908657522822143	0.04758348140534522	0.46359123966258015
5.983984158158158	0.8512245271700661	0.047248559626692194	0.49488576337016515
5.990991163963964	0.9003884174525421	0.04666012744314831	0.5197275043142637
5.99799816976977	0.9312116939749989	0.04586321603866325	0.5341951994486365
6.005005175575576	0.9574832061338564	0.04492727807798778	0.5461273109781085
6.012012181381381	0.9669718152276954	0.04389942711653304	0.5486848604211914
6.019019187187187	0.9645276446656605	0.042821785684770894	0.5446523810305564
6.026026192992993	0.9511474576817353	0.041736098954349016	0.5346173565648943
6.033033198798798	0.9280157594612922	0.040675057946167395	0.5192687222249451
6.040040204604605	0.8968666961754028	0.03966396237885176	0.49959713917567994
6.04704721041041	0.8593966446333304	0.03871701460335538	0.47656782132316594
6.054054216216216	0.8173734616513616	0.03784135807806825	0.45117287632443503
6.061061222022022	0.7726559206332695	0.037040847344994826	0.4244573339516715
6.068068227827828	0.7266847589414278	0.03631161525988225	0.3972170662310856
6.075075233633633	0.6807619746890445	0.03564925317497698	0.37017062578795346
6.08208223943944	0.6358862716344708	0.03504731577305431	0.3438639095084475
6.089089245245245	0.5929673729530408	0.03449940809502784	0.3187876205643588
6.096096251051051	0.5525116817407292	0.0339981038732098	0.2952096759174047
6.103103256856857	0.514925832358738	0.03353745208632731	0.2733440391976302
6.110110262662663	0.4802882610416775	0.03311038928694762	0.25322143992045104
6.117117268468468	0.4488070050131483	0.03271297976960564	0.23494834583134824
6.1241242742742745	0.4203349835241807	0.03234045675881533	0.21843696126613205
6.13113128008008	0.3947772336538687	0.03198899024387315	0.20362501662276122
6.138138285885886	0.372041562713408	0.03165625952147379	0.19045468698612192
6.1451452916916915	0.35190724829090114	0.03133945996356769	0.1787971757654045
6.152152297497498	0.3341306806982001	0.031036602765660844	0.1685100852728653
6.159159303303303	0.31850952204609617	0.030746855067091725	0.15947764586003169
6.1661663091091095	0.3048552992534498	0.03046849330808057	0.15158473602032757
6.173173314914915	0.29290609775712156	0.03020116325085215	0.1446840937397692
6.180180320720721	0.282479080912242	0.02994398478896957	0.13866771106764475
6.1871873265265265	0.2733070098371991	0.02969594720959473	0.13338590186750515
6.194194332332333	0.26531837447488615	0.0294564220893008	0.12878815463606721
6.201201338138138	0.25833972435437635	0.029224987457532343	0.12477383353072402
6.208208343943944	0.25219838545733014	0.029001523714819753	0.12124434635447294
6.21521534974975	0.24686200414616688	0.028785777146183456	0.11817506612069194
6.222222355555555	0.2420041943013272	0.02857722100751535	0.11538940660564088
6.229229361361361	0.23773235623924327	0.02837506600501081	0.11293584469184019
6.236236367167167	0.2339265066002592	0.028179749156394113	0.11074695060397914
6.243243372972973	0.23051110017335094	0.027990966567239126	0.10877885760895026
6.250250378778778	0.2273752928337418	0.02780852681152384	0.10696913364010632
6.257257384584585	0.22454732984533676	0.02763219857585846	0.105329528217927
6.26426439039039	0.2219362437518369	0.02746196048919543	0.10380912554323418
6.271271396196196	0.21950105107380782	0.027297694062824247	0.1023840174494457
6.278278402002002	0.21717310197760478	0.027139323391403482	0.10101523419039389
6.285285407807808	0.21497673907343204	0.02698645602164942	0.09971453484667658
6.292292413613613	0.2128657901972926	0.026838909912882056	0.0984551773171565
6.29929941941942	0.21081221696395808	0.026696815874322037	0.0972213962174915
6.306306425225225	0.20879426017528224	0.02656001936209387	0.09599968001735815
6.313313431031031	0.20679276598614468	0.02642829544757388	0.09477861941904953
6.320320436836837	0.20478431434680255	0.026301698781047662	0.09354539359679838
6.327327442642643	0.20275085353525765	0.026179614490561363	0.09228877868485064
6.334334448448448	0.20072516225014678	0.026062226390784336	0.09102657480662012
6.3413414542542546	0.1986679818418245	0.025949283876659613	0.08973652691613583
6.34834846006006	0.19657650810123137	0.02584091702402812	0.08841713359517973
6.355355465865866	0.19444253510039625	0.025736853164593346	0.08706342828575378
6.362362471671672	0.19226061412319675	0.025636948880383557	0.08567215209601443
6.369369477477478	0.19002790501277694	0.02554110533628079	0.0842417054783342
6.376376483283283	0.18774083717403028	0.025449141073950302	0.08277002236441482
6.3833834890890895	0.18539838453554222	0.025360944944060906	0.0812566699950391
6.390390494894895	0.18300097042359886	0.025276339805685374	0.07970209319720344
6.397397500700701	0.1805054171507581	0.025195541389984994	0.0780815517274376
6.4044045065065065	0.17799690307875596	0.02511794297095827	0.07644450517966031
6.411411512312312	0.17543418424513524	0.025043638809804473	0.07476741383399109
6.418418518118118	0.17281855830507367	0.024972480867193305	0.07305144670188785
6.4254255239239235	0.17015237411583792	0.024904317373384208	0.07129838180168514
6.43243252972973	0.16743519877441387	0.02483905182199002	0.06950793344562195
6.439439535535535	0.1646774921425318	0.02477656708912284	0.0676876248132788
6.446446541341341	0.16187921115309253	0.024716706473471933	0.06583740240330198
6.453453547147147	0.15904429285453653	0.024659220785553944	0.06396037417135023
6.460460552952953	0.15617681231644392	0.02460406105119446	0.06205927037131899
6.4674675587587585	0.15328047909799145	0.024551132267235907	0.06013658110987222
6.474474564564565	0.1503582129060192	0.02450022916977727	0.05819468846782237
6.48148157037037	0.14741266556058494	0.024451236669757223	0.05623523868565111
6.488488576176176	0.1444566303444594	0.024404058428410588	0.05426722544546718
6.495495581981982	0.14149134925042214	0.02435849798828023	0.052291682689705445
6.502502587787788	0.13852084412886587	0.024314228922029973	0.05031207276000892
6.509509593593593	0.13555466504089206	0.024271457232591827	0.04833379504255861
6.5165165993994	0.13258992085858615	0.024229788561838068	0.046355930417615744
6.523523605205205	0.12963804014692668	0.024189206949049028	0.044386139993941975
6.530530611011011	0.12670474612596574	0.024149683535126816	0.042427772169699875
6.537537616816817	0.12379426384833798	0.024110884723695762	0.040485120987653334
6.544544622622623	0.12090638593142067	0.024072709193301872	0.03855752038754009
6.551551628428428	0.11804905741535188	0.0240350563555935	0.03665042759755898
6.558558634234235	0.1152267393297389	0.02399778551010711	0.03476696988039559
6.56556564004004	0.1124479017390384	0.02396086116963616	0.03291291031681653
6.572572645845846	0.10970831663404002	0.02392406644295613	0.031085542007467746
6.579579651651652	0.1070162433578896	0.02388739887526826	0.029290270540141414
6.586586657457458	0.10437763572386843	0.02385068971669421	0.02753152313533191
6.593593663263263	0.10178801927385601	0.02381381998485945	0.025806164790299263
6.6006006690690695	0.09925484836163219	0.02377674267310534	0.024119283774596708
6.607607674874875	0.09678153088917028	0.023739389922948873	0.02247317336287271
6.61461468068068	0.09437195009010158	0.023701738706363502	0.020870418230320216
6.6216216864864865	0.09202253270701141	0.023663603035775166	0.019308684598832972
6.628628692292292	0.08973873542595147	0.023624998949642036	0.01779160122382496
6.635635698098098	0.08752318643168323	0.023585902506269053	0.01632091837647468
6.6426427039039035	0.0853772279506641	0.023546263407056883	0.014897485069745304
6.64964970970971	0.08329771164804065	0.023505982249741517	0.013519235361348471
6.656656715515515	0.08129022353609328	0.023465119001205785	0.01218978542934153
6.6636637213213215	0.0793539963459403	0.023423634246261805	0.010908598459775883
6.670670727127127	0.07748666854581608	0.023381457431701048	0.009674061596097674
6.677677732932933	0.07569057157651947	0.023338635463367542	0.008487666639945749
6.6846847387387385	0.07396764592157765	0.023295230017566386	0.00735060651137411
6.691691744544545	0.07231485960203207	0.023251166584112453	0.006260825430405618
6.69869875035035	0.07073129822401267	0.023206437175179218	0.005217649648152489
6.705705756156156	0.06921783401782935	0.023161098496371893	0.004221578259367343
6.712712761961962	0.06777564143542793	0.023115238265685203	0.0032732366205144047
6.719719767767768	0.06640034174032389	0.02306861897399207	0.0023702208416388664
6.726726773573573	0.06509235845541429	0.023021564312263765	0.001511852106620674
6.73373377937938	0.06385099100519026	0.02297399848978694	0.0006980247600206711
6.740740785185185	0.06267708661236399	0.022926032574180546	-7.079471513016082e-5
6.747747790990991	0.06156629660966116	0.02287757853730661	-0.0007975327655195319
6.754754796796797	0.06051830619211335	0.022828701571907202	-0.0014824655115652406
6.761761802602603	0.05953387354734979	0.02277962820631845	-0.002125528669635331
6.768768808408408	0.05860834814095357	0.022729949355424856	-0.002728718286119637
6.775775814214215	0.0577421348367194	0.0226800718865585	-0.0032929651992575776
6.78278282002002	0.05693358381991514	0.022629933154803696	-0.0038190461551747953
6.789789825825826	0.05618180773739888	0.02257964456881487	-0.004307626036968101
6.796796831631632	0.05548350360478617	0.022529105268912532	-0.004760930158946673
6.803803837437437	0.054838111989337066	0.022478418208065273	-0.005179369065980326
6.810810843243243	0.054243795896173085	0.02242762818591083	-0.005564210595042261
6.817817849049049	0.05369989876598406	0.022376836045125408	-0.005915940534532521
6.824824854854855	0.05320311766153237	0.022325932771860516	-0.006236763175081181
6.83183186066066	0.05275275057096029	0.02227506484791865	-0.00652720971124928
6.8388388664664665	0.052347767455906184	0.022224298802237235	-0.0067879863191848775
6.845845872272272	0.05198545331285274	0.022173539059558347	-0.007020893002729974
6.852852878078078	0.051664823911955884	0.022122894743193698	-0.007226635256624057
6.859859883883884	0.05138439297489535	0.02207242769049201	-0.007406190560560726
6.86686688968969	0.051142934962674025	0.022022310175017844	-0.007560916423312834
6.873873895495495	0.050937834639357533	0.021972217825786143	-0.007691605795999338
6.8808809013013015	0.050768597022732107	0.02192237391839439	-0.0077990597473714595
6.887887907107107	0.05063352353631864	0.02187278669604163	-0.007884186905148385
6.894894912912913	0.05053103101920342	0.021823482863810018	-0.007948273107267027
6.9019019187187185	0.05045983662763674	0.02177453347795459	-0.007992429887813589
6.908908924524525	0.05041879069396415	0.02172591731506827	-0.008017095403847348
6.91591593033033	0.050406397636038644	0.02167775893923627	-0.008023307887545622
6.922922936136136	0.05042164959334596	0.021630028094196747	-0.008012147331766108
6.929929941941942	0.05046343533634048	0.02158261495837264	-0.007983546200884706
6.936936947747748	0.05053034390819432	0.021535701300601045	-0.007938792761186779
6.943943953553553	0.05062164650634137	0.021489208737897388	-0.007878351228857243
6.95095095935936	0.050736237804222976	0.021443165917826024	-0.007802944098255581
6.957957965165165	0.05087314062385072	0.021397609228509352	-0.007713168478296798
6.964964970970971	0.05103127154285852	0.021352629018921463	-0.007609733241823615
6.971971976776777	0.0512103121608755	0.02130812600574887	-0.007492834450588674
6.978978982582583	0.051408915364492005	0.021264144711673587	-0.007363286965655568
6.985985988388388	0.05162663346588315	0.02122071534120939	-0.007221365823074087
6.992992994194195	0.051862326928073944	0.02117791375185424	-0.007067803834477072
7.0	0.05211581005	0.0211356179	-0.0069026807386
