t	CL	CD	CM
250.0003931	2.4619429093999992e-5	0.038861259846	1.0912739068999998e-5
250.0073997135135	-4.3184356307434905e-7	0.0389063706982734	2.0535151509978573e-8
250.01440632702702	-3.542894540853036e-7	0.03864461253818879	4.996616593882512e-8
250.02141294054053	-3.0134668456879795e-7	0.03844612654749636	6.956578400234521e-8
250.02841955405404	-2.720561196177357e-7	0.03828559176208161	7.801326687180178e-8
250.03542616756755	-2.6099908500864385e-7	0.038150702143484205	7.772341218330338e-8
250.0424327810811	-2.660149770676005e-7	0.03803441923991112	7.045126819358483e-8
250.0494393945946	-2.7278201104054157e-7	0.037932295700033834	6.267739481296752e-8
250.0564460081081	-2.8060898545849745e-7	0.03784131977396782	5.5005442498554775e-8
250.06345262162162	-2.852589536048784e-7	0.037759354780546824	4.9156452390317645e-8
250.07045923513513	-2.851218450740037e-7	0.0376848280097657	4.572553771258783e-8
250.07746584864864	-2.8187832219397545e-7	0.037616527124241676	4.40026667195592e-8
250.08447246216215	-2.759848619537614e-7	0.03755352171774033	4.355892910765229e-8
250.09147907567566	-2.669400177817159e-7	0.03749512401594489	4.428097036854673e-8
250.09848568918918	-2.5738493923911096e-7	0.037440735521938155	4.4996957355866525e-8
250.1054923027027	-2.4643670411041205e-7	0.037389868971073666	4.620782167325303e-8
250.11249891621623	-2.3500652881553356e-7	0.03734212232048243	4.736894578211547e-8
250.11950552972974	-2.230651457332258e-7	0.03729715923424	4.856630710366645e-8
250.12651214324325	-2.118585416667075e-7	0.0372546943436899	4.9443088310082155e-8
250.13351875675676	-2.0108362955548297e-7	0.03721448607535567	5.007960222499686e-8
250.14052537027027	-1.8859540057834838e-7	0.03717632466507201	5.148700923242751e-8
250.14753198378378	-1.7706837459148587e-7	0.037140028913216716	5.260107397230481e-8
250.1545385972973	-1.6515836605986898e-7	0.03710544029408017	5.399357009687612e-8
250.1615452108108	-1.5224652091079198e-7	0.03707242107422017	5.586607192965533e-8
250.1685518243243	-1.3918956005411017e-7	0.03704084841272495	5.7899261588463986e-8
250.17555843783782	-1.2390294143575723e-7	0.03701061377606126	6.081788378185794e-8
250.18256505135136	-1.086787192354792e-7	0.03698162047914789	6.374485458963785e-8
250.18957166486487	-8.999562014154661e-8	0.03695378153974766	6.798007929169749e-8
250.19657827837838	-7.055109972453381e-8	0.03692702001943407	7.248965570705009e-8
250.2035848918919	-4.955956406369428e-8	0.03690126531202802	7.755286496929466e-8
250.2105915054054	-2.505501126309953e-8	0.036876453928619636	8.388208313266838e-8
250.21759811891891	1.8221045040971624e-9	0.03685252777159944	9.105628147367972e-8
250.22460473243243	3.0603451397966646e-8	0.03682943491215256	9.881674183646142e-8
250.23161134594594	6.427044291319813e-8	0.03680712693459626	1.0835092482868831e-7
250.23861795945945	1.0073469124952503e-7	0.036785559742120576	1.1879277124647452e-7
250.24562457297296	1.4277998625420905e-7	0.0367646927834137	1.311914329928757e-7
250.2526311864865	1.9020374872382696e-7	0.03674448698036086	1.454181818496324e-7
250.2596378	2.4306167165201937e-7	0.03672490431956824	1.6145276257185219e-7
250.26664441351352	3.030778344366979e-7	0.03670592084363916	1.799386835456769e-7
250.27365102702703	3.714571647884656e-7	0.03668750563059514	2.012516146862665e-7
250.28065764054054	4.4856668583925257e-7	0.03666963066856417	2.2542686726106526e-7
250.28766425405405	5.3798652457649e-7	0.03665227010434733	2.538189263996795e-7
250.29467086756756	6.393871267758749e-7	0.036635399638605834	2.859525916743243e-7
250.30167748108107	7.566776119981969e-7	0.03661899749204955	3.2364907534714576e-7
250.30868409459458	8.911234691155983e-7	0.03660304236731757	3.670651158686681e-7
250.3156907081081	1.046009930837147e-6	0.0365875147284358	4.173621251343486e-7
250.32269732162163	1.2251588524975003e-6	0.0365723961980382	4.758612148577589e-7
250.32970393513514	1.4323989928513706e-6	0.036557669539939955	5.438442163784556e-7
250.33671054864865	1.6726275151753255e-6	0.03654331834631191	6.229921991586076e-7
250.34371716216216	1.950851637123752e-6	0.03652932767921586	7.150039353336118e-7
250.35072377567568	2.2749183474581235e-6	0.036515683004056214	8.226630757596446e-7
250.3577303891892	2.6514586975884227e-6	0.03650237075419751	9.481574584193171e-7
250.3647370027027	3.087961672182765e-6	0.03648937804863255	1.09399723927034e-6
250.3717436162162	3.5991042933885893e-6	0.03647669278914811	1.2654323805849401e-6
250.37875022972972	4.19191714299427e-6	0.03646430339660783	1.4646534388848598e-6
250.38575684324323	4.883114489446929e-6	0.03645219908376824	1.6974459268555448e-6
250.39276345675674	5.690189891458777e-6	0.03644036947073416	1.969897227873106e-6
250.39977007027028	6.629147691756419e-6	0.03642880478050832	2.2873348133881716e-6
250.4067766837838	7.724717644829141e-6	0.036417495665401776	2.658325704121605e-6
250.4137832972973	9.002281327318035e-6	0.036406433276477655	3.0915422657411855e-6
250.4207899108108	1.0491115974750084e-5	0.036395609169951375	3.5969681004684316e-6
250.42779652432432	1.2227574190256321e-5	0.036385015303365215	4.187027029087667e-6
250.43480313783783	1.4254120832369144e-5	0.03637464405715526	4.876397085209353e-6
250.44180975135134	1.6615689826719617e-5	0.036364488117227735	5.6802405729737834e-6
250.44881636486485	1.9370872022674596e-5	0.0363545404881732	6.618732022473511e-6
250.45582297837836	2.2584942188245452e-5	0.03634479456050941	7.714126830817315e-6
250.46282959189188	2.633242402792072e-5	0.03633524393528742	8.991869102964794e-6
250.46983620540541	3.070497641169067e-5	0.036325882539844256	1.0483369342469978e-5
250.47684281891893	3.5804649411040126e-5	0.0363167045637797	1.2223461494195084e-5
250.48384943243244	4.175150664377109e-5	0.036307704403965246	1.425302167467407e-5
250.49085604594595	4.869002892768791e-5	0.03629887679922498	1.662165284338087e-5
250.49786265945946	5.6782260036367574e-5	0.0362902165569841	1.9384553931505563e-5
250.50486927297297	6.622287016216612e-5	0.03628171870174969	2.2608363203099392e-5
250.51187588648648	7.723445077596592e-5	0.03627337874787366	2.6369053208081056e-5
250.5188825	9.007925120814717e-5	0.036265192004759736	3.075647767820692e-5
250.5258891135135	0.0001050641782574199	0.03625715418120774	3.587513351092685e-5
250.532895727027	0.0001225426437882582	0.036249261159608484	4.1845874180437704e-5
250.53990234054055	0.0001429336332016929	0.036241508821347905	4.881171220914957e-5
250.54690895405406	0.0001667200577119364	0.03623389334129712	5.69380275014259e-5
250.55391556756757	0.0001944664305293353	0.03622641112304025	6.641741215313969e-5
250.56092218108108	0.0002268345356675402	0.036219058563907114	7.74760583624998e-5
250.5679287945946	0.0002645936247340093	0.03621183217174974	9.03766799131557e-5
250.5749354081081	0.0003086413434444864	0.03620472876003712	0.00010542599644371785
250.58194202162161	0.0003600247513669	0.0361977449837054	0.00012298161945637666
250.58894863513513	0.00041996809867002284	0.036190877885098637	0.00014346186146242987
250.59595524864864	0.0004898918570555902	0.036184124571823476	0.0001673519093219416
250.60296186216215	0.0005714612863257224	0.03617748218979955	0.0001952207039324813
250.6099684756757	0.0006666134416684226	0.036170947982009254	0.00022772967437607812
250.6169750891892	0.0007776059961282532	0.03616451950245076	0.000265650553060509
250.6239817027027	0.000907078910686165	0.03615819405891485	0.0003098849117331276
250.63098831621622	0.0010581066024951285	0.03615196929387044	0.00036148274565316773
250.63799492972973	0.0012342670686179545	0.03614584311812849	0.0004216661673418167
250.64500154324324	0.0014397437997635664	0.03613981345084967	0.0004918642305622238
250.65200815675675	0.0016794022367354197	0.03613387834478828	0.0005737383833205952
250.65901477027026	0.0019589242348902487	0.036128036111484116	0.0006692292526532197
250.66602138378377	0.0022849232999252534	0.03612228513423081	0.0007805952318726225
250.67302799729728	0.0026651101979348404	0.03611662431066741	0.0009104690409006361
250.68003461081082	0.0031084636384783853	0.036111052792931184	0.0010619163999825148
250.68704122432433	0.003625442676088913	0.036105570222993995	0.0012385077824889471
250.69404783783784	0.0042282271292871584	0.03610017679442894	0.0014444007077443696
250.70105445135135	0.004930990389091015	0.03609487349217074	0.0016844323331407698
250.70806106486486	0.00575022630750493	0.0360896625286699	0.0019642308749642998
250.71506767837838	0.00670511708844352	0.03608454722329677	0.0022903403688386116
250.7220742918919	0.007817957997599373	0.0360795330425909	0.002670365161931713
250.7290809054054	0.00911465277491504	0.03607462797165764	0.0031131379193981277
250.7360875189189	0.010625266711695851	0.03606984307375704	0.0036289064123625715
250.74309413243242	0.012384676142543516	0.036065194552523404	0.004229554078054922
250.75010074594593	0.014433321402422728	0.03606070491079158	0.0049288550330191735
250.75710735945947	0.016817817295964047	0.036056399932004914	0.005742668928704573
250.76411397297298	0.019592463649968795	0.036052326374036416	0.006689476761431798
250.7711205864865	0.02281948457932342	0.036048541767932984	0.007790425395666455
250.7781272	0.02657083887404053	0.03604512280829687	0.009069952438259012
250.7851338135135	0.030929020199046458	0.0360421746234872	0.010556044039184387
250.79214042702702	0.03598881305244543	0.03603983918309581	0.012280816191215056
250.79914704054053	0.041858338874059445	0.0360383082233162	0.014280848271411503
250.80615365405404	0.04866090948164558	0.03603783979010715	0.01659778669494175
250.81316026756755	0.05653617645340457	0.03603878031537519	0.01927869336879173
250.82016688108106	0.06564182491635483	0.03604159362702086	0.022376571537923075
250.8271734945946	0.07615446089980729	0.036046898830284856	0.025950596031290775
250.83418010810811	0.08827116026733162	0.03605552082410894	0.030066545230939132
250.84118672162163	0.10220850045636089	0.03606855220604923	0.03479635290019577
250.84819333513514	0.1182037791929271	0.03608743451403495	0.040218361270578956
250.85519994864865	0.13651144501490287	0.03611406028123441	0.046415901793955924
250.86220656216216	0.15740170903677583	0.036150901741140856	0.0534765667736835
250.86921317567567	0.18115340824665865	0.03620116307295764	0.061489479857735695
250.87621978918918	0.20804822153118627	0.03626896521778466	0.07054292384248559
250.8832264027027	0.2383577944034013	0.03635955211851695	0.08071950836474229
250.8902330162162	0.2723306058157863	0.03647952067649554	0.0920911753087149
250.89723962972974	0.3101696521587325	0.03663704258645392	0.10471096307524187
250.90424624324325	0.352019639747829	0.03684210413102927	0.11860836382044115
250.91125285675676	0.3979255560417671	0.03710669996741217	0.13377425216267586
250.91825947027027	0.4478132651396918	0.03744493163029946	0.15015398820647605
250.92526608378378	0.5014582169585254	0.03787297333428547	0.16763649330037056
250.9322726972973	0.5584505841111286	0.0384088022778475	0.18604224684837237
250.9392793108108	0.6181763330043312	0.039071831233594354	0.20511713816910182
250.94628592432431	0.6798644910061158	0.03988151775529642	0.22455556745810462
250.95329253783783	0.7425008738441912	0.040856391183235675	0.24396440941476394
250.96029915135134	0.8049143540193244	0.04201237940082104	0.26289896250463707
250.96730576486488	0.8657815192709282	0.04336120796171765	0.2808674057447102
250.9743123783784	0.9237306105514131	0.04490862428551182	0.297370409250507
250.9813189918919	0.9774193929721089	0.0466529685658502	0.31193155693560115
250.9883256054054	1.025628559262016	0.04858435059211964	0.32413217781998155
250.99533221891892	1.0673812581731332	0.05068469571217003	0.3336572121150717
251.00233883243243	1.1020257402343994	0.052928215791113835	0.3403243951712066
251.00934544594594	1.129249979001614	0.05528382809263468	0.3440841111972311
251.01635205945945	1.149113931681708	0.057717268349687156	0.3450283948564117
251.02335867297296	1.162021535300843	0.06019452752010437	0.3433781240736268
251.03036528648647	1.168667300596874	0.06268429075925522	0.3394583433411093
251.0373719	1.169950393860333	0.06516075417549291	0.3336625179630055
251.04437851351352	1.1669262026171956	0.06760534561656249	0.326434778878984
251.05138512702703	1.1606970601042632	0.07000744331681777	0.31822932176137236
251.05839174054054	1.1523400959633283	0.07236403254711893	0.30947845420282033
251.06539835405405	1.1428415900140447	0.0746789696839343	0.3005697905576328
251.07240496756756	1.1330507033942283	0.07696184706245181	0.291832956075713
251.07941158108108	1.123658049208074	0.07922621239274652	0.2835261183793552
251.0864181945946	1.1151977136341302	0.08148785922485341	0.27583876830664417
251.0934248081081	1.10803413555983	0.08376315930658122	0.26889132185460096
251.1004314216216	1.102361603887551	0.08606717238195102	0.262735341452987
251.10743803513512	1.098258976747812	0.088413279002147	0.2573713900861901
251.11444464864866	1.0957007628427193	0.09081182229305491	0.25275842481258487
251.12145126216217	1.0945778553915	0.09327005727683005	0.24882393546615764
251.12845787567568	1.0947347317227434	0.09579185846474325	0.24547956700233578
251.1354644891892	1.0959964362389907	0.09837838370388184	0.24262921687569378
251.1424711027027	1.0981823549989036	0.10102860127380005	0.24018156309373254
251.1494777162162	1.1011137391672436	0.10373931383413204	0.23805088430188326
251.15648432972972	1.104645194303381	0.10650649203064395	0.23616426261398446
251.16349094324323	1.1086408667142948	0.10932520620604338	0.2344611480132028
251.17049755675674	1.1129971519924857	0.11219051618787045	0.23289550860975589
251.17750417027025	1.1176631661995542	0.11509977642940347	0.23144569479278654
251.1845107837838	1.122601377108465	0.11805057524702327	0.2301015252458901
251.1915173972973	1.127780574842723	0.1210401689196978	0.22885015505474948
251.19852401081081	1.1331801906401564	0.12406613786708692	0.2276888459327834
251.20553062432433	1.1388021884750057	0.12712772859004853	0.22662055966940323
251.21253723783784	1.1446485463396407	0.13022399561787754	0.22565547750509865
251.21954385135135	1.1507402337066068	0.13335693043873717	0.2248021518459939
251.22655046486486	1.1570835462578306	0.13652602463742575	0.22407191630221995
251.23355707837837	1.1636901080483242	0.13973337799842442	0.22346508084998554
251.24056369189188	1.1705651097088197	0.14298002948748906	0.22298958465987606
251.2475703054054	1.1777015677176117	0.14626643872672043	0.22264356336787253
251.25457691891893	1.1850999414882402	0.14959406201809647	0.222426766602644
251.26158353243244	1.192747915054686	0.15296338863936507	0.22233487672537708
251.26859014594595	1.2006279060425245	0.15637446956340648	0.22235889914488244
251.27559675945946	1.2087234601946442	0.15982791805009944	0.22249080091502738
251.28260337297297	1.2170139541548344	0.1633235995665379	0.22271960199583524
251.28960998648648	1.225472985998826	0.1668607302754408	0.22303353734669376
251.2966166	1.2340745183269088	0.1704384258480809	0.22341870725587878
251.3036232135135	1.242790127954458	0.1740551028811191	0.22386075135043249
251.31062982702701	1.251588615475353	0.1777087235303279	0.22434436094720375
251.31763644054053	1.2604419002930825	0.18139708122906475	0.22485638984477732
251.32464305405406	1.269325978203798	0.18511823868302132	0.22538361689461572
251.33164966756758	1.2782163045908965	0.18886977581841657	0.22591519716245204
251.3386562810811	1.2870941218830103	0.1926497029479398	0.2264406012343538
251.3456628945946	1.2959401385694784	0.19645579240155597	0.22695120957098336
251.3526695081081	1.3047406526693248	0.20028597927033723	0.22744102859600576
251.35967612162162	1.3134871194706925	0.20413907356130248	0.22790463472786887
251.36668273513513	1.3221715272733858	0.2080136031208125	0.2283393071946481
251.37368934864864	1.3307917024699925	0.21190853633701376	0.22874488940206694
251.38069596216215	1.339349902568178	0.2158238309871903	0.22912127650322173
251.38770257567566	1.3478470383757304	0.21975891813690238	0.2294703141811953
251.3947091891892	1.3562890301193804	0.2237139718219404	0.22979534646595415
251.4017158027027	1.3646815323415646	0.227688875157071	0.2301004386154661
251.40872241621622	1.3730386126078145	0.23168542806890607	0.2303908290329932
251.41572902972973	1.381367417076868	0.23570425637064857	0.23067170899098488
251.42273564324324	1.3896778266689163	0.23974646459130952	0.23094820349561718
251.42974225675675	1.3979781791824226	0.24381304351634175	0.2312247738613789
251.43674887027026	1.406276160240762	0.24790457716907288	0.23150628108797364
251.44375548378378	1.4145840730075872	0.25202363530439414	0.23179635573133386
251.4507620972973	1.4229064308704038	0.2561708454903023	0.2320987931230783
251.4577687108108	1.4312495088181785	0.2603473976431523	0.23241667532406537
251.46477532432434	1.439618221137262	0.2645542804341174	0.23275224219217847
251.47178193783785	1.448016726184204	0.26879253498473177	0.23310739106884068
251.47878855135136	1.4564470460949959	0.2730628738032894	0.2334829711661217
251.48579516486487	1.464903844088831	0.2773634456297404	0.23388066204399857
251.49280177837838	1.4734015543711572	0.2816987193754303	0.23429681009559283
251.4998083918919	1.4819283653187165	0.28606762240329947	0.23473214598458
251.5068150054054	1.4904834402686074	0.2904716797841626	0.23518217165957084
251.5138216189189	1.4990546572901258	0.2949067884209214	0.23564875152659076
251.52082823243242	1.5076445537118015	0.2993741288065088	0.23612812168511987
251.52783484594593	1.5162491809718173	0.3038737815604423	0.23661757826251442
251.53484145945944	1.5248630476840586	0.3084051936141594	0.23711502498937817
251.54184807297298	1.5334836393812894	0.3129682461617366	0.23761809899724712
251.5488546864865	1.5421054527876907	0.31756249909684003	0.23812444059824764
251.5558613	1.55072352764884	0.3221872367703439	0.23863189165713622
251.56286791351351	1.5593351837581249	0.3268421226374423	0.2391379654212449
251.56987452702703	1.5679373318218484	0.33152716143191713	0.23964140971297213
251.57688114054054	1.5765260895909776	0.33624170411694215	0.24014041661808527
251.58388775405405	1.585099725099991	0.34098563206831867	0.24063422915762211
251.59089436756756	1.5936582917343531	0.34575938156455255	0.2411216797085999
251.59790098108107	1.6022001320245145	0.3505629500263044	0.2416025243814106
251.60490759459458	1.6107251137499035	0.35539656122743585	0.24207651560738505
251.61191420810812	1.619233775119437	0.3602606114556619	0.2425441880557591
251.61892082162163	1.6277282122562642	0.3651556904001316	0.24300523789391584
251.62592743513514	1.636209917000632	0.3700829832819614	0.24346075994821284
251.63293404864865	1.6446808885626658	0.3750432431879663	0.24391158936899054
251.63994066216216	1.6531444183257775	0.3800377124307702	0.2443589952984192
251.64694727567567	1.6616038856613644	0.3850677065457081	0.24480430952191767
251.65395388918918	1.6700625721790474	0.39013450207767214	0.24524931451377496
251.6609605027027	1.6785247527598717	0.39523982846916444	0.24569404315811066
251.6679671162162	1.6869929625688402	0.40038537071215785	0.24614033276402078
251.67497372972971	1.6954706397368726	0.40557280509681176	0.246589227952695
251.68198034324325	1.703960616355713	0.4108036350636731	0.24704160939468542
251.68898695675676	1.712466107942786	0.4160797231351365	0.24749829092054695
251.69599357027028	1.7209899307918013	0.4214029255147697	0.24795990262105064
251.7030001837838	1.7295341203808958	0.4267748791823375	0.2484267670602348
251.7100067972973	1.7381011416983068	0.43219756379361773	0.2488992123945276
251.7170134108108	1.7466931519732154	0.437672978360009	0.2493773886634785
251.72402002432432	1.7553148547006965	0.4432040176557565	0.24986397799256438
251.73102663783783	1.7639614151660474	0.4487886086148051	0.2503524586100458
251.73803325135134	1.7726405085051533	0.4544339140538446	0.25084696106207344
251.74503986486485	1.7813490619611991	0.4601400092970444	0.2513460077675999
251.7520464783784	1.7900857729892217	0.4659085807217718	0.251846986282632
251.7590530918919	1.7988536783500102	0.4717430637425484	0.2523532322860491
251.7660597054054	1.807651966512149	0.47764349074341633	0.25286144610067224
251.77306631891892	1.816481800031304	0.48361273099480184	0.25337114769436986
251.78007293243243	1.8253429844114128	0.4896530203786168	0.25388155438158544
251.78707954594594	1.8342355379486963	0.49576664444189206	0.2543921379169455
251.79408615945945	1.843157585164494	0.5019551203022137	0.2549013690430702
251.80109277297296	1.8521085390557979	0.5082209092197245	0.2554089248759719
251.80809938648648	1.8610868355967616	0.5145657542274781	0.2559140842708938
251.815106	1.8700911394428728	0.5209915555621727	0.25641636361097053
251.82211261351353	1.8791187523507593	0.527499645785194	0.2569152372609819
251.82911922702704	1.8881677874444516	0.534091670965137	0.25741049472811084
251.83612584054055	1.8972348654803732	0.5407686335711315	0.25790188531495106
251.84313245405406	1.906316679016326	0.5475313825263545	0.2583895341107103
251.85013906756757	1.9154096688820972	0.5543806597199317	0.2588736549526822
251.85714568108108	1.9245097398670667	0.5613168078736606	0.2593545993404482
251.8641522945946	1.9336125310890797	0.5683399490416715	0.25983285067289114
251.8711589081081	1.942713863311034	0.575450101703705	0.2603091965328313
251.8781655216216	1.9518088046872193	0.5826467616775364	0.2607843073598321
251.88517213513512	1.9608954757285426	0.5899301254080459	0.26125960974303875
251.89217874864863	1.9699667418497693	0.5972989376546108	0.2617349453158808
251.89918536216217	1.9790189999656351	0.604752487625184	0.2622117239257935
251.90619197567568	1.9880488964032013	0.6122900810329741	0.26269083727804865
251.9131985891892	1.997054720908644	0.6199114735654101	0.263173283051734
251.9202052027027	2.006033051853781	0.6276154171269367	0.26365970225746743
251.92721181621621	2.0149818151036314	0.6354011771331058	0.2641509782744768
251.93421842972973	2.023899303824672	0.6432679583006153	0.2646475340765365
251.94122504324324	2.0327849355800947	0.6512152069464122	0.265150084782908
251.94823165675675	2.0416388310899607	0.6592429153073687	0.2656590897201829
251.95523827027026	2.050459658272027	0.6673500878491435	0.26617504005626647
251.96224488378377	2.059245726009774	0.6755355801337903	0.2666981554756721
251.9692514972973	2.0679972424203537	0.6837991274784446	0.2672287306543077
251.97625811081082	2.076714790783646	0.6921405970329019	0.2677669029824906
251.98326472432433	2.0853974958204664	0.7005591565217112	0.26831266850324603
251.99027133783784	2.094044445838681	0.7090539254842017	0.2688661754298719
251.99727795135135	2.1026527657914165	0.7176232327385107	0.2694270160530517
252.00428456486486	2.111220629363546	0.7262657473754952	0.26999492639366196
252.01129117837837	2.1197493072756406	0.7349816823732949	0.2705704299190101
252.01829779189188	2.1282376852877873	0.7437702540136064	0.27115351393757736
252.0253044054054	2.1366850243522015	0.752630788902629	0.27174417508968374
252.0323110189189	2.145088499966059	0.7615614684916896	0.27234196278991085
252.03931763243244	2.1534472722733664	0.770561657190687	0.2729471014260936
252.04632424594595	2.161759736298042	0.7796302667374885	0.2735593077331618
252.05333085945946	2.170024329021998	0.7887662334845134	0.2741787913490141
252.06033747297298	2.1782403448548653	0.7979690970434882	0.2748055312491608
252.0673440864865	2.186408237911497	0.8072385247071547	0.27544000506131483
252.0743507	2.1945217274535844	0.816571129347747	0.27608081341826085
252.0813573135135	2.202582705049401	0.825967835282919	0.2767292095671358
252.08836392702702	2.2105898167734566	0.8354276472415271	0.27738518695775904
252.09537054054053	2.2185420696556557	0.8449495417366137	0.2780483027604801
252.10237715405404	2.2264386081244454	0.8545326624705311	0.2787187704883818
252.10938376756758	2.234277933419724	0.8641758255079227	0.27939647185568484
252.1163903810811	2.2420593230223056	0.8738783559229846	0.28008147296778807
252.1233969945946	2.2497856494985493	0.8836409608173482	0.2807747882232941
252.1304036081081	2.257448328835326	0.8934592160336143	0.28147483033242754
252.13741022162162	2.265049745726555	0.9033339449154355	0.28218286970392387
252.14441683513513	2.2725885351912023	0.9132640806471367	0.282898941092437
252.15142344864864	2.2800653143596366	0.9232497462882	0.28362423933483605
252.15843006216215	2.2874790687036253	0.9332897604353348	0.28435870011187653
252.16543667567566	2.294829488113326	0.9433835518947089	0.28510225124195704
252.17244328918918	2.302122947311376	0.9535340662483858	0.28585697099083557
252.17944990270271	2.3093446249577507	0.9637324697471337	0.2866191516904901
252.18645651621623	2.316500751291459	0.973981796462044	0.28739082531697563
252.19346312972974	2.3235902607589756	0.9842809337942554	0.28817229877913547
252.20046974324325	2.330611302531646	0.994628172816948	0.2889633496929323
252.20747635675676	2.3375637743483075	1.0050229133196067	0.2897643395432026
252.21448297027027	2.3444471545624714	1.015464012968897	0.2905750630624072
252.22148958378378	2.351262080150186	1.0259517710932986	0.29139654269047244
252.2284961972973	2.358008016668948	1.0364854277589033	0.2922291894254072
252.2355028108108	2.364684208520288	1.04706396788524	0.29307314107925814
252.2425094243243	2.3712893216330153	1.0576861821548376	0.29392837115613735
252.24951603783782	2.377823072764278	1.0683511812699105	0.29479494466486356
252.25652265135136	2.3842852073393916	1.079058270547131	0.29567296770304785
252.26352926486487	2.3906748510653633	1.089806149961194	0.29656225550558457
252.27053587837838	2.3969884708013263	1.1005922107925041	0.2974619859637685
252.2775424918919	2.4032271133385477	1.111416517203185	0.2983725367178889
252.2845491054054	2.4093905853639472	1.1222781567816456	0.2992941028656786
252.29155571891891	2.415480079199503	1.133177410562356	0.30022720114587453
252.29856233243243	2.4214903339023226	1.1441103863522455	0.30117068079334697
252.30556894594594	2.4274245640493053	1.1550785759784568	0.3021256237014391
252.31257555945945	2.4332815891543484	1.166080860597381	0.303091933167989
252.31958217297296	2.4390644594308157	1.1771183144407453	0.30407054569073655
252.3265887864865	2.4447662822850704	1.1881861908238278	0.30505934331184686
252.3335954	2.450389473259672	1.1992852062486168	0.30605908710522983
252.34060201351352	2.455932801054327	1.2104143420376972	0.3070698925259021
252.34760862702703	2.461395714205401	1.221572848092533	0.30809185265268113
252.35461524054054	2.4667767123375652	1.2327588998844625	0.30912473266027307
252.36162185405405	2.4720753238372946	1.2439716262330263	0.3101682231162408
252.36862846756756	2.4772950930278563	1.2552125613910161	0.31122339942383015
252.37563508108107	2.482427786094579	1.2664754693789577	0.31228762692621886
252.38264169459458	2.4874772714085376	1.2777626697921487	0.31336247349914637
252.3896483081081	2.4924432746883123	1.289073295129106	0.31444838166446176
252.39665492162163	2.497325530756113	1.3004066837062012	0.31554523432335546
252.40366153513514	2.5021228438367396	1.3117613192659139	0.3166527962557752
252.41066814864865	2.50683480573733	1.3231361763649494	0.31777100403196995
252.41767476216216	2.5114613257444187	1.3345304079021956	0.3188996475533718
252.42468137567568	2.516002214229938	1.345943371400664	0.3200388732907258
252.4316879891892	2.520456615349187	1.3573736043756193	0.3211883434842215
252.4386946027027	2.5248246550796396	1.3688203841101454	0.3223480624649911
252.4457012162162	2.529105448075917	1.3802825942946118	0.3235180441026579
252.45270782972972	2.5332987543968652	1.391759167358234	0.32469828292193903
252.45971444324323	2.5374031987095007	1.4032486686901529	0.32588878379507064
252.46672105675677	2.541418378030423	1.414750364066738	0.3270896886526904
252.47372767027028	2.5453438107110666	1.4262630040514745	0.3283012271703487
252.4807342837838	2.549178703153457	1.4377853777193543	0.3295231163701982
252.4877408972973	2.552923895967901	1.4493173358226328	0.3307554069554443
252.4947475108108	2.556577923737676	1.4608568272887805	0.3319977350313828
252.50175412432432	2.560141975263941	1.472404237422874	0.33325056358226834
252.50876073783783	2.563613518293753	1.4839567090032408	0.3345128766417091
252.51576735135134	2.5669936976166414	1.4955143619452347	0.33578492771813734
252.52277396486485	2.570282102132356	1.5070760379983914	0.3370665962844104
252.52978057837836	2.5734781864898597	1.5186405103347331	0.33835758067105826
252.5367871918919	2.5765822768142503	1.5302069319748264	0.33965766626926375
252.54379380540541	2.5795939359376363	1.5417743650699822	0.34096672571509307
252.55080041891893	2.582512687444137	1.5533417429934566	0.3422843816223452
252.55780703243244	2.5853379050842986	1.5649077864730978	0.3436103386540939
252.56481364594595	2.588067437434769	1.5764700263198674	0.3449442399857561
252.57182025945946	2.590703032573814	1.5880288090450185	0.34628626402171986
252.57882687297297	2.5932426399971282	1.5995818993195623	0.34763590790983767
252.58583348648648	2.595685428688275	1.6111278389007437	0.3489928411793928
252.5928401	2.5980304654029145	1.6226650060809946	0.35035649392402834
252.5998467135135	2.6002769621041173	1.6341917830587867	0.351726002029797
252.606853327027	2.6024235716118613	1.6457060671584904	0.35310051711512525
252.61385994054055	2.6044686964668444	1.657205607531834	0.3544788411336713
252.62086655405406	2.6064107572667554	1.6686883000347108	0.35585970798293914
252.62787316756757	2.6082481199191516	1.680151821687127	0.3572421747012467
252.63487978108108	2.6099779545207906	1.69159308924041	0.35862494372893083
252.6418863945946	2.6115971188367793	1.7030085148731724	0.3600063559006218
252.6488930081081	2.613102786274875	1.714394797650571	0.3613847280551796
252.65589962162161	2.614490541331816	1.7257473341092826	0.3627578100175392
252.66290623513513	2.6157547119492217	1.737060506885782	0.3641232704387646
252.66991284864864	2.616890911635034	1.7483294519876809	0.3654785363011709
252.67691946216215	2.6178935021982923	1.7595481440657046	0.366819800703199
252.68392607567569	2.6187537036262114	1.7707082766814881	0.36814306785602063
252.6909326891892	2.6194622371268053	1.7818009035135365	0.36944399322147015
252.6979393027027	2.6200096679731355	1.7928167328560272	0.37071729661976077
252.70494591621622	2.620384878505328	1.8037446605113723	0.3719567370750495
252.71195252972973	2.6205727334718976	1.8145702912663118	0.37315539062283326
252.71895914324324	2.620557469890872	1.825278636735593	0.3743051212180725
252.72596575675675	2.6203221346701797	1.835853213561349	0.3753967147607131
252.73297237027026	2.619844916279562	1.8462727926711004	0.3764190708150886
252.73997898378377	2.619101641549618	1.856513683963602	0.3773592351356116
252.74698559729728	2.6180649968921745	1.8665494439350758	0.3782027269134239
252.75399221081082	2.6166955659205	1.8763422394684974	0.37892928006143
252.76099882432433	2.614968651342438	1.8858675221630559	0.3795256257031785
252.76800543783784	2.612834370984773	1.8950769298347119	0.3799663204626304
252.77501205135135	2.6102420143297733	1.9039207090001231	0.38022427640807965
252.78201866486486	2.607138612720289	1.9123460850089684	0.38027088830984884
252.78902527837838	2.6034567628927054	1.920286807818204	0.3800712117349706
252.7960318918919	2.599119754892774	1.9276670291264917	0.37958522333077394
252.8030385054054	2.5940471290356375	1.934406038590645	0.37877003918545116
252.8100451189189	2.5881423309809906	1.9404067516379422	0.37757408555862737
252.81705173243242	2.5812947006581983	1.9455572403485781	0.3759384859431982
252.82405834594596	2.573387764036054	1.9497381646392107	0.3738009450330542
252.83106495945947	2.5642818682081825	1.9528067885682743	0.3710877174990776
252.83807157297298	2.553835020946011	1.9546157334897674	0.3677225247143888
252.8450781864865	2.5418809712825277	1.9549914996834685	0.36361594949164217
252.8520848	2.5282489309765688	1.9537529210120355	0.35867534234661425
252.8590914135135	2.512760159877249	1.9507076666609042	0.35280305358283015
252.86609802702702	2.4952182789376303	1.9456424930618543	0.34589223053971807
252.87310464054053	2.4754363786101483	1.9383487478769208	0.33783980568673655
252.88011125405404	2.4532293590098537	1.9286147861146157	0.3285432662304986
252.88711786756755	2.428429108191091	1.9162406121101687	0.3179087395676715
252.8941244810811	2.4008972293811017	1.9010496338340461	0.30585696126542716
252.9011310945946	2.3705361142785235	1.8829008030628347	0.2923300500370423
252.90813770810811	2.3373146632010715	1.861712470355016	0.2773057860565953
252.91514432162163	2.3012843331367936	1.8374812718672495	0.26080640352311607
252.92215093513514	2.2625994862305987	1.8103018585501278	0.2429086974159397
252.92915754864865	2.2215427904202345	1.7803951094880417	0.22375944364927858
252.93616416216216	2.1785343842846703	1.7481194347029065	0.2035797440366196
252.94317077567567	2.134148582643386	1.7139902467357087	0.18267550977400554
252.95017738918918	2.089109613280778	1.6786794755453531	0.16143548597919494
252.9571840027027	2.0442884841741193	1.6430151603042498	0.14032879147647448
252.9641906162162	2.0006459011869007	1.607929627957875	0.11987205902728101
252.97119722972974	1.9591821058054033	1.574408462274667	0.10061381613357129
252.97820384324325	1.9209602845218203	1.543518303865674	0.08312535170748798
252.98521045675676	1.8868817198825814	1.5161806199355758	0.06790004795804051
252.99221707027027	1.8577322677971124	1.49321618112178	0.055365106473402356
252.99922368378378	1.8340788051694503	1.4752392726956614	0.04582776737111033
253.0062302972973	1.8161098457183869	1.4624882762006504	0.039410377793043155
253.0132369108108	1.8040751141815905	1.4552767962920976	0.03620464333277049
253.02024352432431	1.7976059740457024	1.4532916144682646	0.03601997544866993
253.02725013783783	1.7962008546562218	1.4560837784813923	0.03857299552727869
253.03425675135134	1.7991766464219243	1.4630161516592448	0.04348025667585723
253.04126336486488	1.8057141819601514	1.4733072437166301	0.05028620482064037
253.04826997837839	1.8149433381560909	1.486116364763187	0.05850763561739102
253.0552765918919	1.8260040976285319	1.5006057678581608	0.06766748689159946
253.0622832054054	1.838107332263196	1.5160025112932496	0.07732897629792453
253.06928981891892	1.850544071951844	1.5316087564400611	0.08710349192619857
253.07629643243243	1.8627367793858447	1.5468551533308783	0.09667551497044029
253.08330304594594	1.8742336827766697	1.5612951875005143	0.10579976983373576
253.09030965945945	1.884713538871475	1.5746109509435982	0.11430442382635364
253.09731627297296	1.893968973090469	1.5865977853740239	0.12208139114697365
253.10432288648647	1.9018902822580814	1.5971487203573387	0.1290756559000801
253.1113295	1.908447077880444	1.6062350229364533	0.135279338500974
253.11833611351352	1.9136672047005088	1.6138875130916877	0.14071106703372616
253.12534272702703	1.9176284211696484	1.6201863833710684	0.1454213840773595
253.13234934054054	1.9204350299192952	1.6252386184709227	0.1494729597517665
253.13935595405405	1.9222082164378103	1.6291685391031	0.15293558813526273
253.14636256756756	1.9230886347104934	1.6321189695570657	0.1558929262734946
253.15336918108108	1.9232071505209245	1.6342246534968947	0.15841948883906287
253.1603757945946	1.9226837094406468	1.6356081033894343	0.16058019213113042
253.1673824081081	1.9216348418551144	1.6363892407338114	0.16244157868707795
253.1743890216216	1.9201647401576662	1.6366741812969883	0.16406034064617994
253.18139563513515	1.9183539161605738	1.6365476785031023	0.16547715753598582
253.18840224864866	1.9162794185548093	1.636089940962933	0.16673411541797556
253.19540886216217	1.9140029962604919	1.6353659521046195	0.16786311696233797
253.20241547567568	1.9115778193727122	1.6344322819604586	0.1688920335470701
253.2094220891892	1.9090471658787351	1.6333357994262623	0.1698437244791982
253.2164287027027	1.9064497130376654	1.6321186278049125	0.17073890831854951
253.2234353162162	1.9038131235582374	1.6308115380830137	0.17159180073458047
253.23044192972972	1.9011591915042605	1.629439379132707	0.17241320143416583
253.23744854324323	1.8985055593292701	1.6280226962804587	0.17321219820144704
253.24445515675674	1.8958661091302067	1.6265781509451742	0.17399586193707012
253.25146177027028	1.8932428447328165	1.6251094795390342	0.17476806116026916
253.2584683837838	1.8906615430895017	1.6236454796209234	0.1755340071830513
253.2654749972973	1.8881154200233652	1.6221829295993164	0.17629585758589478
253.27248161081081	1.885611486908649	1.6207308068119908	0.17705523135732007
253.27948822432433	1.8831529558140538	1.6192945156572165	0.17781429179917863
253.28649483783784	1.880739835237442	1.6178759724815879	0.17857332044139768
253.29350145135135	1.878377560347628	1.6164826733833586	0.17933393637741515
253.30050806486486	1.8760641635803124	1.6151147339718284	0.18009575803773076
253.30751467837837	1.8738016020920147	1.6137757992125672	0.180859776559081
253.31452129189188	1.8715914072438107	1.6124691056275309	0.18162652045663477
253.3215279054054	1.8694305752817182	1.611193197882925	0.1823956982023055
253.32853451891893	1.8673216519418028	1.609951788750552	0.18316774585770115
253.33554113243244	1.8652642472109815	1.6087459388305134	0.18394280217798328
253.34254774594595	1.8632568672222807	1.6075753748043775	0.1847202383234772
253.34955435945946	1.8613001692716986	1.606442309914659	0.18550030947001114
253.35656097297297	1.8593908399076324	1.6053438502514654	0.18628186214749942
253.36356758648648	1.8575292123093083	1.6042815776976476	0.18706485974264983
253.3705742	1.8557129406459658	1.6032540902317318	0.18784820449996978
253.3775808135135	1.8539407847770837	1.6022610535227892	0.18863137964424265
253.38458742702701	1.852211021750293	1.6013020026599996	0.18941349080497935
253.39159404054053	1.8505198271131882	1.6003732793003367	0.19019325306193846
253.39860065405406	1.8488657505277009	1.5994743443424069	0.19096953774450715
253.40560726756758	1.8472461891117005	1.5986033347215851	0.19174123005854576
253.41261388108109	1.845658836802819	1.597758496334867	0.19250711315494962
253.4196204945946	1.8441012235255971	1.5969379612792078	0.19326601732015747
253.4266271081081	1.8425710765720238	1.5961404636791472	0.1940163148856714
253.43363372162162	1.8410634733024294	1.5953608766843543	0.19475659325116645
253.44064033513513	1.8395775662147915	1.594598944474862	0.19548568165164731
253.44764694864864	1.838109907627579	1.59385168030707	0.19620205593060489
253.45465356216215	1.836657817368594	1.5931168276446923	0.1969045595907502
253.46166017567566	1.8352177752206815	1.5923911787562595	0.1975915351907673
253.4686667891892	1.8337859741324785	1.591671303920492	0.1982613009277797
253.4756734027027	1.8323603468439056	1.5909553251119566	0.19891291350239945
253.48268001621622	1.8309386015549503	1.59024115431894	0.19954534359651485
253.48968662972973	1.8295251408238538	1.5895360051558796	0.20015868824492586
253.49669324324324	1.8281038288283928	1.5888196302873356	0.20075093870213634
253.50369985675675	1.8266737571370102	1.5880904146471364	0.2013208779848839
253.51070647027026	1.8252475070608105	1.587364164695364	0.2018687751896566
253.51771308378378	1.823814471838421	1.5866297639843137	0.20239400227742585
253.5247196972973	1.8223754916055115	1.5858877904097402	0.20289707669789145
253.5317263108108	1.8209308565692854	1.585138560294684	0.20337814298708914
253.53873292432434	1.8194777672742055	1.5843791296474994	0.203837081404091
253.54573953783785	1.8180183075631562	1.5836113594738024	0.20427470544176288
253.55274615135136	1.816552345582448	1.5828351078677663	0.20469146156177898
253.55975276486487	1.8150797517005168	1.5820501505787539	0.20508773717582565
253.56675937837838	1.813601320823726	1.5812571816661265	0.20546448735884199
253.5737659918919	1.812119977240359	1.5804590939305034	0.2058231936849541
253.5807726054054	1.8106333631400127	1.5796533828519401	0.20616436034362157
253.5877792189189	1.809144438605865	1.5788426466677932	0.20648899250030264
253.59478583243242	1.8076542214035582	1.5780278606930929	0.20679813711090064
253.60179244594593	1.8061633311577103	1.5772094954114062	0.20709250197052864
253.60879905945947	1.8046727695588005	1.5763884279194187	0.20737308743220256
253.61580567297298	1.803183025348313	1.5755650209227627	0.20764055412084614
253.6228122864865	1.8016943531962013	1.5747393772550407	0.2078953811198112
253.6298189	1.8002069280063084	1.5739115268430464	0.20813798763153196
253.63682551351351	1.7987204301819897	1.5730810130158033	0.20836863311228013
253.64383212702703	1.7972340906845585	1.5722469235184078	0.20858714380524743
253.65083874054054	1.7957483846092925	1.5714099126208478	0.2087932426190029
253.65784535405405	1.7942568917084514	1.570562998335393	0.20898572361352438
253.66485196756756	1.7927594280049612	1.5697057904168201	0.20916355724736793
253.67185858108107	1.791252540933957	1.5688347175956399	0.2093252305905077
253.6788651945946	1.7897315693433065	1.5679449661534834	0.20946859875941726
253.68587180810812	1.788190931765666	1.5670307849848588	0.20959090650407264
253.69287842162163	1.7866237414571506	1.5660850932185695	0.2096887915964788
253.69988503513514	1.7850218132671183	1.5650994523855561	0.20975811704776268
253.70689164864865	1.7833752627864061	1.564063723623336	0.2097938506057886
253.71389826216216	1.7816723779478232	1.5629658759293927	0.20978994601436776
253.72090487567567	1.7798991440194682	1.561791543750856	0.20973911508099957
253.72791148918918	1.7780391040653183	1.5605238643580752	0.20963273687874584
253.7349181027027	1.7760732141650961	1.559143296449175	0.20946073755698463
253.7419247162162	1.7739790394302324	1.5576268513387928	0.20921127832067582
253.74893132972971	1.7717306927042908	1.5559479570341654	0.2088705682571492
253.75593794324325	1.7692977973416044	1.5540754978354856	0.20842247158123206
253.76294455675676	1.7666455603715239	1.5519737729782508	0.20784838701358455
253.76995117027028	1.7637335264812821	1.5496012545791786	0.20712665049113607
253.77695778378379	1.7605152198260103	1.5469102343305468	0.20623234987384037
253.7839643972973	1.7569370914032822	1.5438457357900657	0.2051367617399339
253.7909710108108	1.7529379290636637	1.5403448769309624	0.2038069811058057
253.79797762432432	1.7484477642037464	1.536335797081366	0.20220538434938684
253.80498423783783	1.7433869500625347	1.5317366608834504	0.20028909570222467
253.81199085135134	1.7376650155996476	1.5264545469406448	0.1980094816948535
253.81899746486485	1.7311800592308935	1.5203847429009048	0.19531172355344856
253.8260040783784	1.7238179564290677	1.5134099692888083	0.19213446758039132
253.8330106918919	1.7154522766728606	1.5054002973780332	0.1884097356189221
253.8400173054054	1.705941340111201	1.4962100476088303	0.1840620658097955
253.84702391891892	1.695138251230816	1.4856882326924752	0.17901131593945355
253.85403053243243	1.6828772541692603	1.4736647778380174	0.17316982711330764
253.86103714594594	1.6689868512451111	1.4599634013218674	0.16644603132613076
253.86804375945945	1.6532863789470065	1.4443984089396957	0.1587447371354681
253.87505037297296	1.6356050940780678	1.4267945554923434	0.14997428771749532
253.88205698648648	1.6157704937975592	1.406974875636669	0.1400455436441496
253.8890636	1.5936266223870197	1.3847789681064036	0.12887886546392097
253.89607021351353	1.5690610403649206	1.360091768629517	0.11641701174673912
253.90307682702704	1.5419884788693374	1.3328253201228637	0.10262215335076465
253.91008344054055	1.5124094015207887	1.3029800114609185	0.08750046299871034
253.91709005405406	1.480383198767035	1.2706156069023669	0.0710961226964646
253.92409666756757	1.446101747410903	1.2359275126224682	0.05352293420756829
253.93110328108108	1.4098537163672036	1.1992086796671235	0.034949098157171773
253.9381098945946	1.3720809999709203	1.1609072385850976	0.015630508276106857
253.9451165081081	1.333390732947932	1.1216376923440243	-0.004093448623890365
253.9521231216216	1.2944796538522099	1.0821027430500119	-0.023825805437623516
253.95912973513512	1.2562425222707458	1.0432028822281103	-0.0430746479620878
253.96613634864866	1.2195764033663332	1.0058357065697316	-0.0613360388772027
253.97314296216217	1.1855237636147258	0.9710406450546557	-0.07804812196586493
253.98014957567568	1.1550170593334603	0.9397395515179594	-0.09269932321820315
253.9871561891892	1.1289153941545456	0.912772331432387	-0.10483021620628435
253.9941628027027	1.107914628692082	0.8908078528259261	-0.1140755726420478
254.00116941621621	1.0923925983623413	0.874191748949893	-0.1202260089793232
254.00817602972973	1.0827421045246415	0.8632718463390634	-0.12313449341721892
254.01518264324324	1.0788152624161846	0.8578651183494231	-0.1228848795621826
254.02218925675675	1.080279261039151	0.8576008272674523	-0.11968569582535363
254.02919587027026	1.0865795755518657	0.8618931717544923	-0.11386457900441636
254.0362024837838	1.0969906269238594	0.8699950231579461	-0.10583737763757602
254.0432090972973	1.1106709171026028	0.881054641531652	-0.09608097790596118
254.05021571081082	1.1267523664144834	0.8942050698900639	-0.08508161404154083
254.05722232432433	1.1443746497403604	0.9085990509017868	-0.07331448587092858
254.06422893783784	1.1627564249204305	0.9234777937937911	-0.061206896971355236
254.07123555135135	1.1812149115291979	0.9381881002049387	-0.04913078327541171
254.07824216486486	1.1991919828418485	0.9522074974430146	-0.03738065817199263
254.08524877837837	1.216251076705064	0.9651357838326315	-0.026190369026162633
254.09225539189188	1.2320805580094927	0.9766991646107145	-0.015717909716082095
254.0992620054054	1.246472580907221	0.9867253790693349	-0.006066826952852081
254.1062686189189	1.259322818252277	0.9951421563264035	0.0027159629568876964
254.11327523243244	1.2705915521543787	1.001939718142662	0.010621695112571458
254.12028184594595	1.280293224433844	1.007156116747056	0.017663319636520066
254.12728845945946	1.2884961841001332	1.0108807713485055	0.0238886618253742
254.13429507297298	1.2953018825388345	1.0132317758863387	0.029361581398619715
254.14130168648649	1.3008033337363176	1.0143137676928573	0.03413354791985008
254.1483083	1.3051266578463212	1.014263092086712	0.03828035060246789
254.1553149135135	1.3083925344930936	1.0132072049765384	0.041870654037325615
254.16232152702702	1.310718442387509	1.0112679789221644	0.04497044753869077
254.16932814054053	1.3122172328230706	1.0085609526618466	0.04764226446277727
254.17633475405404	1.3129944298791403	1.005192705126873	0.0499439561931761
254.18334136756758	1.313146007530419	1.0012590830939563	0.05192750820931219
254.1903479810811	1.3127615399516648	0.9968485438161577	0.05364076971772497
254.1973545945946	1.3119179228519573	0.9920365898792026	0.055124431741120604
254.2043612081081	1.3106867650298708	0.986892433990157	0.05641596998529918
254.21136782162162	1.309128011615518	0.9814739649774338	0.05754647882671848
254.21837443513513	1.3072957036106276	0.9758328160071228	0.05854367573672537
254.22538104864864	1.305235009834746	0.9700118617934516	0.059430670873773996
254.23238766216215	1.3029856747512785	0.964048672804904	0.06022758537364415
254.23939427567566	1.30058051855194	0.9579742317718684	0.060950888518301875
254.24640088918918	1.2980459759087266	0.9518133453583911	0.06161400985106677
254.25340750270271	1.295406534905901	0.9455893557976272	0.062229681751893716
254.26041411621623	1.2926750441782235	0.9393138993596899	0.06280315297791407
254.26742072972974	1.2898679366888053	0.9330027351795773	0.06334327821485543
254.27442734324325	1.286996324130205	0.9266662200151844	0.06385540921366098
254.28143395675676	1.2840679568963316	0.9203116138780003	0.0643433819471685
254.28844057027027	1.281095984431986	0.9139518303489088	0.06481471224434257
254.29544718378378	1.2780832571839484	0.9075892253687489	0.06527015633570724
254.3024537972973	1.2750347295745954	0.9012286327217054	0.0657122014057836
254.3094604108108	1.2719539248344842	0.8948734459280278	0.06614278348305702
254.3164670243243	1.2688437039667124	0.888526491481789	0.06656334897351553
254.32347363783785	1.265706420555732	0.882190081858237	0.06697517664993531
254.33048025135136	1.2625400165204694	0.8758620091718603	0.06737604213145025
254.33748686486487	1.259352332267562	0.8695510542687575	0.0677730744978079
254.34449347837838	1.2561413614055659	0.8632549133141664	0.06816357309440123
254.3515000918919	1.252907400778249	0.856974017850239	0.06854805334204561
254.3585067054054	1.2496510185285041	0.8507092052663967	0.06892701584933218
254.36551331891891	1.2463723891448473	0.8444608025638703	0.06930077502903181
254.37251993243243	1.243072240684498	0.8382296976078272	0.0696697258234872
254.37952654594594	1.2397507005897852	0.8320163302945632	0.07003428986534534
254.38653315945945	1.2364074110465209	0.8258205839558859	0.07039467464868311
254.39353977297299	1.233037362527562	0.8196372742401011	0.0707467470417265
254.4005463864865	1.2296499115367339	0.8134771797264748	0.07109941674876329
254.407553	1.226240807016334	0.8073355467418367	0.07144834626179096
254.41455961351352	1.2228098116675077	0.8012124243650619	0.07179368266028029
254.42156622702703	1.2193570291051816	0.7951081945660505	0.07213556325963279
254.42857284054054	1.2158821289714132	0.7890227044459988	0.07247404718598996
254.43557945405405	1.2123849162472022	0.7829561076467918	0.07280924727300897
254.44258606756756	1.2088649634499777	0.7769083144434592	0.07314104686114065
254.44959268108107	1.2053138025371843	0.7708697153849254	0.07346030251925798
254.45659929459458	1.2017460316748876	0.7648584752428707	0.0737858669862224
254.4636059081081	1.1981548796391186	0.7588663352737595	0.07410726931258924
254.47061252162163	1.1945394441013533	0.7528926978525972	0.07442477946137342
254.47761913513514	1.190899105351471	0.7469374149960529	0.07473822547924236
254.48462574864865	1.1872332107061667	0.7410002010959917	0.07504741945866132
254.49163236216216	1.1835260763531132	0.7350619802558834	0.07533265194698387
254.49863897567568	1.179776595957543	0.7291260596941072	0.07560848305279019
254.50564558918919	1.1760633492867885	0.7232837333781342	0.07594358826848453
254.5126522027027	1.1722899139932264	0.7174166618439319	0.07623233471981135
254.5196588162162	1.1684883972764293	0.7115669021672059	0.07651637222269743
254.52666542972972	1.1646582399627339	0.705734497538465	0.07679534595804788
254.53367204324323	1.1607986953857286	0.6999190123674255	0.07706905833179424
254.54067865675677	1.1569093973985514	0.6941204877030235	0.07733738223720243
254.54768527027028	1.1529907345692518	0.6883395117406722	0.0776005570832536
254.5546918837838	1.1490423955077231	0.6825767573092001	0.07785982494484509
254.5616984972973	1.1450621176172717	0.6768293933806674	0.07811186742781394
254.5687051108108	1.1410497043712367	0.671098352483799	0.0783577901344343
254.57571172432432	1.1370052032385163	0.6653850200531334	0.07859926922018942
254.58271833783783	1.1329255442542516	0.6596854111282208	0.07883187034462516
254.58972495135134	1.1288107563716128	0.6540010662888566	0.07905735106706971
254.59673156486485	1.1246595540855486	0.6483313922755015	0.07927478957979364
254.60373817837836	1.120470507324086	0.6426769906912382	0.0794859796869258
254.6107447918919	1.116241082837903	0.6370341960046654	0.07968569167879505
254.61775140540541	1.1119706470362156	0.6314053533516703	0.07987750634076335
254.62475801891893	1.107656590444657	0.6257867327946423	0.08005635748377687
254.63176463243244	1.103298047353528	0.6201807520431659	0.08022593817400678
254.63877124594595	1.0988930521886642	0.6145853000374385	0.08038317148800085
254.64577785945946	1.0944393971424848	0.6089978956057822	0.08052504682431016
254.65278447297297	1.0899362179437018	0.6034214898079627	0.0806555645430893
254.65979108648648	1.0853817281779472	0.5978538576228929	0.08077164335088402
254.6667977	1.0807747770745129	0.5922937097126769	0.0808709753360855
254.6738043135135	1.0761124316299566	0.5867410143803737	0.08095532590012658
254.68081092702704	1.0713944255571053	0.5811966446621328	0.08102440694097174
254.68781754054055	1.0666195735626272	0.575659641537421	0.08107660568738959
254.69482415405406	1.0617861271277063	0.5701293538395203	0.08111132463814871
254.70183076756757	1.056892556131499	0.5646053469652387	0.08112791679469293
254.70883738108108	1.0519390222164073	0.5590848529639202	0.08112102757172757
254.7158439945946	1.0469198880608672	0.5535717662369919	0.08109997093538968
254.7228506081081	1.0418366914365584	0.5480642992180209	0.08105881306921517
254.72985722162161	1.0366882098776744	0.5425621759662183	0.08099729418641542
254.73686383513513	1.0314734705559356	0.5370653981702479	0.0809150101424609
254.74387044864864	1.0261909305344379	0.5315736008195598	0.08081138995323695
254.75087706216217	1.020838229487016	0.5260875951910541	0.08068795181796319
254.75788367567569	1.0154177803248505	0.5206057036380514	0.08053928391916425
254.7648902891892	1.0099248559873992	0.5151282545979444	0.08036858214188981
254.7718969027027	1.00435894570637	0.5096551840345143	0.08017444178538542
254.77890351621622	0.9987194222084317	0.5041860866977416	0.07995569636790466
254.78591012972973	0.9930036013161287	0.4987212650941279	0.07971320030734695
254.79291674324324	0.9872111142947605	0.4932605799492203	0.07944570647472046
254.79992335675675	0.9813404606488788	0.48780384082243045	0.07915249259786847
254.80692997027026	0.9753912396549989	0.4823507749602329	0.07883237338308795
254.81393658378377	0.9693599834372205	0.4769013596745965	0.07848595643087429
254.82094319729728	0.9632463147950401	0.47145543145373503	0.0781117548175136
254.82794981081082	0.9570494675325102	0.4660133428101955	0.07770941762445777
254.83495642432433	0.9507674358888285	0.4605746518731733	0.07727805342933272
254.84196303783784	0.9443989653108434	0.4551394064441536	0.07681701364706882
254.84896965135135	0.9379438105380223	0.4497074302592654	0.07632493861194378
254.85597626486486	0.9313974391187009	0.44427849035000505	0.07580269412499292
254.86298287837838	0.9247604046999932	0.43885298472870576	0.07524881746799485
254.8699894918919	0.9180309212704816	0.433430592074626	0.07466256455084265
254.8769961054054	0.9112080664611595	0.4280116077954699	0.0740434179089873
254.8840027189189	0.9042906687455528	0.42259610426745187	0.07339087453426811
254.89100933243242	0.897277886647862	0.4171844144696042	0.07270451483204236
254.89801594594596	0.8901709255126565	0.4117767677439997	0.07198314447617736
254.90502255945947	0.8829644781646347	0.40637325564676846	0.07122831819351624
254.91202917297298	0.875660782293669	0.4009747020413038	0.07043871065292504
254.9190357864865	0.8682611819838328	0.3955819661918954	0.06961404991437214
254.9260424	0.8607633825795686	0.3901946399989715	0.06875450077477564
254.9330490135135	0.8531664990318447	0.38481418683142876	0.06786080703407699
254.94005562702702	0.8454728045675312	0.37944147375942283	0.0669327917540674
254.94706224054053	0.8376826972874303	0.37407732346862865	0.06597080691703791
254.95406885405404	0.8298012938296799	0.36872288225545724	0.0649743858203288
254.96107546756755	0.8218197146900392	0.3633783309018277	0.06394603785376689
254.9680820810811	0.8137448535498036	0.35804562927887384	0.06288538699908999
254.9750886945946	0.8055779250231079	0.35272588837150265	0.06179329862298056
254.98209530810811	0.7973206476592473	0.34742045548862927	0.060670708536018074
254.98910192162163	0.7889746665720841	0.34213057769607147	0.05951858574598571
254.99610853513514	0.7805417716697718	0.336857596916139	0.058337883259493836
255.00311514864865	0.7720244762125226	0.3316028802102144	0.057129625787714425
255.01012176216216	0.7634246974610107	0.3263677933389831	0.0558950967225208
255.01712837567567	0.7547445610088669	0.3211539389504158	0.05463553692062957
255.02413498918918	0.7459843144506284	0.31596209810301934	0.05335217520835932
255.0311416027027	0.737149350602334	0.3107943526587686	0.05204603758342395
255.03814821621623	0.7282391902097765	0.30565155943312994	0.050718570070879425
255.04515482972974	0.7192592227170493	0.30053568104283235	0.049370883597105786
255.05216144324325	0.7102086261899164	0.29544738558546085	0.04800429173681026
255.05916805675676	0.701092820682574	0.2903885006747712	0.04661980672641254
255.06617467027027	0.6919109132240954	0.2853596901535151	0.045218673061395445
255.07318128378378	0.6826683287275686	0.2803626966406118	0.043801870593203306
255.0801878972973	0.6733635416951333	0.2753979167613211	0.04237051267752736
255.0871945108108	0.6640021637331474	0.27046728330057535	0.04092567457517929
255.09420112432431	0.6545831782977577	0.26557083298024203	0.039468184971294624
255.10120773783783	0.6451094024941917	0.26071010352235724	0.03799911196315904
255.10821435135136	0.6355853189369577	0.2558864111674234	0.03651918157571749
255.11522096486487	0.6260076042140589	0.25109947768523	0.035029115406353395
255.12222757837839	0.6163806702269531	0.2463508029752885	0.03352966357519258
255.1292341918919	0.6067087988049469	0.24164167681437795	0.03202158031009979
255.1362408054054	0.5969875478805298	0.23697155375395784	0.030505418430070135
255.14324741891892	0.5872218393591949	0.232342023181611	0.028981886790520984
255.15025403243243	0.577412676184925	0.22775356898339053	0.027451492732412024
255.15726064594594	0.5675646416119291	0.22320737866636248	0.025914865730807077
255.16426725945945	0.5576718165588374	0.21870263569624446	0.024372129900085148
255.17127387297296	0.5477393148978832	0.21424075358926115	0.0228239153072575
255.17828048648647	0.5377685282567682	0.20982234850471929	0.02127074117233583
255.1852871	0.527765244750871	0.20544875368192825	0.019713362196297442
255.19229371351352	0.5177207268652979	0.2011186359605654	0.018151602543372905
255.19930032702703	0.5076419191689734	0.1968337896550045	0.01658626442942271
255.20630694054054	0.49752954703974966	0.19259448919052902	0.015017653409966051
255.21331355405405	0.4873853239554406	0.18840140503195305	0.013446264453742942
255.22032016756756	0.477220089148957	0.18425666697652043	0.011873284367861305
255.22732678108108	0.4670138362749995	0.18015678257920112	0.010297701370089537
255.2343333945946	0.456779827821713	0.17610483701287166	0.008720677608703235
255.2413400081081	0.44651929652994266	0.17210118468645205	0.0071428034543303785
255.2483466216216	0.4362339419244814	0.16814648092015275	0.00556461060262926
255.25535323513515	0.4259206295759096	0.16424038349330167	0.003986119359652997
255.26235984864866	0.41559112907058193	0.16038530658255237	0.0024088246658142396
255.26936646216217	0.4052389169890261	0.15657984160459695	0.0008323677207756473
255.27637307567568	0.3948685278654689	0.1528253837868649	-0.0007423067189081671
255.2833796891892	0.3844782297821249	0.149121706848899	-0.0023150222920482245
255.2903863027027	0.3740729130472299	0.14546986980086152	-0.0038849881356014266
255.2973929162162	0.36365064699927463	0.1418697306266772	-0.00545200435707058
255.30439952972972	0.3532164470618001	0.13832230064200846	-0.00701521294251586
255.31140614324323	0.3427681167685043	0.13482737233431002	-0.008574529031623692
255.31841275675674	0.33231078725382196	0.1313859075448367	-0.010129139187357805
255.32541937027028	0.3218417168248476	0.12799755162784335	-0.011679111816999831
255.3324259837838	0.311366862679211	0.12466347017479544	-0.013223436705525761
255.3394325972973	0.3008827831517478	0.12138317195456365	-0.014762239075457411
255.34643921081081	0.2903958884727962	0.11815784822935635	-0.016294572821538105
255.35344582432433	0.27990166584529613	0.11498669448379543	-0.017820749212129946
255.36045243783784	0.2694045622803363	0.11187065430982478	-0.019340045333257748
255.36745905135135	0.25890799810660103	0.10881021809044221	-0.020851841611169913
255.37446566486486	0.24840779910777488	0.1058048482189418	-0.02235643739749731
255.38147227837837	0.23790775645213058	0.10285515573592015	-0.02385336024074206
255.38847889189188	0.22741172204432014	0.09996166062867179	-0.025341994830527202
255.39548550540542	0.21691382213428603	0.09712352890257604	-0.026823001957988226
255.40249211891893	0.2064186913415801	0.094341514961885	-0.028295779703292827
255.40949873243244	0.19593124806132992	0.09161632597098067	-0.02975977121838087
255.41650534594595	0.18544235182739438	0.0889462260564625	-0.031215973881810254
255.42351195945946	0.17495814369681845	0.08633254740516516	-0.032663813902498666
255.43051857297297	0.16447912032298767	0.08377519708593512	-0.03410332065186278
255.43752518648648	0.1540053364640295	0.0812740851549178	-0.035534578081734505
255.4445318	0.14353747278006943	0.07882929583006022	-0.036957570996413946
255.4515384135135	0.13308324342319708	0.07644162779432506	-0.03837141567048791
255.45854502702701	0.12262709162416294	0.07410902128851997	-0.03977830572097571
255.46555164054055	0.11217819963794552	0.07183278150610058	-0.041177222092233
255.47255825405406	0.10173601441747612	0.06961265101131836	-0.04256856178953152
255.47956486756757	0.0913011232983612	0.06744868135058739	-0.04395230878897977
255.48657148108109	0.08087304184857073	0.06534069481889297	-0.0453288394232925
255.4935780945946	0.07045248430025752	0.06328870516574403	-0.046698243865946
255.5005847081081	0.06003847919655055	0.06129242090368191	-0.04806106306230792
255.50759132162162	0.049631971263158554	0.05935193149536824	-0.04941736430255921
255.51459793513513	0.039232911499833774	0.057467116036984206	-0.05076737305279774
255.52160454864864	0.028842897135969752	0.05563805910632618	-0.05211119198695699
255.52861116216215	0.018458235554559964	0.053864216354272965	-0.05344951619081422
255.53561777567566	0.008081342750158302	0.05214583688574791	-0.05478227089862226
255.5426243891892	-0.002285676074273165	0.05048299801566247	-0.056109428026474964
255.5496310027027	-0.012646964850677922	0.048875128069244746	-0.05743179591685919
255.55663761621622	-0.022999776741228918	0.04732251925511961	-0.058749198344438494
255.56364422972973	-0.03334414209169799	0.04582500677237337	-0.06006188809474347
255.57065084324324	-0.04367674948130647	0.04438281215789487	-0.06136954648334905
255.57765745675675	-0.05400247195976486	0.04299531060293467	-0.0626730107336747
255.58466407027026	-0.06431769951318882	0.04166284360012757	-0.06397186887045592
255.59167068378378	-0.07462143325219356	0.04038539762610435	-0.06526602113569191
255.5986772972973	-0.08491214433799443	0.03916307128151486	-0.0665551413166769
255.6056839108108	-0.09518475047996665	0.03799625454461859	-0.06783818449659376
255.61269052432434	-0.10544328922930037	0.036884472486992	-0.06911544770785157
255.61969713783785	-0.11567958311066627	0.035828595364426404	-0.07038473039408341
255.62670375135136	-0.1258824810347044	0.03482993336824623	-0.07164153321437045
255.63371036486487	-0.13588699165503784	0.03390811941797682	-0.07284626819721622
255.64071697837838	-0.14477961205783457	0.03316066441540694	-0.07367140986378413
255.6477235918919	-0.15192005868358657	0.03268943504433346	-0.07364137722669847
255.6547302054054	-0.16531894125368557	0.031464743677894425	-0.07627259389521895
255.6617368189189	-0.1756912053852091	0.030712750845325137	-0.07758194770944524
255.66874343243242	-0.18554964587738185	0.03007565511294919	-0.07868453911941097
255.67575004594593	-0.1948962694544207	0.029494724416537856	-0.07968759399446138
255.68275665945947	-0.2052911427683721	0.028909617707829918	-0.08103510702415948
255.68976327297298	-0.21534221224465425	0.028399178379667423	-0.08225085659453105
255.6967698864865	-0.22515687625232775	0.027961614525081745	-0.08337524037841243
255.7037765	-0.23457418645739447	0.027617055489712175	-0.08433450831904288
255.71078311351351	-0.24025777602860302	0.02768518653213115	-0.08380800408286893
255.71778972702703	-0.25295873856061524	0.0270907850304669	-0.08620192361700231
255.72479634054054	-0.2623723075622748	0.026892115788278215	-0.08719461124348524
255.73180295405405	-0.27121283047652683	0.026792518764636657	-0.08796450292155651
255.73880956756756	-0.2784569834909993	0.02682866431007747	-0.08814835692848685
255.74581618108107	-0.2879584908449629	0.02679098471969263	-0.08923840121625154
255.7528227945946	-0.29635085009571993	0.026866455338303265	-0.08987952418426923
255.75982940810812	-0.30418584223777473	0.02702731505988404	-0.09031170313841111
255.76683602162163	-0.3111572891733705	0.027300646782037124	-0.0904109191262777
255.77384263513514	-0.3171280757455755	0.027659132712252402	-0.09019690491132702
255.78084924864865	-0.32401766892289796	0.02801194647464184	-0.09033033765572038
255.78785586216216	-0.32971657984078345	0.028485387760501697	-0.09000159588225007
255.79486247567567	-0.32988214377183545	0.02935215535764115	-0.0874808969584035
255.80186908918918	-0.3380312828181393	0.029707852326782067	-0.08829944155170029
255.8088757027027	-0.34127040881765075	0.030426790396730585	-0.0871283615610811
255.8158823162162	-0.3431325098560444	0.031245524187498996	-0.08545882655261416
255.82288892972974	-0.3406847311398601	0.032351449947590434	-0.08211152605462388
255.82989554324325	-0.34183908087355425	0.03319022341432318	-0.08037260086842288
255.83690215675676	-0.3395226865536113	0.03426800555037727	-0.07725875429596682
255.84390877027027	-0.33497657699980554	0.03544938753500457	-0.07335429308868056
255.85091538378379	-0.3244904817100075	0.036930636540357935	-0.06717083935856807
255.8579219972973	-0.3182559010163024	0.03809544881309971	-0.0628885899289659
255.8649286108108	-0.30662873180603056	0.039532130934527995	-0.05653837438739039
255.87193522432432	-0.2917063382333979	0.04104889049752101	-0.04903612603748952
255.87894183783783	-0.2666944744583158	0.04293510891561971	-0.03759332034400699
255.88594845135134	-0.25123321395176285	0.04426810011809186	-0.03041378896920975
255.89295506486488	-0.22593487816945493	0.04592958249565716	-0.019384084911472144
255.8999616783784	-0.1962306988197315	0.047620808103033145	-0.006846723071146797
255.9069682918919	-0.16190201182515054	0.049278987844585995	0.007213110713125872
255.9139749054054	-0.12483141112531823	0.05093603421034053	0.022102947457094773
255.92098151891892	-0.08347055767686085	0.0525178708533328	0.038390499417364624
255.92798813243243	-0.03820036115134213	0.05401422379233003	0.055910592758430994
255.93499474594594	0.015645896209684505	0.055503391492514806	0.07655740679179945
255.94200135945945	0.06114460299620965	0.05661113062354573	0.09335395295608147
255.94900797297296	0.11325523657694597	0.05766189803266004	0.11254562839251843
255.95601458648648	0.1669935985802944	0.05854310602935968	0.13203859255907016
255.9630212	0.2182030276790546	0.05916301615710374	0.15016554088066894
255.97002781351352	0.26723034001848023	0.05961300687103393	0.1671564950132928
255.97703442702704	0.3127596933945873	0.05984700468345093	0.18249858369993022
255.98404104054055	0.3535799306868905	0.0598919439283689	0.1957651463591257
255.99104765405406	0.3883308652677441	0.05976354413403771	0.20642345706468201
255.99805426756757	0.4150414618275321	0.059503381431830746	0.21380206792744935
256.0050608810811	0.4343976742372292	0.05912693417135586	0.2182233217921289
256.0120674945946	0.4523652739360122	0.05873565940114963	0.22221345092737094
256.0190741081081	0.4500331242143778	0.05818218154453624	0.21797796521457402
256.0260807216216	0.44633144986005635	0.057669956642400766	0.2134268640290226
256.0330873351351	0.4364827039582521	0.05715445347115021	0.20659529621178904
256.04009394864863	0.4237809675676905	0.056673336199224995	0.1988880449215902
256.04710056216214	0.40260838692791645	0.05620284495782042	0.187889916185028
256.05410717567565	0.3801281975931483	0.055769778563408166	0.1766524366511803
256.06111378918916	0.3566193111945483	0.05537573532439515	0.16526272129363476
256.0681204027027	0.3315619902799305	0.05501129871324526	0.1534614118458077
256.07512701621624	0.3059164612059964	0.05469483181162061	0.1416237915822429
256.08213362972975	0.28111427275350054	0.05439288638945963	0.13034494059255958
256.08914024324326	0.2576459256226709	0.05411167880097721	0.11979384418774895
256.0961468567568	0.23701072301954149	0.053854130705065895	0.1105839084957125
256.1031534702703	0.21536848982945306	0.053623185728981615	0.10104041128389404
256.1101600837838	0.19696511848548204	0.0533876871782967	0.09296668554144137
256.1171666972973	0.18032035929959386	0.05315963905269641	0.08572511705252699
256.1241733108108	0.16483547948687602	0.05295986359232681	0.0790137610835919
256.13117992432433	0.15134233893855814	0.052750329391421075	0.07320238721412421
256.13818653783784	0.1464652395925654	0.052549691955593364	0.0710507449793888
256.14519315135135	0.12941739218582674	0.05235404669097414	0.06381073238396459
256.15219976486486	0.12006182067148428	0.05215370525081597	0.05982749554099839
256.15920637837837	0.11208318243147627	0.05195377911604274	0.056445449628781445
256.1662129918919	0.11178974506311709	0.051740074719177555	0.05627312909240121
256.1732196054054	0.09937442020934728	0.05156749390860564	0.051074991337689835
256.1802262189189	0.0939061307000665	0.05137605555658197	0.04876788056248739
256.1872328324324	0.0898807230555762	0.05118743116273748	0.04708222481564241
256.1942394459459	0.08565623969759388	0.051001577834995995	0.04529353457301422
256.20124605945944	0.08176993045401858	0.05081593981233206	0.04364957163239965
256.20825267297295	0.07847190803192935	0.0506258756876044	0.04225634192157116
256.2152592864865	0.07598569418103436	0.05044188060596224	0.04120583528321191
256.2222659	0.07358182813811398	0.0502463501127566	0.04017918803142426
256.22927251351354	0.07089350133641334	0.05007712008962996	0.039022239826385016
256.23627912702705	0.06866254351162433	0.04989394287452619	0.038062411698534755
256.24328574054056	0.06837054272167882	0.049718884087693545	0.037924517029466503
256.25029235405407	0.06527220228126479	0.04954432169317366	0.03658209276207495
256.2572989675676	0.06337656543086183	0.049368399757072745	0.03575283395494898
256.2643055810811	0.06172506125056151	0.04919130441173584	0.03502971736821128
256.2713121945946	0.06022894392905426	0.04901630149192045	0.03437209983403673
256.2783188081081	0.05900681728386466	0.048853876499126855	0.03383062099687205
256.2853254216216	0.058228199723195914	0.04866536044867846	0.03347455112122832
256.29233203513513	0.05668678667578718	0.0485157722312059	0.03278629255642938
256.29933864864864	0.055838636117427544	0.04834759472688806	0.032396434375563166
256.30634526216215	0.05472131342045533	0.048198929421233015	0.031885533104707174
256.31335187567566	0.053438437318507795	0.048038318905878105	0.0313059959748762
256.3203584891892	0.052321801644023225	0.047876762982230925	0.03079918382714845
256.3273651027027	0.05127502005911775	0.04771769487159802	0.0303215568702202
256.3343717162162	0.05024692062288258	0.04756052608681808	0.0298499649219285
256.3413783297297	0.048754945872209715	0.04742792907377618	0.029181507163340163
256.3483849432432	0.04784238736351418	0.047282905005490844	0.028759949775222584
256.35539155675673	0.04712646793357382	0.047130927384942366	0.028414378291549434
256.3623981702703	0.04650369913748142	0.04697307056250585	0.028103795218258582
256.3694047837838	0.04562665586468057	0.04681663576251734	0.027684526993703048
256.3764113972973	0.044743211793922856	0.04666499849953971	0.02726088387074648
256.38341801081083	0.043862386452373586	0.04651744267884589	0.026836441891968467
256.39042462432434	0.04298328434336751	0.046373242151819705	0.026410572613780332
256.39743123783785	0.0421034183476574	0.0462314357527434	0.02598190255538763
256.40443785135136	0.04122081739114416	0.046091284411296896	0.02554960285233679
256.41144446486487	0.040335893665135944	0.04595262490751194	0.0251139683176039
256.4184510783784	0.03945002212041744	0.045815529835394816	0.024675674840493815
256.4254576918919	0.038564170550140754	0.04567999295400782	0.0242352160325284
256.4324643054054	0.03767954839996227	0.04554610865310485	0.02379317483269813
256.4394709189189	0.036796167657563036	0.045413681410078996	0.02334960809719115
256.4464775324324	0.03591510296312629	0.045282750987988146	0.022905040171581872
256.45348414594594	0.03503751923427957	0.04515336236161316	0.022460086363516322
256.46049075945945	0.03416250774086059	0.04502514202880927	0.022014446498547776
256.46749737297296	0.03329327810021169	0.04489850611435991	0.021569590182671655
256.47450398648647	0.03242877503678533	0.04477305428304902	0.02112515692783081
256.4815106	0.03156978694090477	0.044648761551277366	0.020681582918988372
256.4885172135135	0.030717163494541795	0.044525612514452875	0.02023937294679351
256.495523827027	0.02987153886262998	0.04440358947735105	0.01979888572350621
256.50253044054057	0.029031988710216422	0.044282398684750646	0.019359822701790305
256.5095370540541	0.028202207785837825	0.04416260194690996	0.018923830502183343
256.5165436675676	0.027381023292793915	0.04404390298911541	0.018490460137777682
256.5235502810811	0.026568817188136227	0.043926287868081164	0.018059915529865786
256.5305568945946	0.025765363763160992	0.04380968447008306	0.017632157538027025
256.5375635081081	0.024971837853951646	0.043694208486795054	0.017207730460448274
256.54457012162163	0.02418796655508971	0.04357979149388211	0.01678654565690946
256.55157673513514	0.023413955835906178	0.043466431726654715	0.016368732927791587
256.55858334864865	0.022649923342895367	0.04335412503054702	0.015954373212234748
256.56558996216216	0.021895979020283746	0.04324286057564858	0.015543526057104814
256.5725965756757	0.021152251889304974	0.04313263218568248	0.015136275684423927
256.5796031891892	0.02041885927940797	0.043023429522068904	0.014732703228502043
256.5866098027027	0.01969592700608856	0.04291525131220993	0.014332925358255928
256.5936164162162	0.018983818410522896	0.04280809000733735	0.013937097154473003
256.6006230297297	0.018282543001661104	0.042701941889771555	0.013545291798028533
256.60762964324323	0.017592213058900845	0.04259679834918314	0.013157603773722392
256.61463625675674	0.016912981833065107	0.04249265395003429	0.012774140289015698
256.62164287027025	0.016244881858594087	0.042389494057092844	0.012394957911373003
256.62864948378376	0.015587806240784822	0.04228731869199506	0.012020086202686183
256.63565609729727	0.014941238085943366	0.04218612044033436	0.011649348965397975
256.6426627108108	0.01430376909644031	0.042085903916825956	0.011282176133906117
256.64966932432435	0.013671402565854088	0.041986698740947806	0.010916880175232556
256.65667593783786	0.01303163519772475	0.04188862757747219	0.010548039419329242
256.66368255135137	0.012387767305725257	0.041801378364056126	0.010175435398181162
256.6706891648649	0.011800609454171246	0.04171165792416077	0.00982747019906713
256.6776957783784	0.011309562893023139	0.041614047298664254	0.009521686771935935
256.6847023918919	0.010772904912481127	0.04151704702153546	0.009196632173775142
256.6917090054054	0.010226904632616066	0.0414224203198406	0.008867879759823378
256.6987156189189	0.009685911384152339	0.04133030902901713	0.00854147278164294
256.70572223243244	0.009176047968442952	0.041239448381779856	0.008228783220830625
256.71272884594595	0.008702426442980377	0.04114827375417839	0.007932158118217437
256.71973545945946	0.008240443315665376	0.041057425724239954	0.007641013570715204
256.72674207297297	0.007782069009571527	0.040967643529666434	0.007351899763082556
256.7337486864865	0.007337604703136436	0.0408791810312993	0.007069284243342777
256.7407553	0.006915802971387242	0.040791477694536435	0.006797017096201412
256.7477619135135	0.006520709877149599	0.04070441173207894	0.00653692379882795
256.754768527027	0.006128288975952729	0.040617893427419866	0.006278651436656101
256.7617751405405	0.00575161766503406	0.04053276593780599	0.00602790030094747
256.76878175405403	0.0054029403282122475	0.04044820399946424	0.0057900299246879785
256.77578836756754	0.0050730858924105705	0.0403642193164193	0.005561126272140431
256.78279498108105	0.004756366529382496	0.04028109905269569	0.005338749189184906
256.7898015945946	0.004456518049162291	0.04019888768999226	0.005124548643388392
256.79680820810813	0.004177202955920748	0.04011745962485596	0.004920158530739028
256.80381482162164	0.003916796014044311	0.040036763098161315	0.004724930578839753
256.81082143513515	0.003673057918716917	0.039956868084962516	0.004537913645452934
256.81782804864866	0.003446446908575029	0.039877811432216775	0.004359341701298875
256.8248346621622	0.003237967709716863	0.03979955866831426	0.004189679070631729
256.8318412756757	0.003047133361874772	0.03972209186881055	0.0040287318918386435
256.8388478891892	0.0028732013218974407	0.03964543724059177	0.0038762090667845317
256.8458545027027	0.002716022151156299	0.03956958834627253	0.0037320261155954827
256.8528611162162	0.0025754466871291577	0.03949454712621207	0.0035961462815296804
256.85986772972973	0.0024511411386309474	0.03942031628111443	0.003468443368733325
256.86687434324324	0.0023426273369109235	0.03934689165430521	0.0033487141480361133
256.87388095675675	0.0022515540038388956	0.03927431143783659	0.0032376714037140753
256.88088757027026	0.002179198915759391	0.039202409766608964	0.003135878434101999
256.88789418378377	0.0021194965415328552	0.0391313012214199	0.0030406734965579803
256.8949007972973	0.0020717155728234527	0.03906105239393861	0.0029517164775623396
256.9019074108108	0.002037460615204296	0.03899164398786795	0.0028696801461340748
256.9089140243243	0.0020163784655439203	0.038923038587382094	0.0027944113078999305
256.9159206378378	0.0020068862717408037	0.03885524546650479	0.0027251990238716947
256.9229272513513	0.0020077254756459217	0.03878829474704331	0.0026614541714812183
256.9299338648649	0.002018269740335833	0.038722204521650344	0.002602873506415096
256.9369404783784	0.002038104522065571	0.03865692671674548	0.0025492569511706203
256.9439470918919	0.0020668658514405294	0.03859250228766688	0.002500406627153551
256.9509537054054	0.002105579509950579	0.03852889472656541	0.00245675222884798
256.95796031891894	0.002151331185649016	0.03846604604783323	0.002417009252107275
256.96496693243245	0.002201027452847942	0.038404041087276124	0.002379748417099694
256.97197354594596	0.002254658907992814	0.038342924519976736	0.002344901706895293
256.97898015945947	0.0023121679246444586	0.03828277272223161	0.002312346924639964
256.985986772973	0.0023754715385422747	0.03822338538355557	0.0022829628474684673
256.9929933864865	0.0024427308982195137	0.0381649371964443	0.002255801078173921
257.0	0.0025164116157	0.038107482273	0.002231843689
