t	CL	CD	CM
250.0003931	1.9836182475999996e-5	0.038861259847	9.048902952299997e-6
250.0073997135135	-4.3240650940494436e-7	0.038906370698441876	2.0384436639697317e-8
250.01440632702702	-3.550822313268354e-7	0.038644612530941064	4.9676640339237635e-8
250.02141294054053	-3.0209668868608116e-7	0.0384461265483581	6.931803980029356e-8
250.02841955405404	-2.728824986731622e-7	0.03828559176158614	7.773125895244812e-8
250.03542616756755	-2.6255214847741814e-7	0.03815070214329852	7.716793786600777e-8
250.0424327810811	-2.6665797961142074e-7	0.03803441923959089	7.025117345950553e-8
250.0494393945946	-2.7410759683250106e-7	0.0379322957002917	6.221100335085274e-8
250.0564460081081	-2.8210804942583527e-7	0.03784131978242083	5.4487202000665406e-8
250.06345262162162	-2.866151034734163e-7	0.03775935474913832	4.860719932333064e-8
250.07045923513513	-2.8748593242575667e-7	0.037684828039718385	4.4938268578384465e-8
250.07746584864864	-2.8434798346242405e-7	0.03761652713239468	4.313659537043918e-8
250.08447246216215	-2.788275645155565e-7	0.037553521728296735	4.25618259499257e-8
250.09147907567566	-2.7064178800399976e-7	0.03749512402758956	4.304827484316284e-8
250.09848568918918	-2.612450487141511e-7	0.03744073552281457	4.3684622610806095e-8
250.1054923027027	-2.509404759677586e-7	0.03738986896376886	4.464926885203385e-8
250.11249891621623	-2.403596281246203e-7	0.037342122309951965	4.553469566701748e-8
250.11950552972974	-2.2939390260782977e-7	0.03729715923425826	4.638269552659992e-8
250.12651214324325	-2.1897478925771643e-7	0.03725469434561519	4.6970411147707814e-8
250.13351875675676	-2.0917124517734332e-7	0.037214486077320176	4.73251435469547e-8
250.14052537027027	-1.9843281180890041e-7	0.03717632465294441	4.809469794458424e-8
250.14753198378378	-1.8858202828149495e-7	0.037140028915352015	4.866097899320384e-8
250.1545385972973	-1.7845054286212686e-7	0.03710544030012542	4.945736667836167e-8
250.1615452108108	-1.6772091689812935e-7	0.03707242107426515	5.0583269028556366e-8
250.1685518243243	-1.5693572387141095e-7	0.03704084841410417	5.183638403564671e-8
250.17555843783782	-1.447957962105835e-7	0.037010613777069296	5.366808249740847e-8
250.18256505135136	-1.3281283743066906e-7	0.0369816204790852	5.551422501486077e-8
250.18957166486487	-1.1866297930964269e-7	0.036953781540901155	5.818542695398895e-8
250.19657827837838	-1.0392352909190838e-7	0.03692702001869343	6.109232894099734e-8
250.2035848918919	-8.819002706914436e-8	0.036901265340959555	6.43588152605901e-8
250.2105915054054	-7.043647285155147e-8	0.03687645392925068	6.837306104271052e-8
250.21759811891891	-5.1246376259110855e-8	0.036852527772589	7.289984345001009e-8
250.22460473243243	-3.096776385608131e-8	0.03682943491193871	7.7791959179585e-8
250.23161134594594	-7.893656076815658e-9	0.0368071269328452	8.369686364866653e-8
250.23861795945945	1.6923840765473437e-8	0.03678555974311911	9.016588887331838e-8
250.24562457297296	4.490590302926667e-8	0.03676469278519432	9.772865148149452e-8
250.2526311864865	7.564159187368024e-8	0.03674448698211495	1.0626108895546206e-7
250.2596378	1.0955799399593525e-7	0.03672490432036126	1.158264154025652e-7
250.26664441351352	1.4734389863281448e-7	0.03670592084500807	1.267191892157746e-7
250.27365102702703	1.8980724270911423e-7	0.036687505632112975	1.391528845576106e-7
250.28065764054054	2.3695136291719084e-7	0.036669630669778124	1.5312474049568863e-7
250.28766425405405	2.907319742404177e-7	0.036652270106237804	1.6933160438960648e-7
250.29467086756756	3.5136917797216574e-7	0.0366353996446058	1.8753455780223629e-7
250.30167748108107	4.2038824291667054e-7	0.03661899749780519	2.0873235411641209e-7
250.30868409459458	4.986813254634239e-7	0.036603042369548346	2.3296569642222806e-7
250.3156907081081	5.883686046624072e-7	0.0365875147334879	2.609891463320459e-7
250.32269732162163	6.9123441407371e-7	0.03657239620204914	2.93419652783734e-7
250.32970393513514	8.095191930639519e-7	0.0365576695474341	3.3101251384863e-7
250.33671054864865	9.459109131485798e-7	0.036543318347563296	3.7467541965535e-7
250.34371716216216	1.103206951113477e-6	0.036529327681199354	4.253881273022739e-7
250.35072377567568	1.2860670931985289e-6	0.03651568300406355	4.847661224674603e-7
250.3577303891892	1.497678503509919e-6	0.036502370752208996	5.538868923569407e-7
250.3647370027027	1.7425847906227021e-6	0.03648937806052547	6.342816644224999e-7
250.3717436162162	2.028678505457525e-6	0.036476692784153955	7.287952895230618e-7
250.37875022972972	2.3601418875693286e-6	0.036464303389107	8.387150700965058e-7
250.38575684324323	2.7462842286856544e-6	0.03645219907409842	9.672800998544025e-7
250.39276345675674	3.1967366427828244e-6	0.03644036947313092	1.1178499219593458e-6
250.39977007027028	3.720493846644496e-6	0.03642880476553585	1.2934176702112406e-6
250.4067766837838	4.331114362081735e-6	0.0364174956273848	1.4987263843480335e-6
250.4137832972973	5.043127304477235e-6	0.03640643325230911	1.7386687712002397e-6
250.4207899108108	5.872642685163626e-6	0.0363956091466047	2.018800413843833e-6
250.42779652432432	6.839645253818833e-6	0.03638501529570163	2.3459666260315837e-6
250.43480313783783	7.967965077229283e-6	0.036374644032749245	2.728384200296472e-6
250.44180975135134	9.282453426696513e-6	0.0363644880607413	3.174474455985349e-6
250.44881636486485	1.0815835440017807e-5	0.03635454042925881	3.6954723178158624e-6
250.45582297837836	1.2604198322128666e-5	0.036344794475236517	4.303711763583932e-6
250.46282959189188	1.4688923618067221e-5	0.03633524384106543	5.013327351165092e-6
250.46983620540541	1.712107340404639e-5	0.036325882434988806	5.841803339150172e-6
250.47684281891893	1.9957361670770798e-5	0.036316704447355616	6.808482742079924e-6
250.48384943243244	2.326426037903812e-5	0.03630770427056947	7.936046598250425e-6
250.49085604594595	2.7122158328380936e-5	0.036298876646207304	9.252059060063278e-6
250.49786265945946	3.16210042879296e-5	0.03629021633749423	1.0787180207557493e-5
250.50486927297297	3.6869078332634496e-5	0.03628171847625204	1.2578447304423961e-5
250.51187588648648	4.2989776370042424e-5	0.03627337844577038	1.4668016384744306e-5
250.5188825	5.0129028651664226e-5	0.03626519169030154	1.710575731067153e-5
250.5258891135135	5.8456943426675985e-5	0.036257153797394616	1.9949849430536697e-5
250.532895727027	6.816995526905555e-5	0.036249260713579395	2.3267501305264274e-5
250.53990234054055	7.950064970000204e-5	0.03624150822721346	2.7137887054648246e-5
250.54690895405406	9.271789832158459e-5	0.036233892626107815	3.165298005308167e-5
250.55391556756757	0.00010813488148218312	0.03622641026518643	3.691975496394714e-5
250.56092218108108	0.00012611968338460967	0.03621905756741225	4.306389818761366e-5
250.5679287945946	0.00014709901931187714	0.036211830982330113	5.023126678000958e-5
250.5749354081081	0.0001715718094406417	0.036204727249339826	5.859242089040522e-5
250.58194202162161	0.00020011981371470942	0.036197743163469354	6.834596273399143e-5
250.58894863513513	0.00023342284661126444	0.03619087562142388	7.972419442791471e-5
250.59595524864864	0.0002722706691993411	0.03618412176633797	9.299680107431885e-5
250.60296186216215	0.0003175880043842419	0.03617747875431948	0.00010847975198593038
250.6099684756757	0.0003704508956346982	0.0361709436920448	0.00012654060816916923
250.6169750891892	0.00043211442177668394	0.03616451403346466	0.00014760780684204075
250.6239817027027	0.0005040442830344173	0.03615818727137328	0.00017218253745001947
250.63098831621622	0.0005879487419911624	0.03615196078675017	0.0002008480657101859
250.63799492972973	0.0006858157232609688	0.036145832381349836	0.00023428334086694912
250.64500154324324	0.0007999693578487526	0.036139799701403394	0.0002732822691896995
250.65200815675675	0.0009331127996013133	0.036133860654837306	0.0003187678802149674
250.65901477027026	0.0010884018487535613	0.03612801317349806	0.0003718183430567954
250.66602138378377	0.0012695117938021916	0.03612225527303947	0.0004336881075924874
250.67302799729728	0.001480725891786128	0.036116585209238015	0.000505839989003525
250.68003461081082	0.0017270320641587166	0.0361110014215457	0.0005899769667818777
250.68704122432433	0.002014241069170481	0.03610550243521145	0.0006880827146038947
250.69404783783784	0.002349119430190053	0.03610008701903839	0.000802466954310792
250.70105445135135	0.002739541155089186	0.03609475426552806	0.0009358168977914826
250.70806106486486	0.0031946693768757054	0.03608950363845672	0.0010912593321073224
250.71506767837838	0.003725160683507783	0.03608433507504035	0.0012724297434610339
250.7220742918919	0.004343401377227515	0.03607924908719431	0.0014835527166522527
250.7290809054054	0.005063781475082377	0.03607424702705413	0.0017295348974535598
250.7360875189189	0.005903003758454471	0.03606933138679498	0.002016069482696904
250.74309413243242	0.006880443402864232	0.036064506091264346	0.0023497580727750204
250.75010074594593	0.008018566439761399	0.03605977754356548	0.002738252510072522
250.75710735945947	0.009343268616099992	0.03605514955256345	0.003190363083567318
250.76411397297298	0.010884714021546995	0.03605063909387136	0.003716356281304227
250.7711205864865	0.012677471140900823	0.036046263142674055	0.004327979458223313
250.7781272	0.014761512268613504	0.03604204420892408	0.005038807360874711
250.7851338135135	0.017182663344902996	0.03603801397340086	0.005864385817599523
250.79214042702702	0.019993576134452268	0.036034215377185715	0.006822554125376171
250.79914704054053	0.02325430845401754	0.03603070733763378	0.007933629856161644
250.80615365405404	0.027033358353488458	0.03602756846810463	0.009220744927000618
250.81316026756755	0.031408296777066004	0.0360249051956883	0.010710037908565829
250.82016688108106	0.03646670880975089	0.03602286016824614	0.012430944998435813
250.8271734945946	0.042306681986070925	0.03602162407905811	0.014416326760840138
250.83418010810811	0.04903766042722653	0.03602145065420438	0.016702706267167175
250.84118672162163	0.056779906937806525	0.036022676570485794	0.019330017637729412
250.84819333513514	0.0656651750862336	0.03602574586533679	0.022341746607524998
250.85519994864865	0.07583475148862692	0.03603124128234239	0.025784151531566886
250.86220656216216	0.08743869275427973	0.03603992441003775	0.029705856471707728
250.86921317567567	0.10063184828022252	0.036052781158814814	0.03415632476342522
250.87621978918918	0.11557047962500733	0.036071077582852586	0.03918448544571733
250.8832264027027	0.13240505603152683	0.03609642527691408	0.04483602190682089
250.8902330162162	0.15127294722776594	0.03613085408156172	0.05115058034273539
250.89723962972974	0.1722869001875546	0.036176885377823334	0.058157530106141095
250.90424624324325	0.1955240925065442	0.03623760704547313	0.0658718619112919
250.91125285675676	0.22100845617848416	0.036316722436793014	0.07428785026711245
250.91825947027027	0.24869757320960525	0.03641859039786247	0.08337427512686713
250.92526608378378	0.27846005428385634	0.036548186652442034	0.09306656353692279
250.9322726972973	0.31007136349878495	0.03671100065000083	0.10326543226113793
250.9392793108108	0.3431883171372621	0.03691293528633064	0.11382856458576089
250.94628592432431	0.37734887129147104	0.037159955961622936	0.1245709927104248
250.95329253783783	0.411977414967877	0.03745775827213206	0.13526812697778762
250.96029915135134	0.44639557833147125	0.037811251800904805	0.14566103347559262
250.96730576486488	0.47985038448668255	0.038224075658512255	0.1554676987258526
250.9743123783784	0.5115516207630522	0.038698126487419285	0.1643980450290326
250.9813189918919	0.5407679732868049	0.03923272088357008	0.17219345493195287
250.9883256054054	0.5668179875755528	0.03982450712444997	0.17861898939039497
250.99533221891892	0.5891441107260889	0.04046744146350545	0.18349280795460618
251.00233883243243	0.6073634250094513	0.041153170840352374	0.18670430086818726
251.00934544594594	0.6212972497558458	0.04187151827081685	0.18822373452949553
251.01635205945945	0.630978665908128	0.04261145048224414	0.1881035445471908
251.02335867297296	0.6366419745202379	0.04336188816192335	0.1864724598725515
251.03036528648647	0.6386958618402239	0.044112725771528936	0.18352240165965744
251.0373719	0.6376725123437356	0.04485559728655587	0.17948885343617113
251.04437851351352	0.6341734735046257	0.04558445093176913	0.17462798122175052
251.05138512702703	0.6288368345464155	0.046295823906361645	0.16920330951745377
251.05839174054054	0.6222932006877427	0.04698870515065104	0.16347093067335225
251.06539835405405	0.6151114069907466	0.04766413910447355	0.15765628832084558
251.07240496756756	0.60777953583855	0.04832492598295878	0.1519479713847518
251.07941158108108	0.6006910742161405	0.04897509807657033	0.14649355031273195
251.0864181945946	0.5941480822822729	0.04961945503532872	0.14140040307698992
251.0934248081081	0.5883676308893176	0.05026303214123935	0.13674253152372368
251.1004314216216	0.5834846793103373	0.05091077733796916	0.1325592649177537
251.10743803513512	0.5795654789836377	0.0515671771208221	0.12886224477879266
251.11444464864866	0.5766208419131935	0.052236114217949554	0.12564105897384645
251.12145126216217	0.5746198510399898	0.05292070649004033	0.12286990064299819
251.12845787567568	0.5735030007189895	0.053623293512745585	0.12051031090346702
251.1354644891892	0.5731879115242997	0.054345429989463116	0.11851803453465615
251.1424711027027	0.5735825759657964	0.05508789467886827	0.1168453164572818
251.1494777162162	0.5745910593273456	0.05585082918526583	0.1154442583181379
251.15648432972972	0.576119098888969	0.056633873112908746	0.11426894439820122
251.16349094324323	0.5780783528168234	0.057436247894884856	0.11327729139449641
251.17049755675674	0.5803869763010082	0.058256812409323525	0.11243192483026987
251.17750417027025	0.5829775714422576	0.059094509188579995	0.11169984754483878
251.1845107837838	0.5857870801894096	0.059947963070459506	0.1110538051555607
251.1915173972973	0.5887639526458026	0.060815724828770325	0.11047097358984183
251.19852401081081	0.5918682951285517	0.061696428142468826	0.10993419597999532
251.20553062432433	0.5950681044569333	0.06258874501338524	0.10943022578636215
251.21253723783784	0.5983417899358344	0.0634916063489426	0.1089506544645832
251.21954385135135	0.6016718753779393	0.0644039886084981	0.10848900765629702
251.22655046486486	0.6050510682744166	0.06532523222201923	0.10804358462466927
251.23355707837837	0.6084752390657712	0.06625479533729585	0.10761417245051083
251.24056369189188	0.611944305744165	0.0671923165805034	0.1072021009265083
251.2475703054054	0.6154608307104673	0.06813764337984386	0.10680991476813859
251.25457691891893	0.6190289940899809	0.06909071628893063	0.10644049313387999
251.26158353243244	0.6226539249293954	0.07005164615607828	0.10609768191270409
251.26859014594595	0.6263406251831808	0.07102047899510157	0.1057844911796082
251.27559675945946	0.630096575968229	0.07199768322183471	0.10550454621073906
251.28260337297297	0.6339253180878337	0.0729834570183082	0.10526028771711494
251.28960998648648	0.6378313208645947	0.0739781084277415	0.10505411534853407
251.2966166	0.641817566270469	0.0749820261930422	0.10488758203872679
251.3036232135135	0.6458850077198226	0.07599544596863397	0.10476114491302627
251.31062982702701	0.6500343826358418	0.07701871329958998	0.10467518490745187
251.31763644054053	0.6542634788734596	0.07805201575887015	0.10462881724174962
251.32464305405406	0.6585698738776392	0.07909553825534964	0.10462047973417404
251.33164966756758	0.662950276037791	0.08014942502539935	0.1046480016236873
251.3386562810811	0.6673994404683529	0.08121383680519999	0.10470858439384374
251.3456628945946	0.6719103474957637	0.08228869416313389	0.10479878557597892
251.3526695081081	0.6764755360908338	0.08337391098761343	0.1049147611535955
251.35967612162162	0.681086658197195	0.08446930309081108	0.10505219988732338
251.36668273513513	0.6857351801761302	0.08557466408185734	0.10520672834870627
251.37368934864864	0.6904123973874401	0.08668960516538048	0.10537335574640666
251.38069596216215	0.69510611987579	0.08781357488846575	0.10554717220828241
251.38770257567566	0.6998095991893597	0.08894631305225491	0.10572350273085544
251.3947091891892	0.7045111265786549	0.09008701607924056	0.10589785131307297
251.4017158027027	0.709205528794329	0.09123550250316907	0.10606629953146532
251.40872241621622	0.7138823053344834	0.09239091659809057	0.1062252224337794
251.41572902972973	0.7185382897155843	0.09355303712053344	0.10637142609612081
251.42273564324324	0.7231668469205568	0.09472136231092368	0.10650265414535777
251.42974225675675	0.7277620791904719	0.0958951656249235	0.10661707934416877
251.43674887027026	0.7323255126317488	0.09707451166640518	0.106713398023334
251.44375548378378	0.7368534694550862	0.09825900584416196	0.10679122615574349
251.4507620972973	0.7413460898433717	0.0994484414815033	0.10685077197497538
251.4577687108108	0.7458014750099661	0.10064235144933759	0.10689275212965367
251.46477532432434	0.7502271884770383	0.10184109114051905	0.10691770991916494
251.47178193783785	0.7546233308111	0.10304476880079443	0.10692776360988694
251.47878855135136	0.7589940030718303	0.10425345959799924	0.10692515185471811
251.48579516486487	0.7633435096810508	0.10546732951128265	0.10691212130036831
251.49280177837838	0.767677124811135	0.1066866780404224	0.1068913681275043
251.4998083918919	0.7720004276724242	0.10791186388694099	0.10686569349882734
251.5068150054054	0.7763187167139978	0.10914324626697862	0.10683777114104621
251.5138216189189	0.7806371905360308	0.11038114879127697	0.10681049334052237
251.52082823243242	0.7849611759194891	0.11162605589267137	0.10678624010138367
251.52783484594593	0.7892981588679588	0.11287871704778082	0.10676832882860761
251.53484145945944	0.7936517428406784	0.11413948671254469	0.10675915600580604
251.54184807297298	0.7980254391774136	0.11540877137198877	0.10675979545838168
251.5488546864865	0.802420691742404	0.11668669141715264	0.10677160636371791
251.5558613	0.8068406034900091	0.11797374748216241	0.10679558532170119
251.56286791351351	0.8112865877407681	0.1192700204778011	0.10683220683625295
251.56987452702703	0.8157591032163746	0.12057581946767715	0.10688184365776092
251.57688114054054	0.8202582034941999	0.12189117107351606	0.10694474851908675
251.58388775405405	0.8247844761065463	0.12321634733966245	0.10702044986606181
251.59089436756756	0.8293350780201963	0.12455111756217495	0.1071082663103803
251.59790098108107	0.8339106076645361	0.12589569722648136	0.10720749032431603
251.60490759459458	0.8385074220773803	0.1272498715147148	0.10731677826218997
251.61191420810812	0.8431217726924423	0.12861324304017535	0.10743473327424136
251.61892082162163	0.847753211163305	0.12998593190956909	0.10755998045912318
251.62592743513514	0.8523977099216464	0.13136764607494678	0.10769104341839852
251.63293404864865	0.857051955789305	0.1327580633879631	0.10782629359677119
251.63994066216216	0.8617119913395457	0.13415665487679343	0.10796418940557143
251.64694727567567	0.8663769144879514	0.13556355032213602	0.10810313262759139
251.65395388918918	0.8710423237539207	0.13697825664756616	0.10824162751274945
251.6609605027027	0.8757055657191554	0.1384004691016606	0.10837834186395132
251.6679671162162	0.8803646289063372	0.13982996175223644	0.10851226537209728
251.67497372972971	0.8850160301273717	0.1412661005201761	0.10864237965950738
251.68198034324325	0.8896608050226273	0.14270926649689292	0.1087676470978915
251.68898695675676	0.894296139460001	0.14415907123276228	0.10888770917341345
251.69599357027028	0.8989211402472312	0.14561533872731708	0.10900215422833093
251.7030001837838	0.9035354762115544	0.1470779842860066	0.10911086151427327
251.7100067972973	0.908139344790458	0.1485470115943079	0.1092139373371855
251.7170134108108	0.9127331206038417	0.15002240536428496	0.1093116931508183
251.72402002432432	0.917316482842472	0.151504204450609	0.1094048408896847
251.73102663783783	0.9218907884144757	0.15299151496127886	0.10949343709648433
251.73803325135134	0.926462313270894	0.1544865808922155	0.10957882423005126
251.74503986486485	0.9310294569375893	0.1559888557284911	0.10966207053699685
251.7520464783784	0.935596662042788	0.1574990717765217	0.10974370913852474
251.7590530918919	0.940160866960688	0.15901691608429733	0.10982587532962486
251.7660597054054	0.9447263903933989	0.1605424216005926	0.10990894984367108
251.77306631891892	0.94929676255817	0.1620762710776598	0.10999394487582581
251.78007293243243	0.9538735014994777	0.1636188303738986	0.11008195165651963
251.78707954594594	0.9584579005935647	0.16517027898011294	0.11017390793808732
251.79408615945945	0.963052439543466	0.16673111133820187	0.11027039222424538
251.80109277297296	0.9676578072974071	0.16830153650155874	0.1103721285043763
251.80809938648648	0.9722746721565806	0.16988168746870677	0.11047969482230069
251.815106	0.9769047913077208	0.17147188900227936	0.11059326210569945
251.82211261351353	0.9815483401090344	0.17307237338858958	0.11071319433252101
251.82911922702704	0.9862052747387464	0.17468318415026937	0.11083952983367486
251.83612584054055	0.9908753436661941	0.17630436872676575	0.11097232519211846
251.84313245405406	0.995559106300537	0.17793604992143708	0.11111115255207703
251.85013906756757	1.0002560405570944	0.17957841495196541	0.11125600036509595
251.85714568108108	1.0049653176206752	0.1812313972133597	0.11140647278160588
251.8641522945946	1.0096860663468028	0.18289494176463	0.11156211060884506
251.8711589081081	1.0144170135636372	0.18456891539082207	0.11172253887549835
251.8781655216216	1.01915816881562	0.18625337951754198	0.11188682996569067
251.88517213513512	1.0239078734451983	0.18794831990097652	0.11205460732161944
251.89217874864863	1.028664875544512	0.18965359384772698	0.11222521100966754
251.89918536216217	1.0334278967999586	0.19136905136612603	0.11239799132110646
251.90619197567568	1.0381959665696796	0.19309464492086817	0.11257234212780846
251.9131985891892	1.0429678350300131	0.19483023294336774	0.11274763573333353
251.9202052027027	1.0477419892167927	0.19657560940983942	0.11292362323110307
251.92721181621621	1.052518454790884	0.19833063230439194	0.1130990911320298
251.93421842972973	1.057296420779094	0.2000956372749551	0.11327412694159782
251.94122504324324	1.0620746995323174	0.20187040922291127	0.11344828492255425
251.94823165675675	1.066852950790824	0.20365496573128883	0.11362131456088195
251.95523827027026	1.0716307095526063	0.20544926887536333	0.11379300202941119
251.96224488378377	1.0764079660962422	0.20725341673446063	0.11396326151414032
251.9692514972973	1.081184797595278	0.20906751560852063	0.11413207442950148
251.97625811081082	1.0859614254940968	0.2108916828541922	0.11429954434043713
251.98326472432433	1.0907383056024313	0.212726111885274	0.11446582519388775
251.99027133783784	1.0955160581150554	0.21457104581591813	0.11463113037036114
251.99727795135135	1.100295176976328	0.2164266602015286	0.11479572318940955
252.00428456486486	1.1050764119088046	0.21829323440076834	0.114959880660448
252.01129117837837	1.1098606952719374	0.22017109836823898	0.11512395481062013
252.01829779189188	1.1146487201379505	0.22206049969941638	0.11528828134370417
252.0253044054054	1.119441350937994	0.22396172322458927	0.11545331863937285
252.0323110189189	1.1242398432158862	0.22587520920486817	0.11561919263859724
252.03931763243244	1.1290447826369219	0.2278013095778477	0.1157863685149963
252.04632424594595	1.1338569287887175	0.22974033908899305	0.11595513504733093
252.05333085945946	1.1386770451715507	0.2316926408240982	0.1161257580415999
252.06033747297298	1.1435058662892443	0.23365857112531357	0.11629846833606264
252.0673440864865	1.1483441237603413	0.2356385109284618	0.11647346212742918
252.0743507	1.153192310273836	0.23763267061940258	0.1166510111358569
252.0813573135135	1.1580512375075724	0.23964161357716585	0.11683093928116801
252.08836392702702	1.1629209575698392	0.24166559691698972	0.11701344037314397
252.09537054054053	1.1678019374101303	0.24370500042423052	0.11719850688710765
252.10237715405404	1.1726942886395226	0.24576009377814642	0.11738607394636061
252.10938376756758	1.1775983641926224	0.2478312760652297	0.1175760621521208
252.1163903810811	1.1825141539271242	0.24991882112304675	0.1177683318064032
252.1233969945946	1.1874418212139517	0.25202310198186406	0.11796271282155998
252.1304036081081	1.1923813490862019	0.25414444052240587	0.11815900949153345
252.13741022162162	1.1973326159437492	0.2562831348312563	0.11835698594631695
252.14441683513513	1.2022956620231446	0.25843957730174527	0.11855639586582252
252.15142344864864	1.207271141456859	0.2606143849290159	0.11875739838369007
252.15843006216215	1.2122568892397263	0.2628068341164925	0.11895872923018568
252.16543667567566	1.2172549522881788	0.2650184979997589	0.1191608271378083
252.17244328918918	1.222264218572437	0.26724934275057094	0.11936330131656385
252.17944990270271	1.2272846936182409	0.26949977855542784	0.11956586506170655
252.18645651621623	1.2323161738203214	0.27177014667841737	0.11976825148101759
252.19346312972974	1.2373587418108174	0.2740609198208098	0.11997023241824664
252.20046974324325	1.2424123344724585	0.27637250866351776	0.12017159595814964
252.20747635675676	1.247477044341077	0.2787054069284285	0.12037215662852213
252.21448297027027	1.2525528541455735	0.28106006727759164	0.12057175034187843
252.22148958378378	1.2576399092366661	0.28343701345208516	0.12077026340270478
252.2284961972973	1.2627383023075602	0.2858367534574259	0.12096758349605578
252.2355028108108	1.2678481666556287	0.2882598153385222	0.12116365152381064
252.2425094243243	1.2729697724668572	0.2907067971248517	0.12135843911690553
252.24951603783782	1.278103098990839	0.2931781768317063	0.12155192447969812
252.25652265135136	1.2832479525362082	0.29567450076904367	0.12174400667723397
252.26352926486487	1.2884050092461223	0.2981963856513779	0.12193496705973655
252.27053587837838	1.2935742069936456	0.30074432103725607	0.1221247191284801
252.2775424918919	1.2987555871226555	0.30331884023740935	0.12231336155017762
252.2845491054054	1.3039491338727816	0.30592046758413727	0.1225010001689784
252.29155571891891	1.3091547210040595	0.3085496869642151	0.12268774238163169
252.29856233243243	1.3143721370429735	0.3112069373087112	0.12287369231183831
252.30556894594594	1.319601242002816	0.3138926929684987	0.12305901031957019
252.31257555945945	1.3248416935669312	0.3166073376927597	0.12324383795546731
252.31958217297296	1.3300928512122545	0.3193511312924635	0.12342829511108813
252.3265887864865	1.3353544062419844	0.3221244799507945	0.12361259161984209
252.3335954	1.340625716952892	0.3249276337246303	0.12379687356290484
252.34060201351352	1.3459057848542137	0.3277606825119516	0.12398126380869126
252.34760862702703	1.3511939269536628	0.33062384015788593	0.12416593467446704
252.35461524054054	1.3564893113635668	0.3335172405002671	0.12435104101689437
252.36162185405405	1.3617907511554053	0.3364408617465005	0.12453671513204248
252.36862846756756	1.3670971911142749	0.3393946899570591	0.12472310723620547
252.37563508108107	1.3724075408943068	0.3423786803906333	0.12491036506518413
252.38264169459458	1.3777207449119937	0.3453927671989205	0.1250986443679104
252.3896483081081	1.3830354780090857	0.3484367369497604	0.12528802147855525
252.39665492162163	1.3883504169210543	0.3515103577947634	0.12547860426095628
252.40366153513514	1.3936643340706527	0.35461340717365647	0.1256705225064513
252.41066814864865	1.3989764148179802	0.35774577334386215	0.12586389551735844
252.41767476216216	1.4042857557032222	0.3609072804202651	0.1260588246544139
252.42468137567568	1.4095914224822654	0.3640976846116092	0.12625534423115337
252.4316879891892	1.4148922145482845	0.3673165999276346	0.126453440570015
252.4386946027027	1.4201875800016315	0.37056387876404107	0.12665318304767811
252.4457012162162	1.4254769179896716	0.37383935205364877	0.12685470039341826
252.45270782972972	1.430759264777706	0.37714262631645373	0.12705794336065285
252.45971444324323	1.4360342125872185	0.38047351952030467	0.12726294954470085
252.46672105675677	1.4413011156628501	0.38383171958329104	0.12746968800847727
252.47372767027028	1.4465594568100475	0.3872169311153214	0.12767809912228678
252.4807342837838	1.4518091819151258	0.39062908439087557	0.12788827600778563
252.4877408972973	1.457049881495956	0.3940679227570768	0.12810019904006673
252.4947475108108	1.4622810625763538	0.3975331457304821	0.12831383683047456
252.50175412432432	1.4675021351458748	0.401024384415792	0.1285291125376827
252.50876073783783	1.472712866687978	0.4045414207720763	0.128746049721319
252.51576735135134	1.4779122317200126	0.40808374993509094	0.12896440057859904
252.52277396486485	1.4831015782653796	0.4116517629713638	0.12918457409491138
252.52978057837836	1.4882794332204727	0.4152446836351843	0.12940624498115336
252.5367871918919	1.4934457530972032	0.4188623603186902	0.1296294469207322
252.54379380540541	1.4986003199861855	0.4225046274561523	0.12985415772575365
252.55080041891893	1.5037426595070869	0.4261711364734798	0.13008032913339998
252.55780703243244	1.5088727647587896	0.4298618023104947	0.1303079603398708
252.56481364594595	1.5139897428074647	0.43357610943600333	0.13053684871390694
252.57182025945946	1.5190933689768198	0.4373139169914964	0.1307670015028586
252.57882687297297	1.5241827901769602	0.44107471182581676	0.13099825860586586
252.58583348648648	1.529257083261975	0.44485803333920687	0.1312304496887295
252.5928401	1.5343152267291666	0.4486633399403924	0.13146335069050882
252.5998467135135	1.5393568621470326	0.45249043612503864	0.13169681066843233
252.606853327027	1.5443806503123443	0.4563386399968322	0.13193055716973703
252.61385994054055	1.5493854031993186	0.46020737239656373	0.13216419956137135
252.62086655405406	1.5543696724495164	0.4640959220938984	0.13239728364917397
252.62787316756757	1.5593320712791634	0.46800366100917157	0.13262933326692836
252.63487978108108	1.5642708075915015	0.47192973340627475	0.13285979457735944
252.6418863945946	1.569183534596779	0.47587308443620563	0.1330878908254091
252.6488930081081	1.5740674312057679	0.4798324134309073	0.1333127585643105
252.65589962162161	1.5789197231853251	0.48380649244989604	0.13353338361177639
252.66290623513513	1.5837368703401893	0.48779367520689687	0.1337485458665892
252.66991284864864	1.5885149525582591	0.49179229626413323	0.1339569152978286
252.67691946216215	1.5932491485954752	0.4958001943232181	0.13415684300619726
252.68392607567569	1.5979341996218106	0.49981507727495705	0.13434643139495597
252.6909326891892	1.6025639971929793	0.5038342290458562	0.134523463651329
252.6979393027027	1.6071317684179416	0.5078547727627175	0.1346855797686824
252.70494591621622	1.6116287959280766	0.5118727907895315	0.1348296055358599
252.71195252972973	1.6160454981574883	0.5158840451206161	0.1349519486906161
252.71895914324324	1.6203707225429311	0.5198835997542178	0.135048452327793
252.72596575675675	1.6245917677655763	0.5238657651634622	0.13511424553110404
252.73297237027026	1.6286936086559225	0.5278237855889953	0.13514361581685252
252.73997898378377	1.6326589511491196	0.5317499369203058	0.1351300189044872
252.74698559729728	1.6364678079028558	0.5356352542373907	0.1350658316384791
252.75399221081082	1.6400933554518944	0.5394675821736853	0.13494127629850314
252.76099882432433	1.643516163798315	0.543238246458408	0.13474815775785529
252.76800543783784	1.6467021700666251	0.5469316449750706	0.13447366888269477
252.77501205135135	1.6496159252098987	0.5505315852643027	0.134104263278475
252.78201866486486	1.6522168804704116	0.5540196137526089	0.133624475416179
252.78902527837838	1.6544588588842828	0.5573746635521372	0.1330167623296108
252.7960318918919	1.656286911110639	0.5605712769154455	0.13226013884684587
252.8030385054054	1.6576442363867456	0.5635832159082399	0.13133227309842613
252.8100451189189	1.6584601537907155	0.5663775634081623	0.13020615720180367
252.81705173243242	1.6586576441517877	0.5689182298017351	0.12885201572674332
252.82405834594596	1.6581496705451582	0.571164235022951	0.12723625133056685
252.83106495945947	1.6568390768693468	0.5730695204392763	0.12532142522554365
252.83807157297298	1.6546184441560832	0.5745829031656846	0.12306625945166344
252.8450781864865	1.6513674428648153	0.57564663210467	0.12042486036139906
252.8520848	1.6469641233323775	0.5762017885684009	0.1173501099084409
252.8590914135135	1.641269952823931	0.5761807713118934	0.11378956875916313
252.86609802702702	1.6341433639561578	0.5755137981437736	0.10968957737769901
252.87310464054053	1.6254401507406673	0.5741287527284892	0.10499594965848474
252.88011125405404	1.6150153877261966	0.5719519704328795	0.09965526628574918
252.88711786756755	1.6027430090653778	0.5689178655208593	0.09362170672738639
252.8941244810811	1.5885047162792036	0.5649625063084511	0.08685403148624916
252.9011310945946	1.5722096616992853	0.5600335013926294	0.07932329005678666
252.90813770810811	1.553822474391242	0.5541032886247508	0.07102275916584762
252.91514432162163	1.5333507166756537	0.5471627523360586	0.0619654136620966
252.92215093513514	1.510869615632456	0.5392335661555454	0.052193041077850943
252.92915754864865	1.4865635496611533	0.5303882739756334	0.0417911484354414
252.93616416216216	1.4606946646845382	0.5207351990863063	0.030878791331268265
252.94317077567567	1.4336293068393178	0.5104319877483092	0.019618190940092033
252.95017738918918	1.4058730569871967	0.49970370654375507	0.008225759407697052
252.9571840027027	1.3779999231827853	0.48880880998227766	-0.0030533129657933657
252.9641906162162	1.3506543449547121	0.47804156397161146	-0.01394602344301939
252.97119722972974	1.3245833561968259	0.46774930630801476	-0.024145075276438794
252.97820384324325	1.300479862188065	0.4582567776688423	-0.03336450920245736
252.98521045675676	1.2790101055675716	0.4498805775902756	-0.041335740711702804
252.99221707027027	1.2607414030301527	0.4428946466098078	-0.04783587071341132
252.99922368378378	1.2460953865264583	0.437507573535479	-0.05270712431973836
253.0062302972973	1.235272223468723	0.43382399130752813	-0.05588149021947446
253.0132369108108	1.228406548251505	0.4319238186191859	-0.05733887189572518
253.02024352432431	1.2253109189005824	0.4317316576627846	-0.05717833455699212
253.02725013783783	1.225670619385559	0.43311257102468204	-0.055557837044543104
253.03425675135134	1.2290352834550975	0.43586640158752243	-0.05269066560206406
253.04126336486488	1.2348620421980112	0.43974746186922736	-0.04882534952324723
253.04826997837839	1.2425696225901548	0.44449005945473763	-0.04422379977262456
253.0552765918919	1.2515683724840603	0.44982213630135837	-0.03914549125283711
253.0622832054054	1.2613215021595905	0.45549527170066345	-0.0338260879480028
253.06928981891892	1.2713475149569058	0.4612847265519395	-0.028470230711244205
253.07629643243243	1.281265292419222	0.4670125611745381	-0.02323939054799451
253.08330304594594	1.290756577274433	0.4725292042027949	-0.018264699859360856
253.09030965945945	1.2995917512712123	0.4777261309448408	-0.01363858375020136
253.09731627297296	1.3076224742352254	0.48253275819004604	-0.00941804431381842
253.10432288648647	1.3147653151571452	0.4869083349963404	-0.005629669710117249
253.1113295	1.3209922766026667	0.4908386815971105	-0.0022774274158950955
253.11833611351352	1.326320598368464	0.494331087484792	0.0006529050571868956
253.12534272702703	1.3307922083772008	0.4974038359161358	0.0031887193768398
253.13234934054054	1.3344791255583626	0.5000904143671229	0.005365817328834666
253.13935595405405	1.3374582118744698	0.5024261844089417	0.007224267825510018
253.14636256756756	1.3398129976573359	0.5044494065871575	0.008805676521766377
253.15336918108108	1.341634815301874	0.5062034738360266	0.010151836587471964
253.1603757945946	1.3430039117409587	0.5077256447255886	0.011301402492873883
253.1673824081081	1.3439983665595598	0.5090525724422589	0.012290344187395238
253.1743890216216	1.3446903815596296	0.5102182611724889	0.013151474864374006
253.18139563513515	1.3451417098962417	0.511251918768692	0.013912566795551685
253.18840224864866	1.3454073315699213	0.5121797344621959	0.014597876057520017
253.19540886216217	1.3455349164389128	0.5130244263308847	0.015227979346733844
253.20241547567568	1.3455636064668366	0.513804770571196	0.015819306623738715
253.2094220891892	1.345526422965551	0.5145367395251179	0.016385684008677046
253.2164287027027	1.3454481288569535	0.5152325379221019	0.016937370105755984
253.2234353162162	1.3453483925895915	0.5159020115432194	0.017482155610709683
253.23044192972972	1.3452427827917937	0.5165530884804748	0.018025886508906
253.23744854324323	1.3451412726983243	0.5171909771793509	0.018571799859084998
253.24445515675674	1.3450494625525529	0.5178189526595803	0.01912127862761997
253.25146177027028	1.3449667627925441	0.5184368462392428	0.019674522945952882
253.2584683837838	1.3449083066810263	0.5190528976921421	0.020233592484206163
253.2654749972973	1.3448655708395838	0.5196642363448386	0.020796839957969857
253.27248161081081	1.344837243647667	0.520270439300055	0.021362439968238084
253.27948822432433	1.344821899733575	0.5208717815758515	0.021928669219979987
253.28649483783784	1.3448152645189215	0.5214668621579475	0.0224932525355024
253.29350145135135	1.3448145980581105	0.5220548713443048	0.02305410288532988
253.30050806486486	1.3448154811260442	0.5226344116690161	0.023608968617263075
253.30751467837837	1.3448140994382551	0.5232042949137443	0.024155982143004226
253.31452129189188	1.3448075940791597	0.5237638698105549	0.02469357457500588
253.3215279054054	1.344790839038418	0.5243109340359106	0.025219483692500863
253.32853451891893	1.3447622118768698	0.5248451654493151	0.025732342686857465
253.33554113243244	1.3447173084804631	0.5253650492507961	0.026230881386565173
253.34254774594595	1.3446527983686454	0.525869449055816	0.02671390588997893
253.34955435945946	1.3445659900768896	0.5263575470335866	0.027180530738505466
253.35656097297297	1.3444548958564975	0.5268286912658979	0.027629779397675434
253.36356758648648	1.344318684887715	0.527282729445664	0.028061015194842037
253.3705742	1.3441531145645569	0.5277175376306645	0.028472927250982376
253.3775808135135	1.3439591262736268	0.5281338199780619	0.028865831700872313
253.38458742702701	1.34373663491399	0.5285316147465836	0.029239885044140233
253.39159404054053	1.3434857410442753	0.5289109986803265	0.02959524175066382
253.39860065405406	1.343208169112694	0.5292728649517486	0.02993295360607896
253.40560726756758	1.3429050513564094	0.5296178584167516	0.03025402333414045
253.41261388108109	1.3425780809035468	0.5299467702516636	0.03055961290318908
253.4196204945946	1.3422297980025677	0.5302608212423616	0.03085138273617153
253.4266271081081	1.3418635484376948	0.5305614686005371	0.03113080951232036
253.43363372162162	1.3414831411651413	0.5308505106944282	0.03140003681375656
253.44064033513513	1.341090139321306	0.5311288406065166	0.03166086893846025
253.44764694864864	1.3406894397526257	0.5313986480451609	0.03191554021830039
253.45465356216215	1.3402841992874537	0.5316615835125378	0.03216631024637074
253.46166017567566	1.3398780458341366	0.5319199306920609	0.032415891951093755
253.4686667891892	1.3394717494937063	0.5321731243414569	0.0326645925756645
253.4756734027027	1.3390708421870008	0.5324240167845427	0.03291483528422788
253.48268001621622	1.3386784235258764	0.5326740723730085	0.03316833103448463
253.48968662972973	1.3382970920637016	0.5329245357478939	0.033426513206841674
253.49669324324324	1.3379292292521243	0.5331765187442793	0.033690694113179716
253.50369985675675	1.3375756078556449	0.5334301867952854	0.03396146161774583
253.51070647027026	1.3372418707999283	0.533688557004388	0.03424073868561047
253.51771308378378	1.336926823280823	0.5339511714365265	0.03452889769333481
253.5247196972973	1.3366313778156684	0.5342184444543089	0.03482640607219906
253.5317263108108	1.3363561062655174	0.5344906410085716	0.03513323661678872
253.53873292432434	1.3361015900884643	0.5347680990487355	0.03544965151532903
253.54573953783785	1.3358662566241943	0.5350502520265062	0.03577542339897936
253.55274615135136	1.3356500653324366	0.5353370553239875	0.03611035009247581
253.55975276486487	1.3354521439445572	0.5356282196704052	0.03645406256051846
253.56675937837838	1.3352710125142258	0.5359232079831034	0.03680607158279661
253.5737659918919	1.335105539664655	0.536221577356315	0.03716596519807619
253.5807726054054	1.3349540090772767	0.5365226070152959	0.03753298005721699
253.5877792189189	1.3348155017813708	0.5368259163076452	0.03790661015810513
253.59478583243242	1.3346882308378336	0.537130774027966	0.03828590153095805
253.60179244594593	1.3345710546523804	0.5374367138421963	0.03867027396083649
253.60879905945947	1.3344617100106524	0.5377427263354876	0.03905873746604054
253.61580567297298	1.3343585404452478	0.5380481137534426	0.03945051663814094
253.6228122864865	1.3342596943519758	0.5383521208695702	0.03984475813158848
253.6298189	1.3341630763556305	0.5386538748512663	0.04024064251381432
253.63682551351351	1.334066356868463	0.538952339844859	0.04063717856879636
253.64383212702703	1.3339671016415264	0.5392464660247265	0.041033400686226656
253.65083874054054	1.3338622412971537	0.5395349237063931	0.041428166771317644
253.65784535405405	1.333748695915378	0.5398163047879818	0.04182020848670743
253.66485196756756	1.3336228953014428	0.5400889767712782	0.04220799909323183
253.67185858108107	1.3334805253189888	0.5403509656870051	0.04258994862268921
253.6788651945946	1.333316297541307	0.5405998803740374	0.04296418904750227
253.68587180810812	1.3331250773277208	0.5408333631631255	0.04332874235939878
253.69287842162163	1.3329009522297102	0.5410486960786076	0.04368125911775469
253.69988503513514	1.3326371260161682	0.5412426321711209	0.044018870612544
253.70689164864865	1.3323255646048748	0.5414114130273099	0.04433838418565334
253.71389826216216	1.3319571315258107	0.5415506802958934	0.04463608681269831
253.72090487567567	1.3315211801913573	0.5416554692049902	0.044907877548008505
253.72791148918918	1.3310053293665922	0.5417198864652855	0.04514884392485273
253.7349181027027	1.3303952377533552	0.5417371569542639	0.045353426224279805
253.7419247162162	1.3296746861533237	0.5416996119162436	0.04551523569472845
253.74893132972971	1.3288244010220809	0.5415980978369052	0.04562667253776566
253.75593794324325	1.327822495814931	0.5414221948860473	0.04567916631588306
253.76294455675676	1.3266433674257148	0.5411597835256967	0.045662606971629965
253.76995117027028	1.3252575016556212	0.540796831944231	0.04556547465834487
253.77695778378379	1.323630829944599	0.5403171840382524	0.04537438410201088
253.7839643972973	1.3217242431951646	0.5397022301098671	0.04507394089094595
253.7909710108108	1.3194922980277413	0.5389303973422772	0.04464642124684183
253.79797762432432	1.3168835958499319	0.5379773054300158	0.04407172336922189
253.80498423783783	1.3138392591963282	0.5368149658286158	0.043326731113884416
253.81199085135134	1.3102926369362953	0.5354117054311838	0.042385274541561005
253.81899746486485	1.3061686102865357	0.533731854084628	0.041217880135497514
253.8260040783784	1.3013824107207452	0.531735143248657	0.039791380986316106
253.8330106918919	1.2958398291076183	0.5293768667374673	0.038069037616053535
253.8400173054054	1.2894368301390766	0.5266076312496427	0.036010292543576634
253.84702391891892	1.2820586891547372	0.5233729569298314	0.03357059228980576
253.85403053243243	1.2735843843078285	0.5196154899498211	0.03070315636018577
253.86103714594594	1.263882976967448	0.5152731385593603	0.027357724398087015
253.86804375945945	1.2528198861652415	0.5102821499307326	0.023483058265444785
253.87505037297296	1.2402594586591247	0.5045782695808546	0.01902813132942274
253.88205698648648	1.2260681941530593	0.4980984236400992	0.01394387639472509
253.8890636	1.2101299949411777	0.4907876971020773	0.008188432364044587
253.89607021351353	1.1923426337777652	0.4825981151576061	0.0017277219834278897
253.90307682702704	1.1726392086103097	0.47349833648514905	-0.0054575985678145655
253.91008344054055	1.15099406759137	0.4634766983271447	-0.013368550370128846
253.91709005405406	1.1274488110369025	0.4525534584538392	-0.021977746688531346
253.92409666756757	1.1021110665855325	0.44078020974095433	-0.03122922064496935
253.93110328108108	1.075175338026651	0.42824957712796	-0.04103044416824638
253.9381098945946	1.046951038560573	0.4151081799957019	-0.05124203733128688
253.9451165081081	1.0178375367488752	0.40154504400506164	-0.061686716514825664
253.9521231216216	0.9883351658286874	0.3877963326086324	-0.07214633665143248
253.95912973513512	0.9590639018149484	0.3741531844092198	-0.08235742032627759
253.96613634864866	0.9306820537053156	0.36092453120653606	-0.09204021818396643
253.97314296216217	0.9038914348231062	0.34843794823639	-0.10090216240307347
253.98014957567568	0.8793816892891021	0.3370136867133258	-0.10865997418765759
253.9871561891892	0.8577808829786236	0.3269413119717462	-0.11506082673755207
253.9941628027027	0.8396040287801556	0.31845562492451684	-0.11990385552581645
254.00116941621621	0.8251793540275403	0.31170355810113837	-0.12306544541382192
254.00817602972973	0.8147461898692516	0.30678540583764996	-0.12447875377956487
254.01518264324324	0.8082543523911049	0.3036704139622273	-0.12418303680940146
254.02218925675675	0.8054905436846832	0.3022499941969848	-0.1222945481895151
254.02919587027026	0.8060823188607475	0.3023426749041426	-0.118995227983286
254.0362024837838	0.8095338430933666	0.30371143829303215	-0.11451641589998539
254.0432090972973	0.8152799033832567	0.3060891090370312	-0.10911642655567039
254.05021571081082	0.822715080128279	0.3091929972655053	-0.10306412302056651
254.05722232432433	0.831257443454466	0.31275323096453744	-0.09661727646006354
254.06422893783784	0.8403695491566658	0.3165232390533282	-0.09000959577301432
254.07123555135135	0.849582005027646	0.3202902320699885	-0.08343995313195166
254.07824216486486	0.8585141122203546	0.3238833508146601	-0.07706916445545002
254.08524877837837	0.8668713827479414	0.3271727214910757	-0.07101819162580829
254.09225539189188	0.8744430219075289	0.3300675271550909	-0.06537074243263655
254.0992620054054	0.8810933136460631	0.3325116000110401	-0.060177295184917504
254.1062686189189	0.8867504351974808	0.334477935489009	-0.055460652304951286
254.11327523243244	0.8913955852325396	0.33596343186262007	-0.05122079511932919
254.12028184594595	0.8950505900645178	0.3369828128661562	-0.0474410431316408
254.12728845945946	0.8977615671464214	0.3375617238979473	-0.04409343528826288
254.13429507297298	0.8996038258758685	0.3377379596127907	-0.04113935867515617
254.14130168648649	0.900656824109762	0.3375505934073478	-0.0385391235782593
254.1483083	0.9010081359125419	0.33704186419032894	-0.03625021731670074
254.1553149135135	0.9007468382316748	0.33625406155460147	-0.034230092222287886
254.16232152702702	0.8999588059764789	0.3352275356156655	-0.032438392878870265
254.16932814054053	0.8987264493111139	0.33400061067342024	-0.030836933018200032
254.17633475405404	0.8971213292970611	0.33260604243449077	-0.029393646074090268
254.18334136756758	0.8952182578320054	0.3310787365019919	-0.028072487929583965
254.1903479810811	0.893074931760594	0.3294444145732502	-0.026849128763455854
254.1973545945946	0.8907444353420726	0.3277270796936865	-0.02569998563292971
254.2043612081081	0.8882724131221809	0.32594717781794774	-0.024604976297104786
254.21136782162162	0.8856972461444413	0.324121853216135	-0.023547618701017153
254.21837443513513	0.8830502832695185	0.3222650115046528	-0.02251454950961838
254.22538104864864	0.8803563190010073	0.32038767262390155	-0.02149557350670586
254.23238766216215	0.8776346191765348	0.31849837124270536	-0.020482893576365072
254.23939427567566	0.8748992992984492	0.316603409881245	-0.01947104424333866
254.24640088918918	0.8721599969224747	0.3147071781820959	-0.018456720681655974
254.25340750270271	0.8694221815058564	0.3128122037176896	-0.017438340992907447
254.26041411621623	0.8666885096370786	0.3109198589766544	-0.016415808298462772
254.26742072972974	0.8639590599325846	0.3090307648224161	-0.0153892603457489
254.27442734324325	0.8612316512419234	0.30714411351484244	-0.014361082902634523
254.28143395675676	0.8585023223011351	0.30525861146935696	-0.013333784094283463
254.28844057027027	0.8557654248966544	0.30337216248633386	-0.01231085659395725
254.29544718378378	0.8530163581029151	0.30148354289598833	-0.011294465777768603
254.3024537972973	0.8502492757334456	0.29959057735965944	-0.010288232050610333
254.3094604108108	0.8474585011826389	0.29769137622165065	-0.009295194260548837
254.3164670243243	0.8446386197621377	0.29578397542633283	-0.008318386825089256
254.32347363783785	0.8417865813712867	0.2938679248410568	-0.007358912656836882
254.33048025135136	0.8388990968848733	0.29194210767279993	-0.0064189500084341706
254.33748686486487	0.8359745056937439	0.29000628918581994	-0.005499380983678052
254.34449347837838	0.8330119161137899	0.28806050988663395	-0.004600577113304076
254.3515000918919	0.8300108354195228	0.28610480799756044	-0.0037229773160668356
254.3585067054054	0.8269742046539392	0.28414110292358047	-0.002864474221542772
254.36551331891891	0.8239040496301855	0.2821703175024017	-0.002024502303572877
254.37251993243243	0.8208033183504471	0.28019391140042504	-0.0012014604213500617
254.37952654594594	0.8176758283304109	0.2782136632524626	-0.00039348321427026947
254.38653315945945	0.8145255817398388	0.2762314061804982	0.00040140969538095874
254.39353977297299	0.8113552432438119	0.2742481564882567	0.0011843394079318996
254.4005463864865	0.8081710776529937	0.27226704545097996	0.001959166421454571
254.407553	0.8049759268020975	0.2702890458819184	0.002726717975543784
254.41455961351352	0.8017730611252173	0.26831554838544547	0.0034886129931254012
254.42156622702703	0.7985653241553639	0.26634777036723306	0.004246197394868415
254.42857284054054	0.7953549739388978	0.2643866798124066	0.005000447589051167
254.43557945405405	0.7921435670613064	0.2624329550741773	0.005752008402253346
254.44258606756756	0.7889320365941868	0.2604870306620634	0.0065011688485717995
254.44959268108107	0.785718175624342	0.2585476178310431	0.007245650225235553
254.45659929459458	0.7825054053940922	0.2566173310006858	0.00798982485487617
254.4636059081081	0.7792920786571446	0.25469489717978555	0.008730583201186698
254.47061252162163	0.7760763711855825	0.2527797825849589	0.00946712472119076
254.47761913513514	0.7728565099725969	0.2508714592317101	0.010198409449183878
254.48462574864865	0.7696307686363104	0.24896942910832967	0.010923346286936348
254.49163236216216	0.7663968918189725	0.2470729959004365	0.011640741044978123
254.49863897567568	0.7631522751931734	0.24518140015934325	0.012349147271159417
254.50564558918919	0.7598960705018669	0.24329471723911367	0.013048291249501572
254.5126522027027	0.7566227517162565	0.2414107027646277	0.013734643762893238
254.5196588162162	0.7533303042424319	0.2395290156582647	0.014407419472927896
254.52666542972972	0.7500173877585772	0.23764965153226192	0.015066432696272019
254.53367204324323	0.7466813541094486	0.23577176542386366	0.01570993572522414
254.54067865675677	0.7433197965274725	0.2338947846634977	0.01633674094689368
254.54768527027028	0.7399303041542524	0.23201809147800406	0.016945542126405894
254.5546918837838	0.7365105637912921	0.23014121206981203	0.017535599882556225
254.5616984972973	0.7330597710849064	0.2282642512471427	0.018106372444615108
254.5687051108108	0.7295755972455054	0.22638660601585686	0.018656776415262706
254.57571172432432	0.7260564558307336	0.22450807112696083	0.01918606718612104
254.58271833783783	0.7225008377060764	0.22262843445457375	0.019693644815068044
254.58972495135134	0.718906465990777	0.22074713035475432	0.020178210388565817
254.59673156486485	0.7152741186301717	0.2188650291926265	0.02064073991948741
254.60373817837836	0.7116016625086583	0.21698155547834963	0.02108006018204176
254.6107447918919	0.7078881412703594	0.2150967409183723	0.02149582241889192
254.61775140540541	0.7041327291156008	0.21321064357473396	0.021887718438453628
254.62475801891893	0.7003345399557054	0.21132328262014513	0.0222555268900854
254.63176463243244	0.6964919052603694	0.20943426949022567	0.022598066225148403
254.63877124594595	0.6926063836802412	0.2075448285423544	0.022917405811949634
254.64577785945946	0.6886770349678071	0.20565469364794778	0.02321248036719086
254.65278447297297	0.6847037177827152	0.20376413102944785	0.02348339925929413
254.65979108648648	0.6806863060926227	0.20187338760906356	0.02373033774394148
254.6667977	0.6766248391085392	0.19998276608047968	0.023953453605015756
254.6738043135135	0.672519377864644	0.19809256284395402	0.02415292782701949
254.68081092702704	0.6683701067584363	0.1962031045125948	0.024329008275707564
254.68781754054055	0.6641771028107011	0.19431466237322387	0.02448195363676425
254.69482415405406	0.6599406924759621	0.19242759449981509	0.024612073938320423
254.70183076756757	0.6556584290203522	0.19054112355996988	0.024717525433167326
254.70883738108108	0.6513361914285523	0.1886579186167293	0.024803042976877788
254.7158439945946	0.6469720696752627	0.18677720029127684	0.02486674346898923
254.7228506081081	0.6425664572143976	0.18489931204575663	0.02490899070475542
254.72985722162161	0.638119912565761	0.18302464071899466	0.02493017979066599
254.73686383513513	0.6336328565339788	0.18115349977981252	0.024930582357095166
254.74387044864864	0.629105840775255	0.17928624730991255	0.02491061339248643
254.75087706216217	0.6245400334296938	0.17742359494924834	0.0248715971207802
254.75788367567569	0.6199348552893379	0.1755650898204382	0.024811660698886587
254.7648902891892	0.6152903937868908	0.1737111341207524	0.024731826359426994
254.7718969027027	0.6106079940744589	0.171862465759751	0.024633548735735
254.77890351621622	0.6058887565036449	0.17001945746331576	0.024516781981633033
254.78591012972973	0.6011331119834554	0.16818236130296116	0.024381967662208855
254.79291674324324	0.5963422456637131	0.16635167652620625	0.024229738502201233
254.79992335675675	0.5915170947218908	0.16452781093603003	0.02406070976125351
254.80692997027026	0.586658155795712	0.16271096384954975	0.023875022349185978
254.81393658378377	0.5817679122517685	0.16090210856063936	0.023674411945273217
254.82094319729728	0.5768471148869156	0.15910145604109893	0.023459077390812075
254.82794981081082	0.5718970958432489	0.15730949560654983	0.023229786621395524
254.83495642432433	0.5669191891930602	0.15552668586276863	0.02298730160840877
254.84196303783784	0.5619148409928223	0.15375351667544757	0.022732405662868996
254.84896965135135	0.5568846547893946	0.15199013751822685	0.022465191686309078
254.85597626486486	0.5518309375018361	0.1502374598412169	0.022187679773180553
254.86298287837838	0.5467547318860606	0.14849568658451767	0.021899946447997178
254.8699894918919	0.5416571467668128	0.14676516086023292	0.02160267596849106
254.8769961054054	0.536539429196451	0.14504625696004023	0.02129655696508574
254.8840027189189	0.5314027151615859	0.14333935037464746	0.020982213283441686
254.89100933243242	0.5262477400703407	0.14164463704428967	0.020660146491693322
254.89801594594596	0.5210752157073139	0.13996232233223047	0.020330794903854612
254.90502255945947	0.5158858589423152	0.1382926373465697	0.019994662988040438
254.91202917297298	0.5106789832639819	0.1366353068028488	0.019650865777080764
254.9190357864865	0.5054567399587634	0.1349911523557877	0.01930173923296104
254.9260424	0.5002186217798701	0.13335990128573486	0.018946377342181225
254.9330490135135	0.4949645101889792	0.13174154135238794	0.018584804056402636
254.94005562702702	0.48969431826766957	0.13013606166523342	0.018217023513333933
254.94706224054053	0.4844079211653186	0.12854344687332353	0.017843024811445868
254.95406885405404	0.4791050248330364	0.12696365101001894	0.017462712916834235
254.96107546756755	0.4737850490710208	0.12539653113999086	0.017075814815868166
254.9680820810811	0.4684474981673446	0.12384200661387909	0.016682115682640664
254.9750886945946	0.46309160381219716	0.1222998987486136	0.01628128212811132
254.98209530810811	0.45771675002495177	0.12077009672358736	0.015873033833849512
254.98910192162163	0.4523216761465788	0.11925232396258252	0.015456816553454975
254.99610853513514	0.4469057623813946	0.11774647409148702	0.015032299501294583
255.00311514864865	0.441467982223353	0.11625232215103302	0.014598899690063092
255.01012176216216	0.43600741288007766	0.11476973756305468	0.014156390124499575
255.01712837567567	0.43052314862441593	0.11329853922753196	0.013704192926561592
255.02413498918918	0.42501397689768533	0.1118384997496893	0.013241797246370583
255.0311416027027	0.4194788548837135	0.11038941570924593	0.012768480559825508
255.03814821621623	0.4139171392039867	0.10895131180335028	0.012284395563866464
255.04515482972974	0.4083276452692872	0.1075239269130997	0.011788676292307674
255.05216144324325	0.4027093896349502	0.10610714986213521	0.01128089700636115
255.05916805675676	0.39706113738393783	0.10470079547279326	0.010760441653803385
255.06617467027027	0.3913820369507138	0.10330479235498027	0.01022686133327057
255.07318128378378	0.38567102159018996	0.10191900945025043	0.009679737883955878
255.0801878972973	0.37992709019130166	0.10054332801802437	0.009118329925523971
255.0871945108108	0.3741500345253716	0.09917790773828987	0.008543024004897806
255.09420112432431	0.36833910023190136	0.09782263549640469	0.007953176696596679
255.10120773783783	0.3624934187721432	0.0964774696941094	0.007348374268908668
255.10821435135136	0.35661268872512353	0.09514247245209495	0.006728430744120586
255.11522096486487	0.3506964113340175	0.09381769690878562	0.006093192091675491
255.12222757837839	0.34474440189997	0.09250323559669556	0.005442555913791237
255.1292341918919	0.33875660707953076	0.09119916151052279	0.004776377925837285
255.1362408054054	0.3327324928215121	0.0899055319154971	0.004094550928429116
255.14324741891892	0.32667208081579313	0.08862242953133322	0.003396690952752583
255.15025403243243	0.32057574996549726	0.08735016878916033	0.002683821398927144
255.15726064594594	0.3144437033211621	0.0860888174719437	0.0019555666024113263
255.16426725945945	0.3082763808465964	0.08483858410926665	0.0012120794890489541
255.17127387297296	0.30207424950134937	0.0835997011620792	0.00045366736378397977
255.17828048648647	0.29583791245526253	0.08237238722941097	-0.0003193947738136644
255.1852871	0.2895680526608353	0.0811568654715199	-0.0011067910647364699
255.19229371351352	0.28326545300514094	0.07995337313907915	-0.001908142740154942
255.19930032702703	0.2769311822345451	0.07876222027850456	-0.0027229490613080156
255.20630694054054	0.27056632331147945	0.07758368760533117	-0.0035507110226106987
255.21331355405405	0.2641719596955681	0.07641804746906167	-0.004390910694073295
255.22032016756756	0.257748914790383	0.0752655261219892	-0.005243140692480128
255.22732678108108	0.2512987367011891	0.07412647076049406	-0.006106704461643659
255.2343333945946	0.24482240253533533	0.07300108512733708	-0.006981139541174398
255.2413400081081	0.23832149164991315	0.07188970471719576	-0.007865786456592756
255.2483466216216	0.23179727060907457	0.07079259242757385	-0.008760031871899969
255.25535323513515	0.22525111855988994	0.06971000460586986	-0.009663470168598982
255.26235984864866	0.2186841265573246	0.06864217568070821	-0.010575112756684412
255.26936646216217	0.21209814789553588	0.06758937897882716	-0.011494462486779725
255.27637307567568	0.20549475513518076	0.06655187665576191	-0.01242083180900753
255.2833796891892	0.19887530050463523	0.06552990757249837	-0.013353520381762254
255.2903863027027	0.19224150054335248	0.0645237483018466	-0.014291798793722532
255.2973929162162	0.18559541818324404	0.06353368714577845	-0.015235062620145377
255.30439952972972	0.1789376793054355	0.06255987243267498	-0.01618228743561942
255.31140614324323	0.17227072563899168	0.06160256675180967	-0.017132946845684456
255.31841275675674	0.16559617735177343	0.060661990781272566	-0.01808624328091026
255.32541937027028	0.15891577087510386	0.05973835899053262	-0.019041415905405965
255.3324259837838	0.1522312463135486	0.058831872568063805	-0.019997705333369326
255.3394325972973	0.14554454556121935	0.05794275291079913	-0.02095428316250654
255.34643921081081	0.13885718829614058	0.0570711505246003	-0.021910459794382366
255.35344582432433	0.13217132315768576	0.056217279896514365	-0.0228654958705161
255.36045243783784	0.12548792164896555	0.05538121231835272	-0.023818728077651962
255.36745905135135	0.11880887495815505	0.054563108576695774	-0.024769326646370174
255.37446566486486	0.11213587677155787	0.05376303919867742	-0.025716764917916732
255.38147227837837	0.10547051049001888	0.0529811289553937	-0.026660400549823694
255.38847889189188	0.09881427572616136	0.0522174538704998	-0.027599550229854723
255.39548550540542	0.09216866693780697	0.05147207672543114	-0.028533625632244895
255.40249211891893	0.08553521210601067	0.05074506364533757	-0.029461987630746114
255.40949873243244	0.07891538251333045	0.05003646484822831	-0.030384034620661235
255.41650534594595	0.07231045880354482	0.04934629757053574	-0.031299212294840076
255.42351195945946	0.06572196641789102	0.048674602592953455	-0.03220693271945985
255.43051857297297	0.05915247673885324	0.04802149875470131	-0.033106851891718254
255.43752518648648	0.05260026727522981	0.04738677548168024	-0.03399796792892324
255.4445318	0.046068715596037445	0.046770541964916104	-0.034880097921491396
255.4515384135135	0.03955867817346849	0.04617274353108718	-0.035752795987924246
255.45854502702701	0.033071474882398935	0.04559335837142674	-0.03661559620221037
255.46555164054055	0.02660818675064419	0.04503237618372402	-0.037467992934144635
255.47255825405406	0.020169809596540855	0.04448973630891397	-0.038309612289631444
255.47956486756757	0.013757352484707875	0.04396537435236792	-0.03914006523714458
255.48657148108109	0.007371573178330851	0.04345919847902991	-0.039959075941980254
255.4935780945946	0.0010134160222851458	0.04297113055637587	-0.040766360379590576
255.5005847081081	-0.005316916368754048	0.04250101312739402	-0.04156150153029417
255.50759132162162	-0.01161638803993525	0.04204896575444511	-0.04234448086046359
255.51459793513513	-0.017887063170421158	0.041614625967421555	-0.043114883782000464
255.52160454864864	-0.02412712893050646	0.0411979739444674	-0.04387262157160027
255.52861116216215	-0.030336203851347266	0.040798878121139255	-0.04461752580931485
255.53561777567566	-0.03651379479901175	0.04041719721584822	-0.04534948043688039
255.5426243891892	-0.04265961691636568	0.04005277867718865	-0.046068440248569126
255.5496310027027	-0.04877263403354918	0.03970555123897435	-0.0467742488703691
255.55663761621622	-0.05485353033081091	0.039375307090574505	-0.04746683929722478
255.56364422972973	-0.060901287742782605	0.039061929472441186	-0.048146207335787644
255.57065084324324	-0.06691578764408414	0.038765272675343014	-0.04881231379529909
255.57765745675675	-0.07289642160302587	0.03848520500915708	-0.04946510306557239
255.58466407027026	-0.07884279970003248	0.038221632715107	-0.0501044352735907
255.59167068378378	-0.08475372885931821	0.03797447949106321	-0.050730232960555115
255.5986772972973	-0.09063040024697885	0.03774350460439188	-0.05134246763170474
255.6056839108108	-0.09647125154440657	0.03752862458324423	-0.05194112422452796
255.61269052432434	-0.10227550351822018	0.03732973514533265	-0.05252604352817158
255.61969713783785	-0.10804241750776898	0.03714674261271539	-0.05309703761493977
255.62670375135136	-0.11377091851543593	0.03697956006970946	-0.053653851906467195
255.63371036486487	-0.11945971624457849	0.03682812478514494	-0.05419622943010019
255.64071697837838	-0.12510759371135047	0.036692373845292586	-0.054723718680006604
255.6477235918919	-0.1307113291561934	0.03657234402945643	-0.055235740232551685
255.6547302054054	-0.13627173968490064	0.036467862493406285	-0.055731771599932915
255.6617368189189	-0.14178450214395735	0.03637902269377031	-0.05621103916506957
255.66874343243242	-0.14724650513984108	0.03630583926223704	-0.05667254701736872
255.67575004594593	-0.15265397214851414	0.036248360051309964	-0.057115093432375225
255.68275665945947	-0.15800254312385245	0.03620665833692866	-0.05753723952465061
255.68976327297298	-0.16328679430502538	0.03618086419562015	-0.05793717478036072
255.6967698864865	-0.16850031809705304	0.036171130754666894	-0.05831276757765697
255.7037765	-0.17363560642656198	0.03617761562654051	-0.05866156359932273
255.71078311351351	-0.178683821079793	0.03620051129346031	-0.05898063915305306
255.71778972702703	-0.18363438990216094	0.036240110531188224	-0.059266360601136686
255.72479634054054	-0.18847493405204674	0.036296710103870596	-0.059514547525402944
255.73180295405405	-0.19319119875025673	0.03637063953618976	-0.05972034912095575
255.73880956756756	-0.19776618386892425	0.036462274465852464	-0.05987802308282279
255.74581618108107	-0.2021801741530302	0.036572065309376296	-0.05998079086808151
255.7528227945946	-0.20640966094186844	0.036700521179458954	-0.06002069672140132
255.75982940810812	-0.21042896985676196	0.03684813953071321	-0.05998862865579962
255.76683602162163	-0.2142064890944668	0.03701553421624605	-0.059873899096010694
255.77384263513514	-0.21770620525350565	0.037203312982994986	-0.059664166393960084
255.78084924864865	-0.22088646852256683	0.03741214581415848	-0.05934516757082326
255.78785586216216	-0.2236996304257583	0.037642681950230746	-0.05890046656391826
255.79486247567567	-0.22609147844800728	0.03789563965747201	-0.058311313182216565
255.80186908918918	-0.227998751584026	0.03817169660929266	-0.057556175895730484
255.8088757027027	-0.2293501320858676	0.038471520443380196	-0.056610550894604164
255.8158823162162	-0.23006467602064162	0.038795713829579706	-0.05544672909288536
255.82288892972974	-0.23005117081785723	0.03914477986188324	-0.054033514857539204
255.82989554324325	-0.22920655575445575	0.039519082173937646	-0.05233596028348421
255.83690215675676	-0.22741929298467933	0.039918717301488674	-0.05031574916458205
255.84390877027027	-0.2245635608073233	0.04034356411026524	-0.047930699479884396
255.85091538378379	-0.2205039882842086	0.04079308434440936	-0.045135396332648486
255.8579219972973	-0.21509545423626794	0.0412663173273865	-0.041881428054148906
255.8649286108108	-0.2081856056337663	0.04176172046924837	-0.03811851515692186
255.87193522432432	-0.19961826015431844	0.042277056018179805	-0.033795907768380956
255.87894183783783	-0.18923825590621213	0.04280930533721564	-0.02886418130744802
255.88594845135134	-0.17689913473521895	0.043354574661366566	-0.023278164038959066
255.89295506486488	-0.16247113482016365	0.04390795639282181	-0.01700000600100542
255.8999616783784	-0.14585337724801858	0.04446346747295531	-0.010004066291916764
255.9069682918919	-0.12698809255241159	0.04501421794454653	-0.002280703925817011
255.9139749054054	-0.1058752426497644	0.045552258430808915	0.006155921908837527
255.92098151891892	-0.08258908707626889	0.04606891843807783	0.015263814802785675
255.92798813243243	-0.05729689502917183	0.04655502532660575	0.024965806455923452
255.93499474594594	-0.030272576331172387	0.04700134710268472	0.035145124147167896
255.94200135945945	-0.0019052793425367491	0.04739910751150604	0.04564284824458997
255.94900797297296	0.02729610571626891	0.04774053245419742	0.05625695383795621
255.95601458648648	0.05671005114085013	0.048019478664629474	0.0667459286304434
255.9630212	0.08562223800260563	0.048232009866261	0.07683722753239075
255.97002781351352	0.11326088497894003	0.048376853641394664	0.086241581957159
255.97703442702704	0.1388392670549044	0.04845552719074731	0.09466989128123882
255.98404104054055	0.16161190831950964	0.04847233652752807	0.10185480541905832
255.99104765405406	0.18092818716993309	0.048434000479021896	0.10757091183639303
255.99805426756757	0.19628570322883418	0.0483490658145998	0.11165447628818477
256.0050608810811	0.20737027189967572	0.0482271283097133	0.11401768761122641
256.0120674945946	0.21408061071445453	0.048078016812974245	0.11465669956413767
256.0190741081081	0.21652787598738696	0.04791100333420447	0.11364944655221682
256.0260807216216	0.21501765145392404	0.04773417416674079	0.11114737086547108
256.0330873351351	0.21001412285236035	0.04755406853798677	0.10735978169661814
256.04009394864863	0.20208942373201125	0.047375514295110645	0.10253307447112942
256.04710056216214	0.1918738060010356	0.04720171156509164	0.09693091402744329
256.05410717567565	0.18000585656354912	0.04703442902299862	0.090814553568847
256.06111378918916	0.16709136641070138	0.04687431279112045	0.08442719672178664
256.0681204027027	0.15367117395322263	0.04672118880336306	0.07798142201762989
256.07512701621624	0.1402039109430987	0.04657441293904784	0.07165390535733944
256.08213362972975	0.1270564707507558	0.04643306380971351	0.06558204579109542
256.08914024324326	0.11450419724443611	0.04629616811452292	0.05986496329459212
256.0961468567568	0.10273769069433986	0.04616285499227899	0.05456703215882008
256.1031534702703	0.09187378501242156	0.046032335913025184	0.0497226626125098
256.1101600837838	0.08196832069440481	0.04590397769506453	0.04534211133976121
256.1171666972973	0.07303011620627942	0.04577730156172408	0.04141742349549611
256.1241733108108	0.06503246809806991	0.045651964743457805	0.03792730778380673
256.13117992432433	0.05792491877878162	0.04552773904742034	0.03484196743601389
256.13818653783784	0.05164151987692394	0.04540447697592269	0.03212656376945305
256.14519315135135	0.04610884843184205	0.045282105868678896	0.029744417753660105
256.15219976486486	0.04125013702421803	0.04516058485029418	0.027658549279377217
256.15920637837837	0.03699027911146277	0.04503989994875834	0.025833652870668182
256.1662129918919	0.0332575515092863	0.04492005467140352	0.024236699849315608
256.1732196054054	0.029986152378601687	0.044801070970941784	0.022837875262310407
256.1802262189189	0.027115946147692926	0.044682964706402414	0.021610297493547953
256.1872328324324	0.02459361277109087	0.04456575595564368	0.020530404872144543
256.1942394459459	0.02237184961032694	0.044449466292580446	0.019577511267540086
256.20124605945944	0.020409445512547406	0.044334115281261695	0.018733747056860442
256.20825267297295	0.018670600474972463	0.044219717937031194	0.017983706455744212
256.2152592864865	0.017124049490882986	0.04410629816177913	0.01731404774842857
256.2222659	0.015743044335614475	0.04399387771839118	0.016713396921856267
256.22927251351354	0.01450428125071704	0.04388247415168687	0.016171905572416753
256.23627912702705	0.013387893247331665	0.04377210088612976	0.015681177768032694
256.24328574054056	0.012376463928181178	0.043662772272518226	0.01523387390818988
256.25029235405407	0.011454926705956119	0.04355448606993217	0.01482358688736907
256.2572989675676	0.01061037556547676	0.043447273864864494	0.014444969476239225
256.2643055810811	0.009831740490103302	0.04334111963511723	0.014093301257762274
256.2713121945946	0.00910920190665242	0.043236018762368045	0.01376440066299531
256.2783188081081	0.008434454738085493	0.04313196268038547	0.013454741502803269
256.2853254216216	0.007800105536883896	0.04302894040109337	0.01316118835854313
256.29233203513513	0.007199960061926834	0.04292694155577524	0.012881101235753553
256.29933864864864	0.006628774907734006	0.042825945017976284	0.012612254999741038
256.30634526216215	0.006082103443477271	0.04272593421024526	0.012352764873354127
256.31335187567566	0.0055562540643774696	0.04262689264531345	0.012101082025368609
256.3203584891892	0.005048207432656738	0.04252879757694577	0.011855926306694492
256.3273651027027	0.004555319157111158	0.04243163032691219	0.011616200777204287
256.3343717162162	0.004075544074023326	0.04233537483520188	0.011381060906486211
256.3413783297297	0.003607238060408603	0.042240009729394214	0.01114984178171162
256.3483849432432	0.0031490869396119774	0.042145520190280644	0.010922019516469515
256.35539155675673	0.0027001574906874667	0.042051892207096354	0.010697243358315235
256.3623981702703	0.0022596168172156167	0.04195910884343767	0.010475204505613808
256.3694047837838	0.0018269008396133474	0.04186716029257067	0.010255710341577325
256.3764113972973	0.0014016712935810316	0.04177603219623195	0.010038664553501109
256.38341801081083	0.0009836333791319052	0.041685712151796464	0.009823975170964517
256.39042462432434	0.0005726288171502732	0.041596187866446525	0.009611629199999264
256.39743123783785	0.00016863025785020003	0.04150744960340416	0.00940166050778053
256.40443785135136	-0.0002284221125054885	0.041419490751346766	0.009194091498525537
256.41144446486487	-0.0006184216295368421	0.04133230328132064	0.008989020942337278
256.4184510783784	-0.001001237177268812	0.04124587512676419	0.008786541415310904
256.4254576918919	-0.0013767403850656488	0.04116020393796346	0.008586757878376245
256.4324643054054	-0.0017446826471628036	0.041075281125686064	0.008389822890070437
256.4394709189189	-0.002104865146286216	0.04099109778923224	0.008195864860300566
256.4464775324324	-0.0024570499391934567	0.04090765450545095	0.008005038592863629
256.45348414594594	-0.002800899040251556	0.04082493221882884	0.007817529241164462
256.46049075945945	-0.003136155099801466	0.04074293653993846	0.007633503342421267
256.46749737297296	-0.0034625874446365906	0.04066165909843781	0.007453096556488542
256.47450398648647	-0.003779869331817541	0.040581096868395006	0.007276510319218422
256.4815106	-0.004087739186021996	0.04050124745463762	0.007103872552100867
256.4885172135135	-0.00438590617322394	0.04042211047858907	0.006935372141296502
256.495523827027	-0.00467409169463373	0.040343680317724596	0.006771172626721694
256.50253044054057	-0.004952038228599337	0.040265952154405225	0.006611420669058234
256.5095370540541	-0.0052194712796761016	0.04018893003388171	0.006456288492280665
256.5165436675676	-0.005476259243091419	0.040112602191471114	0.006305860208617831
256.5235502810811	-0.0057222016191387694	0.040036974134258184	0.006160260372379018
256.5305568945946	-0.00595714842671326	0.03996204573960459	0.0060195917424080165
256.5375635081081	-0.006180815968681344	0.03988781608748762	0.005883985969433721
256.54457012162163	-0.006393105582521028	0.03981428805544254	0.005753528002212745
256.55157673513514	-0.006593906642546917	0.0397414601666497	0.005628293249836052
256.55858334864865	-0.006783183092855121	0.03966933583701509	0.005508317869283507
256.56558996216216	-0.006960865961353035	0.03959791453036929	0.005393652612508058
256.5725965756757	-0.007126948303848853	0.03952719774687012	0.0052843131415195145
256.5796031891892	-0.007281456654262019	0.039457187085616	0.005180306709906807
256.5866098027027	-0.007424384291975773	0.039387888087998674	0.005081652245667106
256.5936164162162	-0.007555799254128179	0.03931930016137714	0.004988330341076854
256.6006230297297	-0.0076758142556090335	0.039251425006856445	0.004900294446095232
256.60762964324323	-0.00778443543416129	0.03918425886252808	0.004817554879809233
256.61463625675674	-0.00788182772303856	0.039117814456280126	0.004740053209082216
256.62164287027025	-0.007968171836197637	0.03905209286043276	0.004667718043333402
256.62864948378376	-0.008043607737958501	0.038987095401097654	0.004600490887182613
256.63565609729727	-0.008108286554856027	0.03892282761413932	0.004538317494384702
256.6426627108108	-0.008162398139309086	0.038859288312744135	0.0044811135114055396
256.64966932432435	-0.008206113030382219	0.03879648114148698	0.004428807784333989
256.65667593783786	-0.008239627918560838	0.03873440844202472	0.004381316846884588
256.66368255135137	-0.00826321944507686	0.03867307194716173	0.004338522777468223
256.6706891648649	-0.0082770891967055	0.03861247458023017	0.0043003404055105875
256.6776957783784	-0.008281520623539033	0.03855262131623387	0.0042666463859544635
256.6847023918919	-0.008276804026349302	0.03849351581826489	0.0042373118294383744
256.6917090054054	-0.00826323307924396	0.03843515970164294	0.0042122093924093894
256.6987156189189	-0.008241119559014036	0.038377554882525464	0.0041912013648907264
256.70572223243244	-0.008210850649253686	0.03832070408248733	0.0041741172902314706
256.71272884594595	-0.00817274461415645	0.03826461191098968	0.00416081653637794
256.71973545945946	-0.008127184349211187	0.03820927839555887	0.004151121627575098
256.72674207297297	-0.008074604988152117	0.0381547088295066	0.004144835374503363
256.7337486864865	-0.008015392616539595	0.03810090721758265	0.004141784848953705
256.7407553	-0.007950010917963397	0.03804787700250474	0.004141758142031429
256.7477619135135	-0.007878957517140853	0.037995619000189856	0.0041445192247363165
256.754768527027	-0.007802634502563858	0.03794414031696575	0.004149899757179787
256.7617751405405	-0.007721736107053087	0.03789344681538747	0.004157552046661643
256.76878175405403	-0.00763672708759858	0.03784353192076144	0.004167263696783977
256.77578836756754	-0.007548165709361573	0.037794401384764954	0.0041787729778594036
256.78279498108105	-0.0074566384035655645	0.037746056545871556	0.004191802411378655
256.7898015945946	-0.007362820683631676	0.03769850485084679	0.0042060446644056
256.79680820810813	-0.007267215985960342	0.03765173816606515	0.00422123368895781
256.80381482162164	-0.007170546235635846	0.03760576414330592	0.004237042901377546
256.81082143513515	-0.007073485227963372	0.037560583470483	0.004253150088290494
256.81782804864866	-0.006976618749346335	0.03751619513273632	0.004269283692594023
256.8248346621622	-0.006880816939963256	0.03747260765430796	0.004285009548333325
256.8318412756757	-0.006786701774169108	0.03742981083913548	0.004300036479857323
256.8388478891892	-0.006694976464327789	0.0373878068861109	0.00431402502647198
256.8458545027027	-0.006606400656563242	0.03734659382170008	0.004326609802283128
256.8528611162162	-0.006521692844305928	0.037306169430489644	0.004337438724195902
256.85986772972973	-0.006441625516947329	0.03726653165697331	0.004346138416499528
256.86687434324324	-0.006366950753869549	0.03722767795134681	0.004352345205375049
256.87388095675675	-0.006298441375607389	0.03718960447267907	0.004355683670579232
256.88088757027026	-0.006236821302294532	0.03715230553251734	0.004355794166732453
256.88789418378377	-0.006182862215603546	0.03711577748272056	0.004352299593081176
256.8949007972973	-0.006137326828853987	0.037080014246530374	0.004344826414836401
256.9019074108108	-0.006100981487974416	0.037045011299368484	0.004333000959899868
256.9089140243243	-0.006074574571714083	0.037010761142255426	0.004316453886898994
256.9159206378378	-0.006058842354326909	0.03697725723346023	0.00429482388913275
256.9229272513513	-0.006054489755623861	0.03694448983173999	0.004267760058266141
256.9299338648649	-0.006062235974125899	0.03691245099037843	0.004234909634883651
256.9369404783784	-0.006082751163052466	0.03688113088214636	0.004195941656968293
256.9439470918919	-0.0061166875718821935	0.03685052092793032	0.004150534536253789
256.9509537054054	-0.006164649318197162	0.03682060884565159	0.00409838806583955
256.95796031891894	-0.006227199936591751	0.03679138329494674	0.004039222308703507
256.96496693243245	-0.006304872620263445	0.03676283143479491	0.003972775709944652
256.97197354594596	-0.006398104604676786	0.03673494015749738	0.003898828404187062
256.97898015945947	-0.006507304803895702	0.03670769518075981	0.0038171781576639904
256.985986772973	-0.006632781147174928	0.036681081245375974	0.003727672123214888
256.9929933864865	-0.006774776581915333	0.03665508292138546	0.0036301894871506677
257.0	-0.0069334211158	0.036629682827	0.003524665817
