t	CL	CD	CM
250.0003931	3.0931327849000013e-6	0.03886125985799999	3.999592071899999e-6
250.0073997135135	-4.332027433624887e-7	0.03890637069919831	2.3679964225300567e-7
250.01440632702702	-3.574949926813028e-7	0.038644612538627506	2.2792914564994768e-7
250.02141294054053	-3.0384809113392414e-7	0.03844612654757312	2.209059184958327e-7
250.02841955405404	-2.7501798014228906e-7	0.03828559176149053	2.1484064559664156e-7
250.03542616756755	-2.6709208402941103e-7	0.03815070214351425	2.0982193099425555e-7
250.0424327810811	-2.6791292470951507e-7	0.03803441923987882	2.040301915927207e-7
250.0494393945946	-2.7774784973539537e-7	0.03793229570816451	2.0043265579653432e-7
250.0564460081081	-2.861912281716871e-7	0.03784131977418046	1.9686021338664318e-7
250.06345262162162	-2.914887463278806e-7	0.03775935480967	1.935659180393496e-7
250.07045923513513	-2.931904568614773e-7	0.03768482800769421	1.905214162204058e-7
250.07746584864864	-2.915723673469051e-7	0.03761652712093316	1.8762446100508992e-7
250.08447246216215	-2.8674675662709204e-7	0.03755352171267916	1.845513740653643e-7
250.09147907567566	-2.8036609925722665e-7	0.03749512399909143	1.8147403813796124e-7
250.09848568918918	-2.7174506395013763e-7	0.03744073551836337	1.7771467805151223e-7
250.1054923027027	-2.6348962897193305e-7	0.03738986895489608	1.741893047893704e-7
250.11249891621623	-2.5509169504154543e-7	0.03734212231778324	1.704997458222644e-7
250.11950552972974	-2.4712714677663714e-7	0.03729715923035851	1.6682626290352617e-7
250.12651214324325	-2.394528221751461e-7	0.037254694340232875	1.6309311899780663e-7
250.13351875675676	-2.3153968410766693e-7	0.03721448608631714	1.5921581987332535e-7
250.14052537027027	-2.2635343211787503e-7	0.037176324661927676	1.5636977087199303e-7
250.14753198378378	-2.2024746687534825e-7	0.03714002891034167	1.5326052232996306e-7
250.1545385972973	-2.150522129094195e-7	0.037105440298149286	1.506073080260173e-7
250.1615452108108	-2.1062476604162846e-7	0.03707242107196387	1.4840834502911943e-7
250.1685518243243	-2.061271095984842e-7	0.03704084841064538	1.4635468062461125e-7
250.17555843783782	-2.0311071619666922e-7	0.037010613774194526	1.4505929595407273e-7
250.18256505135136	-1.9919205855754496e-7	0.03698162047813837	1.4360725847501243e-7
250.18957166486487	-1.9802082118231572e-7	0.03695378153906871	1.4337642163950108e-7
250.19657827837838	-1.9643666686901695e-7	0.03692702001832766	1.4319162548856314e-7
250.2035848918919	-1.9543567273059628e-7	0.03690126532427055	1.4341617442147614e-7
250.2105915054054	-1.9657438827425283e-7	0.03687645392758309	1.4467406296720882e-7
250.21759811891891	-1.989298736670354e-7	0.036852527777319136	1.4661088099483438e-7
250.22460473243243	-2.0173739566356408e-7	0.03682943491103892	1.4892508262673098e-7
250.23161134594594	-2.082629127369134e-7	0.03680712693176779	1.529037986695515e-7
250.23861795945945	-2.158645989948779e-7	0.03678555974211406	1.5754592811744806e-7
250.24562457297296	-2.2759237792519546e-7	0.03676469278436173	1.6403909486176693e-7
250.2526311864865	-2.426715247468012e-7	0.036744486980350335	1.7211415369486218e-7
250.2596378	-2.6135237319331926e-7	0.036724904320160456	1.8187589393317373e-7
250.26664441351352	-2.852791651024403e-7	0.036705920844594474	1.9397339414811616e-7
250.27365102702703	-3.15159072640123e-7	0.03668750563155517	2.0873643111241035e-7
250.28065764054054	-3.511683629156051e-7	0.03666963066987862	2.262406266502846e-7
250.28766425405405	-3.9611313281806717e-7	0.036652270103939406	2.476873657474434e-7
250.29467086756756	-4.492273630620849e-7	0.036635399638604536	2.7266338483973205e-7
250.30167748108107	-5.143266217192433e-7	0.03661899747631055	3.0301592657527864e-7
250.30868409459458	-5.913976136244931e-7	0.03660304236597838	3.38749633879459e-7
250.3156907081081	-6.832157041594598e-7	0.03658751472754734	3.8105664215955723e-7
250.32269732162163	-7.923580384006199e-7	0.03657239619908632	4.311172681154994e-7
250.32970393513514	-9.213017037527145e-7	0.03655766952421013	4.901020164644096e-7
250.33671054864865	-1.0732924611373672e-6	0.036543318346848326	5.595250047575569e-7
250.34371716216216	-1.251767424179944e-6	0.03652932767909796	6.410074885280517e-7
250.35072377567568	-1.4624298282877576e-6	0.036515683002993675	7.371044578785176e-7
250.3577303891892	-1.709282263607661e-6	0.03650237075525861	8.497809767389564e-7
250.3647370027027	-1.996825148888981e-6	0.036489378049766874	9.81246504972032e-7
250.3717436162162	-2.3365990064608416e-6	0.03647669278600863	1.136519138448286e-6
250.37875022972972	-2.7316003769657517e-6	0.03646430339511097	1.3174071107503431e-6
250.38575684324323	-3.193686229369317e-6	0.036452199078028616	1.5292422776746351e-6
250.39276345675674	-3.7351048435863775e-6	0.03644036947120643	1.7776524146063618e-6
250.39977007027028	-4.365787446445577e-6	0.036428804768917696	2.067461380191389e-6
250.4067766837838	-5.102941865378255e-6	0.0364174956556924	2.406513999087049e-6
250.4137832972973	-5.963805147974742e-6	0.03640643326919847	2.8028379084318923e-6
250.4207899108108	-6.968040316542199e-6	0.03639560915462168	3.265618413905311e-6
250.42779652432432	-8.14024091798678e-6	0.03638501528378864	3.806206821473003e-6
250.43480313783783	-9.509981867126004e-6	0.036374644032753714	4.438222237711111e-6
250.44180975135134	-1.1106918131638423e-5	0.03636448806133164	5.175573586700557e-6
250.44881636486485	-1.2971520883497445e-5	0.036354540464951755	6.036867824153942e-6
250.45582297837836	-1.5148073388615478e-5	0.03634479453727739	7.042588831675392e-6
250.46282959189188	-1.7687087608269325e-5	0.03633524390186567	8.216200007853198e-6
250.46983620540541	-2.0651437002907564e-5	0.036325882511874005	9.58663457864633e-6
250.47684281891893	-2.4110600389888465e-5	0.03631670444182891	1.1186086464416662e-5
250.48384943243244	-2.814537968663053e-5	0.0363077043336841	1.3052044110003102e-5
250.49085604594595	-3.285559631978631e-5	0.0362988766566543	1.5230425163527789e-5
250.49786265945946	-3.8350635494022826e-5	0.036290216396193765	1.777199433194464e-5
250.50486927297297	-4.476407684252203e-5	0.03628171852557316	2.0738321635541995e-5
250.51187588648648	-5.224677619156718e-5	0.0362733785848239	2.4199329573635272e-5
250.5188825	-6.0978161749683524e-5	0.03626519179430974	2.823785746479301e-5
250.5258891135135	-7.116707235493849e-5	0.03625715391343942	3.2950428873677784e-5
250.532895727027	-8.305401188266484e-5	0.03624926089192663	3.844837362224837e-5
250.53990234054055	-9.692462379332024e-5	0.0362415083501317	4.486360227646457e-5
250.54690895405406	-0.00011310793923598296	0.03623389273443998	5.234834665556799e-5
250.55391556756757	-0.00013198795626780558	0.03622641034535879	6.108020905302616e-5
250.56092218108108	-0.00015401613639029254	0.03621905744931061	7.126778444101045e-5
250.5679287945946	-0.00017971602779238635	0.036211830734101044	8.315319169476509e-5
250.5749354081081	-0.00020969914926162884	0.03620472681094326	9.70191866052123e-5
250.58194202162161	-0.00024467829405754184	0.03619774248521008	0.00011319538679690175
250.58894863513513	-0.0002854872784235093	0.036190874450126226	0.000132067274694515
250.59595524864864	-0.00033309331537732437	0.03618412000179488	0.00015408210928269172
250.60296186216215	-0.0003886312411058227	0.03617747613486845	0.00017976467658957577
250.6099684756757	-0.00045341937385733944	0.03617094010063562	0.0002097246272770509
250.6169750891892	-0.0005289950977804156	0.0361645092430644	0.0002446730378892201
250.6239817027027	-0.0006171570321461704	0.036158180679717156	0.0002854414778525094
250.63098831621622	-0.0007199974238849526	0.036151951682629004	0.00033299753148168003
250.63799492972973	-0.0008399518036302539	0.0361458198492152	0.0003884678621151534
250.64500154324324	-0.000979869203466301	0.036139782367088244	0.00045316991140237757
250.65200815675675	-0.0011430596879504348	0.03613383713584688	0.0005286350744003572
250.65901477027026	-0.0013333908676965887	0.03612798102565555	0.0006166521849483326
250.66602138378377	-0.0015553621382285558	0.0361222115987175	0.0007193030518044968
250.67302799729728	-0.0018142181169607588	0.03611652587736192	0.0008390142360471315
250.68003461081082	-0.0021160642926128194	0.03611092071042273	0.0009786110025303471
250.68704122432433	-0.0024680095652584145	0.03610539274806942	0.0011413836451864279
250.69404783783784	-0.0028783307049581024	0.03609993792969991	0.0013311636795691776
250.70105445135135	-0.00335665246536531	0.0360945514515109	0.0015524073603741728
250.70806106486486	-0.003914171392015622	0.03608922801680841	0.0018103004473369205
250.71506767837838	-0.00456389636217072	0.0360839602119171	0.0021108698579348213
250.7220742918919	-0.005320937944567108	0.03607873930919474	0.0024611185711994983
250.7290809054054	-0.0062028348510901775	0.03607355390271417	0.002869178371654059
250.7360875189189	-0.007229917998852991	0.03606838904178552	0.0033444810973952935
250.74309413243242	-0.008425744611705218	0.036063225160009454	0.003897960964549514
250.75010074594593	-0.009817591554891605	0.03605803649655808	0.004542284767634684
250.75710735945947	-0.01143680192152036	0.03605278352234949	0.005292030054016134
250.76411397297298	-0.013319881228889984	0.03604742470067141	0.006164181945432698
250.7711205864865	-0.015508488405331523	0.03604189785541003	0.007178148613731927
250.7781272	-0.018050668054321747	0.03603611778360597	0.008356345344653897
250.7851338135135	-0.02100129690751656	0.03602997165684855	0.009724417347866797
250.79214042702702	-0.024423149841677	0.0360233073699255	0.011311758995038933
250.79914704054053	-0.028387448200500136	0.03601592052060603	0.013151800621716708
250.80615365405404	-0.03297491138455697	0.03600753691782235	0.015282538254688519
250.81316026756755	-0.038276240924382296	0.035997789690690306	0.01774681792308334
250.82016688108106	-0.044392884997674235	0.03598618882444624	0.02059276777470144
250.8271734945946	-0.05143714669832393	0.03597208106455992	0.023873949739992087
250.83418010810811	-0.05953255351301992	0.03595459859463254	0.027649667871699764
250.84118672162163	-0.06881234817097744	0.035932594844637164	0.03198444300315542
250.84819333513514	-0.0794191805596899	0.03590455965840851	0.03694809923415566
250.85519994864865	-0.09150132938922556	0.035868516983532994	0.042614295337739326
250.86220656216216	-0.10520994525587687	0.03582189769807736	0.0490596165847891
250.86921317567567	-0.12069202585231029	0.03576138571866277	0.056360755374093054
250.87621978918918	-0.1380835493770705	0.03568273644595059	0.0645918833541504
250.8832264027027	-0.1574974658046414	0.035580584883363076	0.07381974141848649
250.8902330162162	-0.1790108513305058	0.03544822336280505	0.0840984810965812
250.89723962972974	-0.20264685090989457	0.03527739818381555	0.09546207412820122
250.90424624324325	-0.22835640487078432	0.03505811338752812	0.10791674916611366
250.91125285675676	-0.255992513609092	0.034778554778552545	0.12142983194412507
250.91825947027027	-0.28529019895746016	0.03442506949844187	0.13592121694498016
250.92526608378378	-0.31583935813419506	0.03398244146423889	0.15125104835720232
250.9322726972973	-0.3470690682677775	0.03343443775049366	0.16721248611492573
250.9392793108108	-0.3782322532003466	0.03276460637611666	0.18352357734846125
250.94628592432431	-0.4084088332330261	0.03195732899365874	0.19982711002542047
250.95329253783783	-0.4365124130647133	0.03099973105685831	0.2156895972179355
250.96029915135134	-0.4613596781290103	0.029883747422656183	0.23063365381127293
250.96730576486488	-0.4816801135377522	0.028608630696966092	0.24413034098270878
250.9743123783784	-0.4962265908223624	0.027182851185554625	0.25564910849928063
250.9813189918919	-0.5038600500558051	0.025626233634398334	0.264689322250284
250.9883256054054	-0.5036466831862833	0.023970439301276653	0.2708198828532736
250.99533221891892	-0.4949460460213491	0.022258873536077597	0.27371567421599047
251.00233883243243	-0.4774844019723572	0.02054546940685858	0.27319041822792983
251.00934544594594	-0.451373773993877	0.018891610632619977	0.26920299592779084
251.01635205945945	-0.4171358604365299	0.017362062245268508	0.26187803543414706
251.02335867297296	-0.37564611818345484	0.016020926293473875	0.2514838046660932
251.03036528648647	-0.3280563526783653	0.014926734891961377	0.23840447573038834
251.0373719	-0.2756964203730412	0.014128618250620718	0.2231092254444996
251.04437851351352	-0.21998757547519782	0.013663384508681696	0.20611326329404636
251.05138512702703	-0.16234155974878456	0.013554029271671457	0.18793992429489054
251.05839174054054	-0.1040732059922828	0.013809880319521309	0.16908846120772508
251.06539835405405	-0.04634386066054083	0.014427461411635156	0.1500085926236298
251.07240496756756	0.009881982145798978	0.015392520354394566	0.13108377229374155
251.07941158108108	0.0638453025500478	0.016682405643388378	0.11262534820778594
251.0864181945946	0.11499609377072167	0.018268724124961788	0.09486940661341584
251.0934248081081	0.16297086933953314	0.020119621051850684	0.07798347806908282
251.1004314216216	0.20757116134891596	0.02220209586238247	0.0620733005615643
251.10743803513512	0.24874004444159536	0.024483535938903993	0.04719119510828399
251.11444464864866	0.28652097842040547	0.026933027473372805	0.0333498865595994
251.12145126216217	0.321039266102886	0.029522245498695462	0.020529694883883273
251.12845787567568	0.35247578762424686	0.032225939952564155	0.008687868996780382
251.1354644891892	0.38104591763658424	0.03502204574888904	-0.0022335156157149002
251.1424711027027	0.40698470085833277	0.03789179717238758	-0.012302055952123093
251.1494777162162	0.43053347826081423	0.04081950483284791	-0.021589930666345927
251.15648432972972	0.45193068800250236	0.0437922559831615	-0.030170267480280826
251.16349094324323	0.47140541936471514	0.04679968682527947	-0.03811480748275531
251.17049755675674	0.4891738524854794	0.0498336697724948	-0.045492060698138895
251.17750417027025	0.5054356190333471	0.05288789920064102	-0.052366091321623634
251.1845107837838	0.5203732225645481	0.05595768129189683	-0.05879604977329524
251.1915173972973	0.5341512573722952	0.059039501457688257	-0.06483556930482069
251.19852401081081	0.5469174560961666	0.062131007321299954	-0.07053327815772682
251.20553062432433	0.558803265124154	0.06523064266891372	-0.07593261495443891
251.21253723783784	0.5699246538048406	0.06833751674669312	-0.08107221006635934
251.21954385135135	0.5803836780372162	0.07145123399462619	-0.08598615571270896
251.22655046486486	0.590269752269852	0.07457181728215515	-0.09070459152988282
251.23355707837837	0.5996604810653473	0.07769947934897334	-0.09525364740137424
251.24056369189188	0.6086241785296023	0.08083477878068546	-0.09965657042963555
251.2475703054054	0.6172188765976182	0.0839782188289554	-0.10393315836866826
251.25457691891893	0.6254960036394341	0.08713057195664695	-0.10810097481333411
251.26158353243244	0.6334999600145923	0.09029265339770144	-0.11217528718645224
251.26859014594595	0.6412679273340591	0.09346504879574688	-0.11616886143721228
251.27559675945946	0.6488331280765987	0.09664864685999083	-0.12009309835519082
251.28260337297297	0.6562238634554222	0.09984419598849888	-0.12395773701669538
251.28960998648648	0.6634644695031504	0.10305240858831119	-0.12777118536136686
251.2966166	0.6705763073171587	0.1062741068270746	-0.1315408445198295
251.3036232135135	0.6775790817294659	0.1095099285823905	-0.13527362073501914
251.31062982702701	0.6844850754491577	0.11276039800453393	-0.13897349300272904
251.31763644054053	0.6913100467826351	0.11602632186996299	-0.14264607652933603
251.32464305405406	0.6980658967850367	0.1193082807948765	-0.14629544016528684
251.33164966756758	0.7047628085340047	0.12260677926697473	-0.14992501372073988
251.3386562810811	0.7114096471514212	0.12592227432216543	-0.15353779054363165
251.3456628945946	0.7180142686731664	0.12925529336002253	-0.15713642677041303
251.3526695081081	0.7245834416097002	0.13260624461018067	-0.16072314231277082
251.35967612162162	0.7311229491719571	0.13597543781384175	-0.16429981485739448
251.36668273513513	0.7376377179412111	0.13936319048376075	-0.16786799438088515
251.37368934864864	0.7441320751212155	0.14276979838139353	-0.17142897715352837
251.38069596216215	0.750609750728713	0.14619561963477617	-0.17498396485887524
251.38770257567566	0.7570739831567209	0.14964087070713972	-0.17853394518740284
251.3947091891892	0.7635275931966061	0.15310583732428842	-0.18207979771194754
251.4017158027027	0.769973317156374	0.15659081737535382	-0.18562239151636123
251.40872241621622	0.7764129374210338	0.1600959137698216	-0.18916219093055006
251.41572902972973	0.7828484550807631	0.16362138543908444	-0.19269988308099373
251.42273564324324	0.7892810576307157	0.16716738635351316	-0.1962358316290774
251.42974225675675	0.7957120116958528	0.17073401670534816	-0.19977043448089404
251.43674887027026	0.8021421557627054	0.17432142536727077	-0.20330398655531656
251.44375548378378	0.8085728644536366	0.17792976033745145	-0.2068370580848179
251.4507620972973	0.8149991871917687	0.18155848658904183	-0.21036741440278098
251.4577687108108	0.8214325964152603	0.185208943387369	-0.21390038875435696
251.46477532432434	0.8278662777313037	0.1888798798064312	-0.21743274658813325
251.47178193783785	0.8342932430101845	0.19257102545573113	-0.22096140057426716
251.47878855135136	0.8407286713195145	0.19628372987884504	-0.2244935054563082
251.48579516486487	0.8471625497635658	0.20001640011479774	-0.2280243829427173
251.49280177837838	0.853594195635159	0.2037689834938798	-0.231553952746544
251.4998083918919	0.8600234190972308	0.20754147460193975	-0.23508230585883852
251.5068150054054	0.8664462358400323	0.2113333733876634	-0.23860761436624478
251.5138216189189	0.8728671540827216	0.21514517884486964	-0.24213217347559401
251.52082823243242	0.8792843467644639	0.2189766142108731	-0.24565517832847886
251.52783484594593	0.885696877175524	0.22282735532976786	-0.24917613162022226
251.53484145945944	0.8921056504386631	0.22669762449667377	-0.2526956360182951
251.54184807297298	0.8985107195950638	0.23058727625343045	-0.2562136428842833
251.5488546864865	0.9049109880003582	0.2344960898920551	-0.25972956341710846
251.5558613	0.9113084735535515	0.23842450715970206	-0.26324450610415734
251.56286791351351	0.9177021935657623	0.24237229429655227	-0.2667578875210368
251.56987452702703	0.9240920737099114	0.246339460321718	-0.2702696870196531
251.57688114054054	0.9304783429860946	0.2503260741336287	-0.27378004389882366
251.58388775405405	0.9368606534442189	0.25433208214598685	-0.2772887475767763
251.59089436756756	0.9432401807305237	0.2583577685504641	-0.280796523674382
251.59790098108107	0.9496155158060696	0.2624028942809095	-0.2843025250302707
251.60490759459458	0.9559859597909057	0.2664673668912729	-0.2878064050593802
251.61191420810812	0.9623531233324044	0.2705514925748836	-0.2913090817830573
251.61892082162163	0.9687162064991464	0.27465509794600473	-0.29480996193435666
251.62592743513514	0.9750765975641322	0.2787786852445682	-0.2983100473757462
251.63293404864865	0.9814314725540243	0.28292155220286597	-0.30180741662605926
251.63994066216216	0.987782366421961	0.28708415221089195	-0.3053029570009504
251.64694727567567	0.9941310883708283	0.29126698210677887	-0.30879773007488837
251.65395388918918	1.0004742590408628	0.2954694484751672	-0.312289674400574
251.6609605027027	1.0068156351566866	0.2996923604205701	-0.31578089334148773
251.6679671162162	1.0131511758836285	0.30393506245386126	-0.3192690851249885
251.67497372972971	1.0194851638972415	0.3081984722882196	-0.32275669536801604
251.68198034324325	1.0258126060046748	0.3124815079819686	-0.3262407752926605
251.68898695675676	1.0321385327485428	0.31678563226493645	-0.3297247624567455
251.69599357027028	1.0384598421758795	0.3211096616681742	-0.33320658737628717
251.7030001837838	1.0447758081880392	0.3254535310816415	-0.3366862511970354
251.7100067972973	1.0510826456751365	0.3298165385801115	-0.3401618119547825
251.7170134108108	1.0573871869706428	0.334199834590186	-0.34363759372720176
251.72402002432432	1.063684005219912	0.3386019612956435	-0.34711077978179117
251.73102663783783	1.0699722012810813	0.3430225930374245	-0.35058127937317374
251.73803325135134	1.0762512557012172	0.3474614782901306	-0.3540490998751258
251.74503986486485	1.0825201765681676	0.35191812140108036	-0.3575140061681936
251.7520464783784	1.0887776902231066	0.35639217160290115	-0.3609753901720103
251.7590530918919	1.0950247266570583	0.36088367845685787	-0.3644340812179597
251.7660597054054	1.1012609869860333	0.36539236841545636	-0.3678899809863348
251.77306631891892	1.1074854939857326	0.36991800961045135	-0.37134247199046844
251.78007293243243	1.113698262032173	0.3744604028757354	-0.3747915558642927
251.78707954594594	1.1198996212189587	0.3790196845691262	-0.3782373799181519
251.79408615945945	1.1260903338557577	0.38359600758773454	-0.3816803992867267
251.80109277297296	1.1322690852616824	0.38818908894820325	-0.38511959377808025
251.80809938648648	1.1384366141286775	0.3927990896595592	-0.3885554123483138
251.815106	1.1445938984833697	0.3974264199990733	-0.3919885008015131
251.82211261351353	1.1507393837272684	0.4020707282616623	-0.3954177087661483
251.82911922702704	1.156874739083768	0.40673254319187485	-0.3988441356179907
251.83612584054055	1.1629983688889431	0.4114115837963577	-0.40226664864304823
251.84313245405406	1.169111921453676	0.4161083671458896	-0.4056863896236035
251.85013906756757	1.1752136616587772	0.42082259713785136	-0.40910214118229477
251.85714568108108	1.181305269216731	0.425554768400196	-0.4125151123772555
251.8641522945946	1.1873846124640106	0.4303044349348671	-0.41592387387388735
251.8711589081081	1.19345354004064	0.4350721381644531	-0.4193298540083459
251.8781655216216	1.1995108812150783	0.43985770261667084	-0.4227322140492746
251.88517213513512	1.2055553253857458	0.4446607864180406	-0.4261301071869146
251.89217874864863	1.2115889705818625	0.4494819931944075	-0.4295251316597742
251.89918536216217	1.2176102469789274	0.4543209824089062	-0.43291627881421557
251.90619197567568	1.2236176152560307	0.45917730264031476	-0.43630245988178706
251.9131985891892	1.229613575402185	0.4640517123597402	-0.43968581116002137
251.9202052027027	1.2355964225742195	0.46894373502199443	-0.44306502402198344
251.92721181621621	1.2415657705574767	0.47385330230195205	-0.4464400041393543
251.93421842972973	1.2475212830931741	0.4787803858242951	-0.44981063453977177
251.94122504324324	1.253461514575405	0.4837245277728456	-0.45317597402508814
251.94823165675675	1.2593893961040499	0.48868661261063145	-0.45653831611285695
251.95523827027026	1.2653025888304215	0.4936659893773755	-0.4598961254659829
251.96224488378377	1.2712006566174987	0.4986625333436047	-0.4632493118443114
251.9692514972973	1.2770835228853328	0.5036763184555957	-0.4665979228687058
251.97625811081082	1.2829510962151276	0.5087073097378876	-0.4699419464594502
251.98326472432433	1.2887989525523558	0.5137543873075974	-0.4732771898292455
251.99027133783784	1.2946379715977805	0.5188206702510545	-0.4766133652603738
251.99727795135135	1.300462075823455	0.5239046068166496	-0.47994484472037796
252.00428456486486	1.3062739441211149	0.5290070889845028	-0.48327485615854004
252.01129117837837	1.3120645253932113	0.534125603406137	-0.48659556470738813
252.01829779189188	1.3178406082370526	0.5392622450785465	-0.4899124904703028
252.0253044054054	1.3236019522916245	0.5444170910414298	-0.4932249080413184
252.0323110189189	1.3293499866305258	0.5495908765311924	-0.4965337544313779
252.03931763243244	1.33508411447817	0.5547836292994921	-0.49983823456928794
252.04632424594595	1.340805609948641	0.5599959509648595	-0.5031392862874953
252.05333085945946	1.346514196513821	0.5652281498311329	-0.5064362301270402
252.06033747297298	1.3522110635318139	0.5704807820689013	-0.5097300686624798
252.0673440864865	1.3578965368743312	0.5757543779426638	-0.5130205358090909
252.0743507	1.3635707172740368	0.5810493336087253	-0.5163073768602909
252.0813573135135	1.369235099747054	0.5863664971206665	-0.5195918281769127
252.08836392702702	1.3748896247335556	0.5917062430933975	-0.5228735112710825
252.09537054054053	1.380535022477779	0.5970693730598988	-0.5261528116551492
252.10237715405404	1.3861715086479616	0.6024563007263917	-0.5294298838786169
252.10938376756758	1.3917995518065085	0.6078677948072132	-0.5327047436198391
252.1163903810811	1.3974204323450614	0.613304707130057	-0.5359787859330145
252.1233969945946	1.4030338406771292	0.6187675891075168	-0.5392517264195752
252.1304036081081	1.408640261908411	0.6242572341438167	-0.5425240764668627
252.13741022162162	1.4142397206654005	0.6297741633259887	-0.5457961752894337
252.14441683513513	1.4198326835583432	0.6353192693670949	-0.5490686400819721
252.15142344864864	1.4254194900272887	0.6408934212671616	-0.5523420748579959
252.15843006216215	1.431000250477765	0.6464973063014325	-0.5556170039143795
252.16543667567566	1.4365749406713049	0.6521317144493763	-0.5588940167796649
252.17244328918918	1.4421438076324873	0.6577975705452747	-0.5621738302881224
252.17944990270271	1.44770737141698	0.6634960235443214	-0.5654573207645062
252.18645651621623	1.4532657917749012	0.6692279878527447	-0.5687452102342506
252.19346312972974	1.45881920259017	0.6749945138015719	-0.5720382610327313
252.20046974324325	1.4643681840254448	0.6807969792263117	-0.5753374723077178
252.20747635675676	1.469913209258074	0.6866366485831883	-0.5786437706026915
252.21448297027027	1.4754548086870254	0.6925149473114776	-0.5819581357534017
252.22148958378378	1.48099343944328	0.6984333985514506	-0.5852815503255213
252.2284961972973	1.4865298462213776	0.7043936207514945	-0.5886150611731444
252.2355028108108	1.4920649137455186	0.7103974929630104	-0.5919598462617603
252.2425094243243	1.4975992383964578	0.7164467435892712	-0.5953169007746737
252.24951603783782	1.5031334569542198	0.7225432645237521	-0.5986873359226129
252.25652265135136	1.5086653996677426	0.7286874589835667	-0.602072374168757
252.26352926486487	1.514199334932026	0.7348837049313147	-0.6054716289202041
252.27053587837838	1.5197359531428525	0.7411335588714426	-0.6088874716566025
252.2775424918919	1.52527525611492	0.7474387618597845	-0.612320950629189
252.2845491054054	1.5308182598384112	0.7538018537684871	-0.6157727501827541
252.29155571891891	1.536364910286291	0.7602246625397716	-0.6192437383356162
252.29856233243243	1.5419142725613766	0.7667086363328262	-0.6227343553831364
252.30556894594594	1.547466966740893	0.773256177583823	-0.6262449695685367
252.31257555945945	1.5530214895189498	0.7798682694315486	-0.6297756752422626
252.31958217297296	1.5585766343902399	0.7865461981804607	-0.6333263732294717
252.3265887864865	1.564130678756032	0.7932909333970581	-0.636896641429892
252.3335954	1.5696811025663735	0.8001028441096631	-0.6404855547463261
252.34060201351352	1.5752254992811592	0.8069823281835414	-0.6440921680884384
252.34760862702703	1.5807602747454679	0.8139288549868129	-0.6477148815526872
252.35461524054054	1.5862825673479959	0.8209424605169391	-0.6513522849999367
252.36162185405405	1.5917879863190498	0.8280219017694462	-0.6550021685709293
252.36862846756756	1.5972729433834867	0.8351663469869794	-0.6586625203714191
252.37563508108107	1.6027328140648711	0.842374095489193	-0.6623308235625236
252.38264169459458	1.6081640682212042	0.8496441012062076	-0.6660049303643185
252.3896483081081	1.6135618475871336	0.8569741262153685	-0.6696820544221371
252.39665492162163	1.6189220254888008	0.8643622532450397	-0.6733596373743538
252.40366153513514	1.6242420627347005	0.8718074411480776	-0.6770359256042872
252.41066814864865	1.6295187918177199	0.8793080572217955	-0.6807088281185832
252.41767476216216	1.6347480679560342	0.8868613980402573	-0.6843758041837171
252.42468137567568	1.639929239640177	0.8944672273945055	-0.6880361087841974
252.4316879891892	1.6450602799135965	0.9021240038165999	-0.691688407929069
252.4386946027027	1.650140365674263	0.9098309531947706	-0.6953319072348072
252.4457012162162	1.6551681801153875	0.9175867556328874	-0.6989656189171342
252.45270782972972	1.6601426908362755	0.9253902622708154	-0.7025887925005692
252.45971444324323	1.6650636492986606	0.9332407401951719	-0.706201128208274
252.46672105675677	1.6699315040251217	0.9411380206450336	-0.7098025791429824
252.47372767027028	1.674747081338668	0.9490821886402765	-0.7133933199178631
252.4807342837838	1.679509310616676	0.9570718641861135	-0.7169727056905985
252.4877408972973	1.6842181380881822	0.9651064319401002	-0.7205406029373038
252.4947475108108	1.688871644282101	0.9731837380448972	-0.7240960937181091
252.50175412432432	1.6934704220806391	0.9813035386414872	-0.7276392546783201
252.50876073783783	1.698013872488926	0.989464843532479	-0.7311698524198695
252.51576735135134	1.7025010501977398	0.9976662750598307	-0.7346871293951808
252.52277396486485	1.7069313982686478	1.005906766592481	-0.738190665465523
252.52978057837836	1.7113056749246172	1.0141863265106343	-0.7416806220592007
252.5367871918919	1.7156235703932727	1.0225040511708225	-0.7451568181951501
252.54379380540541	1.719885204944787	1.0308596388237123	-0.748619082721292
252.55080041891893	1.7240897587297779	1.0392517342050656	-0.7520669667076609
252.55780703243244	1.7282361611177457	1.0476789152928936	-0.7554996802815351
252.56481364594595	1.732324520906911	1.0561408877074645	-0.7589170723305558
252.57182025945946	1.736355985854788	1.0646379991102677	-0.7623196760882052
252.57882687297297	1.7403294131884937	1.0731686459571117	-0.7657069431481136
252.58583348648648	1.7442446663252746	1.0817320633025924	-0.7690787176606264
252.5928401	1.7481049215583953	1.090330227952068	-0.7724361122392422
252.5998467135135	1.7519065709211252	1.0989596663357883	-0.7757776253319033
252.606853327027	1.755652549981757	1.1076223118359385	-0.7791041004876259
252.61385994054055	1.7593438065342866	1.1163180728450168	-0.7824161161722027
252.62086655405406	1.7629809219467936	1.125046725284671	-0.7857142021383029
252.62787316756757	1.7665645566305819	1.133807840243416	-0.7889985977426928
252.63487978108108	1.770096656289793	1.1426021824894523	-0.79227046942455
252.6418863945946	1.7735789868885001	1.1514303884472925	-0.7955305066959459
252.6488930081081	1.7770139903394149	1.1602937266260887	-0.7987799331473804
252.65589962162161	1.7804042067864785	1.169193585315036	-0.8020199883053414
252.66290623513513	1.783753248791758	1.1781320732457685	-0.8052523436836592
252.66991284864864	1.7870656205818833	1.1871120698218998	-0.8084794473357484
252.67691946216215	1.7903463162303581	1.1961367142724133	-0.8117034789818139
252.68392607567569	1.7936009853189656	1.2052097375772703	-0.8149276700830113
252.6909326891892	1.7968355731626946	1.2143346230634235	-0.818155550346822
252.6979393027027	1.800057790358614	1.2235167189087384	-0.821391539771214
252.70494591621622	1.8032764600753306	1.2327621669345734	-0.824640575557968
252.71195252972973	1.8065027021502356	1.242078657361266	-0.8279088978137166
252.71895914324324	1.8097484229692724	1.2514747695423483	-0.8312033279929241
252.72596575675675	1.8130280357366777	1.2609608560857744	-0.8345318420668771
252.73297237027026	1.8163587178826506	1.2705496086608548	-0.8379044305471836
252.73997898378377	1.8197600279222022	1.280255867393354	-0.8413320185015487
252.74698559729728	1.8232552530477302	1.290097472183583	-0.844827947056407
252.75399221081082	1.8268682418701219	1.3000925099005622	-0.8484062559311619
252.76099882432433	1.8306344430139523	1.3102696262514804	-0.8520857276334018
252.76800543783784	1.8345864362148192	1.3206543306864653	-0.8558858754539957
252.77501205135135	1.8387648452405079	1.33127884437035	-0.8598304385221158
252.78201866486486	1.843216293132865	1.3421804656051621	-0.8639467085299609
252.78902527837838	1.8479942121010562	1.3534024405673202	-0.8682659001210453
252.7960318918919	1.8531595035617818	1.364994299240337	-0.8728237758576028
252.8030385054054	1.8587790626596923	1.3770103000543628	-0.8776604887864947
252.8100451189189	1.864936085473855	1.3895199297194982	-0.8828241286652107
252.81705173243242	1.8717160896628067	1.4025937985678778	-0.8883661529927582
252.82405834594596	1.8792178718763954	1.4163143804520058	-0.8943455271831962
252.83106495945947	1.887551106443304	1.4307734712550353	-0.9008281218978745
252.83807157297298	1.896836348636732	1.446072717912912	-0.9078866329020515
252.8450781864865	1.9072048250659135	1.4623231601278326	-0.9156006420306905
252.8520848	1.9187937010293827	1.4796402624591252	-0.9240551537184353
252.8590914135135	1.9317567214340958	1.4981554757648021	-0.9333440163906997
252.86609802702702	1.9462432092526327	1.5179942553029655	-0.9435624041741426
252.87310464054053	1.9624036534178695	1.5392835109679532	-0.954806665721069
252.88011125405404	1.9803768814849392	1.5621379674066245	-0.96716927251576
252.88711786756755	2.0002966230446937	1.5866687100876826	-0.9807391404060359
252.8941244810811	2.022258520784877	1.6129488398228942	-0.9955888281126722
252.9011310945946	2.046319671896704	1.6410147032686335	-1.0117702026529751
252.90813770810811	2.072476323043073	1.670844073861792	-1.0293039672785305
252.91514432162163	2.1006580564532706	1.7023523470400863	-1.0481710091338363
252.92215093513514	2.130691312177381	1.735354912780909	-1.068298865915864
252.92915754864865	2.1622928284914686	1.7695625917274216	-1.0895520116318622
252.93616416216216	2.195047142649265	1.8045591587063525	-1.111720982797047
252.94317077567567	2.228418941391184	1.8398156518846855	-1.1345220592719956
252.95017738918918	2.2617276432441513	1.8746627432775629	-1.157590914431986
252.9571840027027	2.2941803574836173	1.908326388303235	-1.1804928503616992
252.9641906162162	2.3248939914963462	1.9399496440650426	-1.2027350522105777
252.97119722972974	2.352931680198047	1.9686282896695482	-1.223788245679911
252.97820384324325	2.3773964528417593	1.9935072801630331	-1.24312555078925
252.98521045675676	2.397449716484455	2.0137948965765746	-1.2602532992608575
252.99221707027027	2.412400278060904	2.02885433510197	-1.2747457216165639
252.99922368378378	2.421756943493662	2.038253833521705	-1.2862788960381877
253.0062302972973	2.425241572470518	2.0417758034080755	-1.2946437864987634
253.0132369108108	2.4229059323349817	2.0395367072042108	-1.299798022486503
253.02024352432431	2.4149993810730055	2.0318438542358854	-1.301820486400371
253.02725013783783	2.4020113281477884	2.019240736024177	-1.300918912295462
253.03425675135134	2.384587189857735	2.0024169283760918	-1.2973919171307648
253.04126336486488	2.363506535872988	1.9821866341778633	-1.2916156824301188
253.04826997837839	2.3395790546027446	1.9593796269031258	-1.2839935180775772
253.0552765918919	2.3136284815509685	1.9348286051762242	-1.2749427733844
253.0622832054054	2.2864139588675765	1.9092885141124234	-1.264856023060424
253.06928981891892	2.2586163474296073	1.8834265633929546	-1.2540915407676807
253.07629643243243	2.23082538149473	1.857811728005884	-1.242966174260716
253.08330304594594	2.2034925670306844	1.832867008284417	-1.2317311706493599
253.09030965945945	2.17698673518355	1.8089318234178546	-1.2205974761677865
253.09731627297296	2.151583406916575	1.7862509980703978	-1.2097293724503966
253.10432288648647	2.1274487877570722	1.7649597086228892	-1.1992381844511792
253.1113295	2.1046749980405353	1.7451196429581626	-1.189197377739706
253.11833611351352	2.0833311986648404	1.7267749891112891	-1.1796662919313186
253.12534272702703	2.063396342421807	1.7098801376444515	-1.1706585673264376
253.13234934054054	2.0448267753541147	1.694370803015118	-1.1621736762171995
253.13935595405405	2.0275725633969635	1.6801790221542177	-1.1542043569646514
253.14636256756756	2.011552162829745	1.6672082106440533	-1.1467259723926104
253.15336918108108	1.9966787324938102	1.6553587407361068	-1.139708725882268
253.1603757945946	1.9828593178678064	1.6445268709349101	-1.133117632393916
253.1673824081081	1.9700015003520266	1.634611840860572	-1.126915474790927
253.1743890216216	1.9580184313173588	1.6255205841147513	-1.1210666273177965
253.18139563513515	1.9468239263066287	1.6171635341013983	-1.1155331946230005
253.18840224864866	1.9363394666904044	1.6094592037752098	-1.1102807321961463
253.19540886216217	1.9264931940206587	1.6023341672437903	-1.1052771692410066
253.20241547567568	1.9172222694230465	1.5957247998349195	-1.1004945582567462
253.2094220891892	1.908473479491333	1.5895774498406219	-1.0959098902033024
253.2164287027027	1.900200057637547	1.5838460767037024	-1.0915027138253313
253.2234353162162	1.8923594206939398	1.5784883662529157	-1.0872549122795343
253.23044192972972	1.8849169381213557	1.5734701964449096	-1.0831521149415917
253.23744854324323	1.8778443777148277	1.5687642653249083	-1.0791830224412349
253.24445515675674	1.8711156487347782	1.5643459771251071	-1.0753370931282444
253.25146177027028	1.8646859866065992	1.5601698532865003	-1.0715964383213772
253.2584683837838	1.8585757249314923	1.5562580221838338	-1.067970768549409
253.2654749972973	1.8527400218570245	1.5525674801506626	-1.0644423236180698
253.27248161081081	1.8471698211918548	1.5490894017992138	-1.0610092781609646
253.27948822432433	1.84184649426823	1.5458063941653162	-1.057665264212125
253.28649483783784	1.83675229774887	1.5427012823846051	-1.054404071008702
253.29350145135135	1.8318805573229873	1.539768850495427	-1.0512239457866295
253.30050806486486	1.8272136087644988	1.5369922905386022	-1.0481194924414734
253.30751467837837	1.8227434187808034	1.5343646223873724	-1.0450881831406051
253.31452129189188	1.8184520742075148	1.531868442060323	-1.0421234377228148
253.3215279054054	1.8143287176840708	1.5294943255536666	-1.0392222270348646
253.32853451891893	1.8103680242377371	1.5272384863679789	-1.0363830957123592
253.33554113243244	1.806555395102654	1.5250865668625828	-1.0336017518395537
253.34254774594595	1.8028765416753536	1.5230243487229984	-1.030874079206717
253.34955435945946	1.7993300850304106	1.5210526338921617	-1.0282002821155323
253.35656097297297	1.7959060630504697	1.5191626663521756	-1.0255780573180644
253.36356758648648	1.7925957357208648	1.5173468813478386	-1.0230058198198697
253.3705742	1.7893958452342207	1.5156036786885663	-1.020482188224355
253.3775808135135	1.7862957187610953	1.5139237158411367	-1.0180042420534805
253.38458742702701	1.783293250997075	1.5123066175642843	-1.015572549854847
253.39159404054053	1.7803829340696073	1.510748138764094	-1.0131871571107176
253.39860065405406	1.7775688182090061	1.509254101830675	-1.0108504501968107
253.40560726756758	1.7748434929915922	1.507818530273298	-1.0085612659529095
253.41261388108109	1.772206910447365	1.5064430683377485	-1.0063209254966543
253.4196204945946	1.7696594062474211	1.5051295071894986	-1.0041316564108858
253.4266271081081	1.767193672185702	1.503871819678151	-1.001992006400994
253.43363372162162	1.7648222000151566	1.5026846357848427	-0.999908152749161
253.44064033513513	1.76253766141408	1.5015614878703374	-0.9978795262072709
253.44764694864864	1.7603424871165239	1.5005066454145743	-0.9959084313840768
253.45465356216215	1.7582360880441197	1.4995209303131205	-0.9939957869934546
253.46166017567566	1.7562170013018523	1.4986041814338982	-0.9921421541932032
253.4686667891892	1.7542843585245154	1.4977565592619306	-0.9903482018540998
253.4756734027027	1.7524383835830193	1.4969795996556439	-0.9886148983239271
253.48268001621622	1.7506778872584752	1.4962735159441745	-0.9869422554770726
253.48968662972973	1.7490003631827782	1.49563688720205	-0.9853296065067993
253.49669324324324	1.7474064654110348	1.495071673110332	-0.9837776628821489
253.50369985675675	1.7458839095828715	1.4945658743945813	-0.9822820010703032
253.51070647027026	1.744449657812794	1.4941376604882903	-0.9808487396852363
253.51771308378378	1.7430903482357456	1.4937742842031583	-0.9794727422255369
253.5247196972973	1.7418070576204887	1.493477160109399	-0.9781541053681846
253.5317263108108	1.7405918353103738	1.493238329767681	-0.976888698482034
253.53873292432434	1.7394422942445116	1.493055521704695	-0.975674843597477
253.54573953783785	1.7383578390614958	1.4929284313543216	-0.9745112902505865
253.55274615135136	1.7373331905038094	1.4928517416748628	-0.973395108511887
253.55975276486487	1.7363676388572542	1.492824589918076	-0.9723247335941553
253.56675937837838	1.7354528093918604	1.4928383631639517	-0.9712951949048928
253.5737659918919	1.734589313833596	1.4928931424990504	-0.9703058820032378
253.5807726054054	1.7337722260204869	1.4929837138561608	-0.9693535174818275
253.5877792189189	1.7329977177005553	1.4931058820917942	-0.9684351252878114
253.59478583243242	1.7322650482809647	1.493259044971392	-0.9675487122416556
253.60179244594593	1.731567428456561	1.4934356724529443	-0.9666902825594892
253.60879905945947	1.7309069996204562	1.493637230825739	-0.9658599515327068
253.61580567297298	1.7302798561734405	1.4938598574165676	-0.9650549678128997
253.6228122864865	1.7296844920746903	1.494101607733973	-0.9642735388312506
253.6298189	1.7291187976841513	1.494359903883364	-0.9635138111504121
253.63682551351351	1.728585749623782	1.49463757437861	-0.9627765049507653
253.64383212702703	1.728083403816086	1.4949323096771132	-0.9620601183181863
253.65083874054054	1.7276125701915923	1.495244566327948	-0.9613644233508689
253.65784535405405	1.7271747173672336	1.4955754787992623	-0.9606897003362581
253.66485196756756	1.726771147251061	1.495926185355032	-0.9600361572103613
253.67185858108107	1.726405354696431	1.4962994635173508	-0.9594054581435991
253.6788651945946	1.7260820737744595	1.496700432486143	-0.9587992724863562
253.68587180810812	1.7258053377907447	1.4971326604780968	-0.9582195864720124
253.69287842162163	1.7255818063503088	1.4976020019260408	-0.9576705385050048
253.69988503513514	1.7254187361751827	1.4981151954039758	-0.957156121906051
253.70689164864865	1.7253248229062828	1.4986803729122773	-0.9566810873337925
253.71389826216216	1.7253104562414532	1.4993072266295735	-0.9562513342949237
253.72090487567567	1.7253888944949434	1.5000079896520642	-0.9558746731718134
253.72791148918918	1.7255751822022687	1.5007966393869843	-0.9555598672080655
253.7349181027027	1.7258873115024242	1.5016898884954228	-0.955317301240634
253.7419247162162	1.7263458836054295	1.5027069179145023	-0.9551589325008208
253.74893132972971	1.7269751558791033	1.5038701935854693	-0.955098868371803
253.75593794324325	1.7278013059771602	1.505203209280217	-0.9551526201286336
253.76294455675676	1.7288601788322782	1.5067400470214838	-0.9553406721702697
253.76995117027028	1.7301879301265641	1.508513754847453	-0.9556842262547192
253.77695778378379	1.731826984000263	1.5105631765286873	-0.9562080439917036
253.7839643972973	1.7338287170675746	1.5129351837116114	-0.9569422588954721
253.7909710108108	1.7362494268512851	1.5156810773770508	-0.957919991213242
253.79797762432432	1.739154329301618	1.518859925939544	-0.9591794328375703
253.80498423783783	1.7426194324924158	1.522540789837059	-0.9607648791843344
253.81199085135134	1.7467286430655136	1.5267994662658182	-0.9627252843356412
253.81899746486485	1.751576843708231	1.5317210931863245	-0.9651160578779427
253.8260040783784	1.7572714624507075	1.5374020553449774	-0.9679998031695856
253.8330106918919	1.7639302219690556	1.5439472265800884	-0.9714451952244125
253.8400173054054	1.771683691785049	1.551472168642488	-0.9755284612532914
253.84702391891892	1.7806736378486745	1.5601012420585405	-0.9803324774744905
253.85403053243243	1.791051260158741	1.5699662705264736	-0.9859457698392621
253.86103714594594	1.8029778715592053	1.581205633868071	-0.9924633592329672
253.86804375945945	1.8166194258655748	1.5939593331786706	-0.9999830520242271
253.87505037297296	1.832140277224612	1.6083627161327811	-1.0086023090043108
253.88205698648648	1.849697897573543	1.6245406838267027	-1.0184150283675077
253.8890636	1.8694321142846033	1.642596931904446	-1.0295057095081062
253.89607021351353	1.8914558837517266	1.6626046999407424	-1.0419441219009475
253.90307682702704	1.9158330326162187	1.6845851588889036	-1.0557732304591112
253.91008344054055	1.9425698014018284	1.7084991881597997	-1.0710036860540284
253.91709005405406	1.9715919808364812	1.7342257292459948	-1.087601326978545
253.92409666756757	2.002724798706674	1.7615431909535662	-1.1054757152339694
253.93110328108108	2.0356787086772323	1.7901172574557895	-1.1244716879720111
253.9381098945946	2.0700165136213573	1.8194710784174977	-1.1443521343440184
253.9451165081081	2.1051758922744894	1.8490106943836948	-1.164808623093615
253.9521231216216	2.140449300751885	1.878009789352033	-1.1854508884974122
253.95912973513512	2.1750093641019355	1.905638277763996	-1.2058206389859534
253.96613634864866	2.207937404789695	1.930995628535495	-1.2254070800490033
253.97314296216217	2.2382741000581388	1.9531642736789465	-1.2436748645917062
253.98014957567568	2.265075506222955	1.971267872315469	-1.2600953606410832
253.9871561891892	2.2874847719639377	1.9845422822256022	-1.2741859824741855
253.9941628027027	2.3047965465642264	1.9923985203050545	-1.285545419834103
254.00116941621621	2.3165139940175266	1.994472503570249	-1.293882364096421
254.00817602972973	2.3223848776543794	1.9906569501332712	-1.2990439056616299
254.01518264324324	2.322432155362036	1.9811197670215415	-1.3010226238974514
254.02218925675675	2.3169387913610353	1.966282227448187	-1.2999532469156976
254.02919587027026	2.3064042563855263	1.946765736737228	-1.2960879953081892
254.0362024837838	2.2914984190032737	1.923338608618382	-1.2897710226682726
254.0432090972973	2.2730047379119123	1.8968548776714655	-1.281408846327571
254.05021571081082	2.2517410489928418	1.868173122787825	-1.271426280836819
254.05722232432433	2.2285325134020866	1.838132243062055	-1.2602554273396496
254.06422893783784	2.2041275988136713	1.8074676069910867	-1.2482864330215724
254.07123555135135	2.17921269242469	1.776834020004979	-1.2358803719929976
254.07824216486486	2.154345664146059	1.7467411524923555	-1.2233297509813532
254.08524877837837	2.1299685367122505	1.7175729975986793	-1.2108673648439565
254.09225539189188	2.1064429428694678	1.6896281694661595	-1.198686295658468
254.0992620054054	2.0839971471703294	1.663071606716136	-1.1869092901766467
254.1062686189189	2.062784806966148	1.637994858323746	-1.1756216827948678
254.11327523243244	2.042884230461167	1.6144184136718507	-1.164870077775502
254.12028184594595	2.0243155080782262	1.5923101577102492	-1.1546711546622255
254.12728845945946	2.007056696607638	1.5716022584663325	-1.1450201929411155
254.13429507297298	1.9910513822164986	1.5521989018864037	-1.1358948272690448
254.14130168648649	1.9762207449602067	1.5339884595719355	-1.1272614319030758
254.1483083	1.962476335250866	1.51685541163608	-1.119081716375217
254.1553149135135	1.949720568263724	1.5006808005447168	-1.1113123091978292
254.16232152702702	1.9378526072042348	1.4853470992254552	-1.1039081941964324
254.16932814054053	1.9267835936979059	1.470752472694125	-1.0968297056358125
254.17633475405404	1.9164183588428312	1.4567950172315525	-1.0900340598103226
254.18334136756758	1.9066449154887861	1.4433569532576125	-1.083470630556495
254.1903479810811	1.8973965903514876	1.4303681662315675	-1.077110770624925
254.1973545945946	1.8885997347334285	1.4177547625388414	-1.070922259549281
254.2043612081081	1.8801847328829469	1.405448976673624	-1.0648748953077545
254.21136782162162	1.8720906144910845	1.393393027653314	-1.0589426790322005
254.21837443513513	1.864267117431203	1.3815407672247366	-1.0531046627603382
254.22538104864864	1.8566674454948058	1.3698507253316345	-1.0473417712541153
254.23238766216215	1.8492489571154913	1.358286147643548	-1.0416370199320493
254.23939427567566	1.841976214405803	1.3468177011108189	-1.0359770034662423
254.24640088918918	1.8348217554012152	1.335424505957545	-1.0303520495353906
254.25340750270271	1.8277646276881152	1.3240919322147493	-1.0247553844654282
254.26041411621623	1.8207812098487428	1.3128031393595676	-1.0191790882849912
254.26742072972974	1.8138579670320816	1.301550992943196	-1.0136203070189163
254.27442734324325	1.8069771021545629	1.290324350217954	-1.0080736246375548
254.28143395675676	1.8001350449451425	1.2791248310673402	-1.002540650518133
254.28844057027027	1.7933290621868925	1.2679547777717552	-0.9970231869088564
254.29544718378378	1.7865491444167243	1.256810974196435	-0.9915189167781419
254.3024537972973	1.7797961439790304	1.2456978501133686	-0.9860314202457732
254.3094604108108	1.7730689768102423	1.2346188884295675	-0.9805627526937564
254.3164670243243	1.7663717111586863	1.2235821896185932	-0.9751174767783979
254.32347363783785	1.759705864541004	1.2125929642382	-0.9696978708516398
254.33048025135136	1.7530755620997633	1.201658087885636	-0.9643084145555275
254.33748686486487	1.7464835778194014	1.1907834314936232	-0.9589523629941972
254.34449347837838	1.7399339320160148	1.1799757727064129	-0.9536338897187251
254.3515000918919	1.7334329834537272	1.169243241376117	-0.9483564216507087
254.3585067054054	1.7269849252379355	1.15859173042915	-0.9431237586188408
254.36551331891891	1.7205930287522948	1.1480263864091786	-0.9379387223104813
254.37251993243243	1.7142587356488148	1.1375507653205106	-0.9328037367820777
254.37952654594594	1.7079868724826641	1.1271707924133734	-0.927720420486373
254.38653315945945	1.7017806989722946	1.1168904629560747	-0.9226918035728167
254.39353977297299	1.6956418124292316	1.1067126122731465	-0.9177191799485328
254.4005463864865	1.6895716399417	1.0966396256292232	-0.9128036706163041
254.407553	1.6835714156662034	1.0866733126005366	-0.9079473348839577
254.41455961351352	1.6776425729369355	1.0768170341490997	-0.903148152700226
254.42156622702703	1.6717873014019047	1.0670718281124494	-0.8984085580577483
254.42857284054054	1.666004969088293	1.0574380766522935	-0.8937280626185308
254.43557945405405	1.6602959608969492	1.0479164863723969	-0.8891064460239503
254.44258606756756	1.6546603853713628	1.038507558987156	-0.8845432096911803
254.44959268108107	1.6490976054046813	1.029211033410158	-0.880037540315545
254.45659929459458	1.643606510432997	1.0200261460523439	-0.8755882448583345
254.4636059081081	1.638186289331877	1.0109522692280546	-0.8711941695499266
254.47061252162163	1.6328359457807518	1.001988553030125	-0.8668540471068547
254.47761913513514	1.6275487418418941	0.9931269616348892	-0.8625719098068272
254.48462574864865	1.622328060819135	0.9843786515032814	-0.8583320063185662
254.49163236216216	1.6171765478649784	0.9757370688053488	-0.8541431836667424
254.49863897567568	1.6120914942776348	0.9672012939814262	-0.8500030214914971
254.50564558918919	1.6070814730764482	0.9587775360576095	-0.8459068801299996
254.5126522027027	1.6021271431051585	0.9504494322214279	-0.8418599355411859
254.5196588162162	1.5972329752160757	0.9422218104356046	-0.8378554334667072
254.52666542972972	1.592397722479785	0.9340928510171118	-0.8338917895815873
254.53367204324323	1.5876190957532093	0.9260600023639147	-0.8299673845775883
254.54067865675677	1.5828949987364827	0.9181216224829626	-0.8260799895480696
254.54768527027028	1.5782261520733227	0.9102769821424653	-0.8222282436151926
254.5546918837838	1.5736092742216587	0.902522996687465	-0.818410451431227
254.5616984972973	1.569043744624024	0.8948584045802291	-0.8146254695628925
254.5687051108108	1.5645271882407104	0.887280792520362	-0.8108713591639313
254.57571172432432	1.560058164007189	0.8797884322988772	-0.8071468756163228
254.58271833783783	1.555634193004283	0.8723786333480268	-0.8034501765437455
254.58972495135134	1.5512534765433865	0.8650494789824122	-0.7997799002418894
254.59673156486485	1.546913964163972	0.8577986402268604	-0.7961345648770193
254.60373817837836	1.5426130926541153	0.8506237198135873	-0.7925125959158313
254.6107447918919	1.5383489953906297	0.8435225664546028	-0.7889126681229592
254.61775140540541	1.534119687424198	0.8364932306843539	-0.7853335262397345
254.62475801891893	1.5299224165863015	0.8295331882864351	-0.7817736323325055
254.63176463243244	1.525754436977574	0.8226397951466671	-0.7782314757129501
254.63877124594595	1.521613993552255	0.8158114042002051	-0.7747060702575511
254.64577785945946	1.517498712848897	0.8090456714013735	-0.7711961536402944
254.65278447297297	1.513405757791916	0.8023401929117865	-0.7677003763002345
254.65979108648648	1.5093326053604175	0.7956926398535578	-0.7642175301845328
254.6667977	1.505277664741747	0.7891015756699208	-0.7607468169419636
254.6738043135135	1.501239097956776	0.7825652287206233	-0.7572873203473369
254.68081092702704	1.4972142919945146	0.7760815168569273	-0.7538378511522165
254.68781754054055	1.493201269338659	0.7696487539402219	-0.750397472248096
254.69482415405406	1.4891967972144349	0.763264391259385	-0.7469647415788416
254.70183076756757	1.4851995628530565	0.7569273775544798	-0.7435390595687512
254.70883738108108	1.481207220383163	0.750635761720884	-0.7401192729173114
254.7158439945946	1.477217522854313	0.7443879427033178	-0.7367043688351425
254.7228506081081	1.4732287806280626	0.7381824544357517	-0.7332935305744553
254.72985722162161	1.4692388642174392	0.7320178376263103	-0.7298857622378571
254.73686383513513	1.465245552867604	0.7258923866725389	-0.7264800569749363
254.74387044864864	1.461247297844899	0.7198048723761783	-0.72307575095013
254.75087706216217	1.457244237315148	0.7137561532112512	-0.7196703281905693
254.75788367567569	1.45323110669492	0.7077404154520248	-0.7162668209909029
254.7648902891892	1.4492070236071508	0.7017587977859914	-0.7128621296231007
254.7718969027027	1.4451702974306024	0.6958098106530787	-0.7094556746239304
254.77890351621622	1.441118596913725	0.6898918346193225	-0.7060466323416477
254.78591012972973	1.437050262171398	0.6840037590165036	-0.7026344538344637
254.79291674324324	1.4329638171067633	0.6781446408152876	-0.699218697325444
254.79992335675675	1.4288576607976622	0.6723135007389948	-0.6957988630454337
254.80692997027026	1.424729205512515	0.6665087557040387	-0.6923741147623566
254.81393658378377	1.4205761318528507	0.6607290577683819	-0.6889436467201501
254.82094319729728	1.416397129648083	0.6549736255074304	-0.6855071322353683
254.82794981081082	1.412190289904321	0.6492413507012806	-0.682064002642825
254.83495642432433	1.4079548270494155	0.6435324656063922	-0.6786124717027975
254.84196303783784	1.4036869782372958	0.6378433221273727	-0.6751547753215913
254.84896965135135	1.3993864480186384	0.6321749186029627	-0.6716890874818211
254.85597626486486	1.3950515870275755	0.6265263239993255	-0.668215018092439
254.86298287837838	1.390680617087881	0.6208965022617483	-0.6647319248908429
254.8699894918919	1.3862728720733142	0.6152852233800252	-0.6612397680112141
254.8769961054054	1.3818273637907175	0.6096921036505341	-0.6577383899244951
254.8840027189189	1.3773422569344864	0.6041161757627707	-0.6542272716552995
254.89100933243242	1.3728165591734163	0.5985570375462458	-0.6507062815615751
254.89801594594596	1.3682485131418753	0.5930138820388045	-0.647175060898987
254.90502255945947	1.3636375162045375	0.5874866464509376	-0.6436336688202146
254.91202917297298	1.3589825131440245	0.5819748967927572	-0.6400818875160429
254.9190357864865	1.3542823506477286	0.5764781503791327	-0.6365196041608838
254.9260424	1.3495355100548434	0.5709959404127145	-0.6329464165982677
254.9330490135135	1.3447413271278783	0.5655282113531026	-0.6293622612834533
254.94005562702702	1.3398984171684534	0.5600744353898042	-0.6257667698278904
254.94706224054053	1.3350065169645988	0.5546347772287975	-0.6221599981503876
254.95406885405404	1.3300650004268384	0.5492092313826781	-0.6185418742549388
254.96107546756755	1.325073108418512	0.5437977115831377	-0.6149122407512011
254.9680820810811	1.320029737416743	0.5383999773586307	-0.6112708258518023
254.9750886945946	1.3149338986314731	0.5330159681037961	-0.607617637367217
254.98209530810811	1.3097836899839324	0.5276452066736718	-0.6039525745807648
254.98910192162163	1.3045770232534173	0.5222870584670714	-0.6002754601269882
254.99610853513514	1.299310895724317	0.5169407095916742	-0.5965863536855482
255.00311514864865	1.2939817557613644	0.5116050088083648	-0.5928857559855287
255.01012176216216	1.288585034018365	0.5062789134364608	-0.589172707718341
255.01712837567567	1.2831155579910352	0.5009601120534616	-0.5854484586047278
255.02413498918918	1.2775687370159856	0.4956482190800009	-0.5817113800754469
255.0311416027027	1.2719399710790344	0.4903414351699472	-0.5779625982325898
255.03814821621623	1.2662247536243192	0.48503867608235207	-0.5742022205408343
255.04515482972974	1.2604189522887743	0.47973865093939766	-0.5704310859691029
255.05216144324325	1.2545193449794338	0.4744415985661026	-0.5666476612883578
255.05916805675676	1.248522979613107	0.469146614974947	-0.5628530006382102
255.06617467027027	1.2424270865949798	0.46385290893241254	-0.5590480548242571
255.07318128378378	1.2362297775876052	0.4585617264409214	-0.5552307479362925
255.0801878972973	1.2299303560883506	0.4532729286965404	-0.5514024587664466
255.0871945108108	1.2235276814116738	0.4479868913221807	-0.547563136234571
255.09420112432431	1.2170211506213653	0.44270384650959793	-0.543713725155949
255.10120773783783	1.210410518163089	0.4374254937842096	-0.539852266594353
255.10821435135136	1.2036965528741597	0.4321523379228627	-0.5359800004835311
255.11522096486487	1.196879529233647	0.4268852566818122	-0.5320969729072863
255.12222757837839	1.1899614387790416	0.4216249042295747	-0.5282049583592758
255.1292341918919	1.1829393653766969	0.4163732536812025	-0.5243005067743453
255.1362408054054	1.1758168459582359	0.411130711716577	-0.5203857449579479
255.14324741891892	1.1685946665069473	0.40589855537029634	-0.5164607992294056
255.15025403243243	1.161273339041258	0.4006777065536611	-0.5125256671239484
255.15726064594594	1.1538540535273696	0.3954693798364624	-0.5085805615813984
255.16426725945945	1.146337703671828	0.3902745423779645	-0.50462559961832
255.17127387297296	1.1387255416938884	0.3850944389001707	-0.500661002778543
255.17828048648647	1.1310180020988119	0.3799298611431162	-0.4966867070578226
255.1852871	1.123215849580454	0.3747817694374892	-0.4927029001007708
255.19229371351352	1.115320003906903	0.3696511733104678	-0.4887097430706866
255.19930032702703	1.1073312038694387	0.3645390659327888	-0.4847073419929445
255.20630694054054	1.0992505671551027	0.3594464774129289	-0.4806960185571538
255.21331355405405	1.0910785094340514	0.3543742740384151	-0.4766758033010341
255.22032016756756	1.0828161764289026	0.34932348129087515	-0.47264700736067833
255.22732678108108	1.0744638287661148	0.3442948643465287	-0.4686097213090482
255.2343333945946	1.0660220644203484	0.33928921065603707	-0.46456403039049127
255.2413400081081	1.0574919437581187	0.3343075694620194	-0.4605102684426138
255.2483466216216	1.0488735644786398	0.3293505625188768	-0.4564483436859048
255.25535323513515	1.0401682797514284	0.3244193052176056	-0.45237859684282855
255.26235984864866	1.031377074667991	0.3195147165669341	-0.44830124654380343
255.26936646216217	1.022500700009326	0.3146376549440204	-0.44421639651913436
255.27637307567568	1.0135404397420746	0.3097891767687313	-0.4401243454754641
255.2833796891892	1.0044970329950156	0.30497003989883165	-0.4360251593586889
255.2903863027027	0.9953721525955173	0.30018143217082094	-0.4319192508237707
255.2973929162162	0.9861667239084381	0.29542415741974165	-0.4278067562887065
255.30439952972972	0.9768816768166664	0.290699032917526	-0.4236878034309501
255.31140614324323	0.9675183927045146	0.2860070734464098	-0.4195627350941142
255.31841275675674	0.9580780373522901	0.28134907518929936	-0.4154315553360546
255.32541937027028	0.9485637216180384	0.2767262587958046	-0.4112955284378522
255.3324259837838	0.938973662607074	0.2721392465106998	-0.40715275169513754
255.3394325972973	0.9293113666697959	0.26758902386865063	-0.40300465566963195
255.34643921081081	0.9195799678767791	0.2630767434703343	-0.39885244380363394
255.35344582432433	0.9097776062259676	0.2586029710789409	-0.3946939587760564
255.36045243783784	0.8999083290197563	0.2541687905722269	-0.39053066403949743
255.36745905135135	0.8899764986372942	0.24977549832218002	-0.38636423607863174
255.37446566486486	0.8799788848238995	0.2454235625848924	-0.3821918562680352
255.38147227837837	0.8699203399205846	0.2411138779463913	-0.37801533397323833
255.38847889189188	0.8598030936953058	0.23684746158532208	-0.37383490828347676
255.39548550540542	0.8496328632446106	0.23262568636248288	-0.3696526680621375
255.40249211891893	0.8394049732655189	0.22844879081472108	-0.36546488441038755
255.40949873243244	0.8291262882857245	0.22431786679800883	-0.361274024665142
255.41650534594595	0.8187993212156937	0.22023383741167166	-0.35708021126349265
255.42351195945946	0.8084270069999226	0.21619765094926335	-0.3528836828415241
255.43051857297297	0.7980174965804234	0.21221071640361902	-0.34868741054294233
255.43752518648648	0.7875620606672961	0.20827306849371863	-0.3444856252389144
255.4445318	0.777070929571049	0.20438560322227406	-0.3402819958421107
255.4515384135135	0.7665474328390721	0.20054935178699404	-0.33607664741132653
255.45854502702701	0.7559947034610094	0.1967650513497739	-0.3318697202194596
255.46555164054055	0.7454169752666443	0.1930336607983938	-0.32766153997232844
255.47255825405406	0.7348177694326556	0.18935585678094924	-0.32345224394641475
255.47956486756757	0.724201531017922	0.185732480101508	-0.3192421084393114
255.48657148108109	0.7135714976578529	0.182164042102008	-0.3150313376716041
255.4935780945946	0.7029311644818724	0.17865103323548903	-0.31081999972488744
255.5005847081081	0.6922879226416347	0.1751944220443418	-0.3066097401628111
255.50759132162162	0.681638806835958	0.1717942577884825	-0.30239779980504455
255.51459793513513	0.6709916265089249	0.1684508662479258	-0.29818612422447655
255.52160454864864	0.6603511622904055	0.1651648332804609	-0.29397562104761377
255.52861116216215	0.6497160477857138	0.1619359468809903	-0.28976454613809566
255.53561777567566	0.639091573008059	0.1587643926053792	-0.2855541094362448
255.5426243891892	0.6284802275421306	0.15565020286336143	-0.28134447372925514
255.5496310027027	0.6178861713600236	0.1525936954653201	-0.27713656036650425
255.55663761621622	0.6073066083655925	0.14959395277864546	-0.27292875252806525
255.56364422972973	0.596744459631808	0.14665085194391372	-0.26872203369654274
255.57065084324324	0.586199282926969	0.1437638784816557	-0.26451634157871967
255.57765745675675	0.5756738300824781	0.1409329945126712	-0.2603128418197136
255.58466407027026	0.5651611887214627	0.1381567961131225	-0.2561091027739203
255.59167068378378	0.5546632290421396	0.1354348746723247	-0.2519063980726416
255.5986772972973	0.5441787065280032	0.13276660846027197	-0.24770434023239277
255.6056839108108	0.5337066761469736	0.1301514229307429	-0.24350282263719325
255.61269052432434	0.5232482988737458	0.12758899415187053	-0.23930272036922698
255.61969713783785	0.5127933547944112	0.12507765503533805	-0.23510059011245818
255.62670375135136	0.5023419847749397	0.1226167693342392	-0.23089730949150408
255.63371036486487	0.4918898954794848	0.12020549320424775	-0.2266921665798197
255.64071697837838	0.4814316360698472	0.11784279131150938	-0.22248412019012595
255.6477235918919	0.470960986153274	0.11552768007850026	-0.21827203270389092
255.6547302054054	0.4604709249747543	0.11325912679400127	-0.21405447010846035
255.6617368189189	0.4499599991456248	0.1110369385908464	-0.2098317919649589
255.66874343243242	0.439406963512888	0.10885879020954413	-0.20559736965542166
255.67575004594593	0.4288101956428213	0.1067243704039595	-0.20135138890373372
255.68275665945947	0.41816010878731025	0.10463290593870009	-0.19709083034674268
255.68976327297298	0.4074461371760937	0.10258362735126583	-0.1928123437015606
255.6967698864865	0.39665760176528614	0.10057589183940681	-0.1885119621107607
255.7037765	0.3857809226658589	0.09860888951274377	-0.1841849026929875
255.71078311351351	0.37480268736257644	0.09668205562787956	-0.17982584195585533
255.71778972702703	0.3637061076809304	0.09479463518790492	-0.17542814077944013
255.72479634054054	0.3524740899290463	0.09294612282162706	-0.17098449789513284
255.73180295405405	0.3410850972379594	0.09113574941707726	-0.1664860539946881
255.73880956756756	0.3295159945313884	0.08936290235998619	-0.16192284730728937
255.74581618108107	0.317739874928643	0.0876269176360234	-0.1572831270041639
255.7528227945946	0.3057279387438647	0.08592727830708068	-0.1525538521330947
255.75982940810812	0.29344093588252895	0.08426310947539856	-0.1477178586085056
255.76683602162163	0.2808412427524669	0.08263383771166785	-0.1427576121106068
255.77384263513514	0.2678852999399254	0.0810390907291457	-0.13765315021164687
255.78084924864865	0.25451438588362474	0.07947778170273506	-0.1323782769757856
255.78785586216216	0.24067108207590457	0.07794953200152024	-0.1269063748829879
255.79486247567567	0.22628586121044225	0.07645381826355445	-0.12120583707625775
255.80186908918918	0.21128045052590902	0.07499030804553664	-0.11524056332494675
255.8088757027027	0.19556636973492192	0.07355888351723848	-0.10896977865570534
255.8158823162162	0.17904795136551058	0.07215988212742255	-0.1023487994083149
255.82288892972974	0.16160553899351013	0.07079344790353766	-0.09532350530311022
255.82989554324325	0.1431202355605511	0.0694605380049668	-0.0878381976529542
255.83690215675676	0.12345746562097533	0.06816277020288097	-0.07983001208302909
255.84390877027027	0.10247134884969561	0.06690245139540114	-0.0712306092462057
255.85091538378379	0.08000743907353428	0.0656828754399017	-0.06196669977322102
255.8579219972973	0.055904841806432085	0.0645083577526524	-0.05196117262342251
255.8649286108108	0.030002099762892684	0.06338453610833276	-0.041135092137486846
255.87193522432432	0.0021426943451880198	0.06231840554429959	-0.02940999192943931
255.87894183783783	-0.027814905740986544	0.06131855006680008	-0.016711770567403306
255.88594845135134	-0.05998525327817551	0.06039513740795737	-0.002975479902981781
255.89295506486488	-0.09443282668209851	0.059560252255453375	0.011845714757690931
255.8999616783784	-0.1311841074013726	0.058826330254915245	0.027783611673634516
255.9069682918919	-0.1701588510168964	0.05820746187320517	0.044829537848961286
255.9139749054054	-0.21117791308382194	0.05771792278580373	0.0629353925318274
255.92098151891892	-0.2539299462992029	0.05737132094551778	0.0819999381750327
255.92798813243243	-0.2979479379720331	0.05717946160566569	0.10185867238623802
255.93499474594594	-0.3425915820982787	0.057150940604604863	0.12227556616965247
255.94200135945945	-0.3870387542064725	0.05728958061522885	0.14293833858097435
255.94900797297296	-0.4302904008531134	0.057592942084279654	0.16345880687180178
255.95601458648648	-0.4711934756998818	0.058050968133113064	0.18338030604794114
255.9630212	-0.5084857854707038	0.0586453769666365	0.20219421525005793
255.97002781351352	-0.5408640239719545	0.05934962083206972	0.21936564066407854
255.97703442702704	-0.5670689278503007	0.06012990392476878	0.2343667767782537
255.98404104054055	-0.5859807472232267	0.060946759384868335	0.24671440383496446
255.99104765405406	-0.5967177733634897	0.06175830330364225	0.2560095472188203
255.99805426756757	-0.5987200400978985	0.06252339040069876	0.2619723199979832
256.0050608810811	-0.5918131307646549	0.06320506913249327	0.2644694335480362
256.0120674945946	-0.5762211972293529	0.06377341531003994	0.26352235187039025
256.0190741081081	-0.5525675314124827	0.06420784915342959	0.2593105734141339
256.0260807216216	-0.5218104758226858	0.06449844456055873	0.2521491975072014
256.0330873351351	-0.48516439827915264	0.06464523917916822	0.24246058537066156
256.04009394864863	-0.44400093701884447	0.0646568933885569	0.23073763413796902
256.04710056216214	-0.39974545689764307	0.0645490529807936	0.21750431863117975
256.05410717567565	-0.3537835360856088	0.06434175115074411	0.20327928762799544
256.06111378918916	-0.30738624918740326	0.06405721866841643	0.1885463794940189
256.0681204027027	-0.26165554640828664	0.06371762968131023	0.17373231683468243
256.07512701621624	-0.21749540400401743	0.0633434975074501	0.1591940421603552
256.08213362972975	-0.17560246818997896	0.06295275795280107	0.14521371856445384
256.08914024324326	-0.13647334150335233	0.06256018026753744	0.13200039911659925
256.0961468567568	-0.10042544482717068	0.0621772587565917	0.11969638466750006
256.1031534702703	-0.06762134923872844	0.06181228168601112	0.10838575056833866
256.1101600837838	-0.03809836595190657	0.06147076598289484	0.09810473751708054
256.1171666972973	-0.01179631555916868	0.061155709555649945	0.0888519875482934
256.1241733108108	0.011416304527582662	0.06086860620275302	0.08059768532084866
256.13117992432433	0.031720505993103054	0.060609206640885926	0.07329217080033415
256.13818653783784	0.04932683456546663	0.06037630858218933	0.06687298084868404
256.14519315135135	0.06446173358887596	0.06016807399757805	0.06127027782212045
256.15219976486486	0.07735672816545636	0.05998222145453758	0.05641091583387366
256.15920637837837	0.08824132944391694	0.05981626513450579	0.05222175271047806
256.1662129918919	0.09734315474980476	0.05966772762976373	0.04863152383085238
256.1732196054054	0.10492549188515093	0.05954992215013739	0.04557736615251436
256.1802262189189	0.11142897319283868	0.05944472256463899	0.04295119841191381
256.1872328324324	0.11899440025835668	0.05934415154533129	0.04057885503027318
256.1942394459459	0.12010061398849348	0.0592448924231833	0.03890741389090349
256.20124605945944	0.12279549362971946	0.05915197808600873	0.03740945480548238
256.20825267297295	0.12477078077929903	0.059056810497546616	0.036191027650024486
256.2152592864865	0.12855514569236953	0.058988651694642284	0.035040682011810834
256.2222659	0.12699317568553736	0.05890545716113175	0.03439394124325383
256.22927251351354	0.12695081820739493	0.0588307911238803	0.033799056629100044
256.23627912702705	0.12653240916248595	0.05875100730435368	0.03336064080169536
256.24328574054056	0.12584843221588596	0.05866892676145876	0.03304526873052159
256.25029235405407	0.127338202574595	0.05859874193873959	0.03266591480266833
256.2572989675676	0.12381616619014901	0.0585261549851801	0.03267797232673467
256.2643055810811	0.1220750739155328	0.05844612931696555	0.03265779595127441
256.2713121945946	0.12021744271933628	0.05835773982361484	0.03270708478395804
256.2783188081081	0.11838106230795896	0.05826822266227446	0.03280186140918135
256.2853254216216	0.1189805885686535	0.058172947105356906	0.03273162669670493
256.29233203513513	0.11433673200731233	0.05811459395468368	0.033080172125745
256.29933864864864	0.11188135107546622	0.05802274933143179	0.03331186785826121
256.30634526216215	0.10947549269093772	0.05792533234494833	0.03356628910366656
256.31335187567566	0.10999762521681317	0.05784170220348158	0.033616497053644216
256.3203584891892	0.10510859446693765	0.05775260829453014	0.03404752021916141
256.3273651027027	0.10233844258121069	0.057656491679434325	0.03436570911767155
256.3343717162162	0.0996635462482631	0.05755009760930319	0.034692663613710525
256.3413783297297	0.09709004612059527	0.0574429532652805	0.035019292154702064
256.3483849432432	0.09732382686071793	0.05735130923734352	0.035121416204045304
256.35539155675673	0.0925343167693599	0.057248106715895974	0.03559574118661706
256.3623981702703	0.08971340472208258	0.057143525074718905	0.03594575742787941
256.3694047837838	0.08703062305875285	0.05702736546848788	0.03629382698631415
256.3764113972973	0.08450584608494634	0.056910663504811464	0.03663024988631974
256.38341801081083	0.08623944124143966	0.05680574215319169	0.03662348317107133
256.39042462432434	0.08000675984805403	0.05670091004409586	0.03721045930073669
256.39743123783785	0.07729322266619286	0.05658448504155146	0.03755317037558146
256.40443785135136	0.07471188787503667	0.056460591227934245	0.03788845707891099
256.41144446486487	0.0722533794680379	0.056336781920822816	0.038210417548621936
256.4184510783784	0.07109050557366478	0.05622873046486059	0.03841720309200993
256.4254576918919	0.06827081027744686	0.05610157472302659	0.03873198718140928
256.4324643054054	0.06557702487156693	0.05598904329984752	0.03905265482781198
256.4394709189189	0.06309105853034606	0.05586125657418215	0.0393618422325532
256.4464775324324	0.06073154037030759	0.055733155582686246	0.03965613634084171
256.45348414594594	0.05858623656536863	0.05560322779800953	0.03993062079669889
256.46049075945945	0.062083977834823854	0.05546962734270657	0.03973702075363974
256.46749737297296	0.05459147748692686	0.05536644743487815	0.04039795693095981
256.47450398648647	0.05218137536466477	0.0552358985048799	0.040677080079777765
256.4815106	0.04992413623273485	0.05510217964701761	0.04094188032714502
256.4885172135135	0.0480597801549723	0.05497367315114987	0.0411676332583963
256.495523827027	0.04727272855473528	0.05482805282493099	0.041282666657101036
256.50253044054057	0.04403787575586874	0.054724776274973644	0.04159322232586519
256.5095370540541	0.041799911092905796	0.054590612560244674	0.041834114305614185
256.5165436675676	0.03973654647888798	0.054455342613809715	0.04205711360272998
256.5235502810811	0.04086554400843198	0.05433389531901434	0.042017199166581365
256.5305568945946	0.03638771453025709	0.054203148711088965	0.04239141399873925
256.5375635081081	0.034120279716599033	0.05407472951683362	0.04260788933945858
256.54457012162163	0.0320325074081962	0.053938943433167415	0.042810248753680016
256.55157673513514	0.030027258040225505	0.05380270056626847	0.04300093680180095
256.55858334864865	0.027956240698970923	0.05366704764936246	0.04319071694475321
256.56558996216216	0.02511295453954604	0.053566587986319046	0.04341952384299757
256.5725965756757	0.023992809098282834	0.05342990118096547	0.04352550373999373
256.5796031891892	0.022291281528605197	0.05329131139627596	0.043670419903541174
256.5866098027027	0.020596232219106406	0.05315283991457073	0.04380874663828638
256.5936164162162	0.018891553290706013	0.05301390751133247	0.04394285035736671
256.6006230297297	0.017143016122757277	0.05287473564483835	0.044075882893823096
256.60762964324323	0.015380102625975316	0.052737611246688014	0.04420424325984722
256.61463625675674	0.01363409042920255	0.052603828550044814	0.0443242389622031
256.62164287027025	0.011935112846362507	0.05247178029122437	0.04443414901690005
256.62864948378376	0.01027354376865676	0.052338127037665556	0.04453706784133064
256.63565609729727	0.008607434190586006	0.052203891325189516	0.0446361632922616
256.6426627108108	0.00694369906483351	0.0520708547492919	0.04472988309263346
256.64966932432435	0.005310825016963376	0.051938556117456985	0.04481614687809372
256.65667593783786	0.003705066697049138	0.051805755099774135	0.04489604907550777
256.66368255135137	0.002104588728700449	0.05167300926071442	0.04497113066626568
256.6706891648649	0.0005166405055164993	0.05154085541526608	0.045040534652286905
256.6776957783784	-0.0010488163551983787	0.051408864824497295	0.04510373055521337
256.6847023918919	-0.0025986468285101455	0.05127694240111324	0.04516136105242002
256.6917090054054	-0.004136743446174297	0.051145320689459976	0.04521367023117447
256.6987156189189	-0.005658243079681781	0.0510139635882395	0.0452603769123044
256.70572223243244	-0.007164090270520162	0.05088287103910852	0.045301673392736594
256.71272884594595	-0.008656495758003648	0.05075201990311844	0.04533778925284485
256.71973545945946	-0.01013410940495918	0.05062153686464396	0.045368641479574
256.72674207297297	-0.011596428890711283	0.050491280677864604	0.04539430389363803
256.7337486864865	-0.01304406076224182	0.05036132178101117	0.04541489523229313
256.7407553	-0.014473928866074556	0.0502317439154017	0.045430221610961004
256.7477619135135	-0.01588094524096561	0.05010238989795803	0.04543997696703502
256.754768527027	-0.01731068187757905	0.04997362653913826	0.04544775371392777
256.7617751405405	-0.01868808959170787	0.04984536354859901	0.04544780873986337
256.76878175405403	-0.020062042140877326	0.049717068485209515	0.04544416880063783
256.77578836756754	-0.021428250590758247	0.04958951723491243	0.04543636621603182
256.78279498108105	-0.022764145627051802	0.04946213208287898	0.04542288869310095
256.7898015945946	-0.02409135240522607	0.04933507236256798	0.04540543587491499
256.79680820810813	-0.025404411732098515	0.049208565619620635	0.045383613453846186
256.80381482162164	-0.026700766583374152	0.049082495541459756	0.04535737572592737
256.81082143513515	-0.027983082054165512	0.048956918143885524	0.04532700336728173
256.81782804864866	-0.029250400400483996	0.048831865127915805	0.045292532420777305
256.8248346621622	-0.030502317118253547	0.048707339322400824	0.045254021355567844
256.8318412756757	-0.031738707965793374	0.048583347849263596	0.04521153974501375
256.8388478891892	-0.03295908234891277	0.0484599164668164	0.045165160459064616
256.8458545027027	-0.034163432257499314	0.04833703888936768	0.045114931222896885
256.8528611162162	-0.03535148756432075	0.048214731619140874	0.04506093067461194
256.85986772972973	-0.03652300177159174	0.048093004861884614	0.04500324991888168
256.86687434324324	-0.03767754416828731	0.04797186868235819	0.044941940043877096
256.87388095675675	-0.03881482060377312	0.04785134558801901	0.0448770555755465
256.88088757027026	-0.039934952718120975	0.04773143964893969	0.04480870949486527
256.88789418378377	-0.041037584731219615	0.04761219137214242	0.044736960914135496
256.8949007972973	-0.0421186019568897	0.04749356688085554	0.04466155058926936
256.9019074108108	-0.04317538366117314	0.047375405594433116	0.0445822925702592
256.9089140243243	-0.04421642085870363	0.04725791115614292	0.04449991104036181
256.9159206378378	-0.04523656000120468	0.04714104950391301	0.04441402635740689
256.9229272513513	-0.04623803162248615	0.0470248358765051	0.04432485829103199
256.9299338648649	-0.047220647228378675	0.04690928317098213	0.04423243030058164
256.9369404783784	-0.048183917484365166	0.04679437386563521	0.04413674057555098
256.9439470918919	-0.04912844901888115	0.046680126700702214	0.044037856188936804
256.9509537054054	-0.050054272796161405	0.04656654296313164	0.043935841433015946
256.95796031891894	-0.05096045103193717	0.04645359114326259	0.0438305867669438
256.96496693243245	-0.05184845858116005	0.0463413025749938	0.04372226820632538
256.97197354594596	-0.05271746589392867	0.046229678810480734	0.04361084863736195
256.97898015945947	-0.05356788745732813	0.04611868235500589	0.043496317958714996
256.985986772973	-0.05439978777140749	0.04600833165297306	0.04337869172104965
256.9929933864865	-0.05521337745834636	0.04589846217305992	0.043257940133704174
257.0	-0.055946948479	0.045788983188	0.043129191309
