t	CL	CD	CM
250.0003931	3.538281550799999e-5	0.038861259839	2.2441726013999994e-5
250.0073997135135	-4.3125408658526424e-7	0.03890637069837298	-8.712904464417153e-8
250.01440632702702	-3.526249528334984e-7	0.03864461253860229	-3.7785180883245976e-8
250.02141294054053	-3.00185609743686e-7	0.038446126554450406	-5.198676215867477e-9
250.02841955405404	-2.7060807362299745e-7	0.038285591762077235	1.0693145272389181e-8
250.03542616756755	-2.579600374331943e-7	0.03815070214333391	1.395637206907837e-8
250.0424327810811	-2.651172902298485e-7	0.03803441923958051	4.348262741835475e-9
250.0494393945946	-2.701479903473768e-7	0.03793229570037264	-4.2666515163736035e-9
250.0564460081081	-2.7779813618981445e-7	0.0378413197739667	-1.3815130456144987e-8
250.06345262162162	-2.8246176349622117e-7	0.03775935482874901	-2.0803662526292113e-8
250.07045923513513	-2.8104840217271575e-7	0.037684828020372034	-2.3632497999388852e-8
250.07746584864864	-2.771112012794789e-7	0.03761653500505026	-2.422963861885188e-8
250.08447246216215	-2.6931045674470145e-7	0.037553559168634426	-2.219025475481178e-8
250.09147907567566	-2.6134794400598323e-7	0.037495179049945	-1.9914331914917432e-8
250.09848568918918	-2.5040270515496704e-7	0.03744080081377901	-1.608861911381682e-8
250.1054923027027	-2.3795040064861885e-7	0.03738994154822916	-1.1431542058153168e-8
250.11249891621623	-2.2463257449923864e-7	0.03734219905767486	-6.469922679872124e-9
250.11950552972974	-2.1325134032723987e-7	0.0372972393118668	-2.7979039999365607e-9
250.12651214324325	-1.9860389660706337e-7	0.03725477674410081	2.6297031982796425e-9
250.13351875675676	-1.841699447362543e-7	0.03721456992605928	7.890611663708016e-9
250.14052537027027	-1.7091525391479578e-7	0.03717640937898007	1.2514208609552984e-8
250.14753198378378	-1.5686123902423537e-7	0.03714010177548474	1.767278420258148e-8
250.1545385972973	-1.3972398622171666e-7	0.03710550223855542	2.467006815250718e-8
250.1615452108108	-1.2247588232536114e-7	0.03707247528716795	3.1824182707856937e-8
250.1685518243243	-1.045928729112321e-7	0.03704089729383353	3.9397609676716166e-8
250.17555843783782	-8.373050875891365e-8	0.037010658175699596	4.8724839755833426e-8
250.18256505135136	-6.162970317256058e-8	0.03698166120981131	5.876018274967832e-8
250.18957166486487	-3.5572184171028236e-8	0.036953819610808104	7.103477195023736e-8
250.19657827837838	-7.2598950241652625e-9	0.03692705589014063	8.45533652423161e-8
250.2035848918919	2.4084172557440857e-8	0.03690129897219495	9.972124666590356e-8
250.2105915054054	6.051278553169596e-8	0.036876485602908855	1.1770977800463452e-7
250.21759811891891	1.0056403720482521e-7	0.036852558360470224	1.37619841221285e-7
250.22460473243243	1.4742678912112827e-7	0.03682946393926963	1.612664320366095e-7
250.23161134594594	2.0020513537203635e-7	0.036807154543527565	1.8809021519250727e-7
250.23861795945945	2.5897737057188355e-7	0.03678558614943798	2.1810734990034851e-7
250.24562457297296	3.2801754816003644e-7	0.036764718268967184	2.536831059616658e-7
250.2526311864865	4.0647790294809603e-7	0.03674451319741334	2.9430399691515353e-7
250.2596378	4.945862971240553e-7	0.036724932788442695	3.4002304710330974e-7
250.26664441351352	5.977181569573772e-7	0.03670594117478126	3.9382233786613854e-7
250.27365102702703	7.145050034006829e-7	0.036687520630596306	4.5482270068011366e-7
250.28065764054054	8.499263685291863e-7	0.03666964201270008	5.257708848943232e-7
250.28766425405405	1.0049133031392871e-6	0.036652278598578794	6.070782632099384e-7
250.29467086756756	1.1847933946335322e-6	0.03663540613702705	7.014353927609847e-7
250.30167748108107	1.3927464320978267e-6	0.036619002133509625	8.109117871512346e-7
250.30868409459458	1.632375325559111e-6	0.03660304529435672	9.371678889320526e-7
250.3156907081081	1.911098238574356e-6	0.03658751619213427	1.0842638129934877e-6
250.32269732162163	2.2337288625362343e-6	0.03657239653617609	1.2547010601553345e-6
250.32970393513514	2.609618321321708e-6	0.03655766889429651	1.453574244833423e-6
250.33671054864865	3.0458785596191046e-6	0.03654331697818167	1.6846142949122614e-6
250.34371716216216	3.5532617411997117e-6	0.036529325388646804	1.953631814684133e-6
250.35072377567568	4.143645993559842e-6	0.03651568007589515	2.266970598853756e-6
250.3577303891892	4.831250961332526e-6	0.03650236718335555	2.63228786364809e-6
250.3647370027027	5.631838466362369e-6	0.03648937399110473	3.0580101247651775e-6
250.3717436162162	6.566141548832584e-6	0.03647668829664198	3.5553227428366896e-6
250.37875022972972	7.655210471362747e-6	0.036464298450834105	4.135459855786195e-6
250.38575684324323	8.92291453726212e-6	0.036452193673384106	4.811144882894034e-6
250.39276345675674	1.040153940798746e-5	0.03644036377274524	5.599779266366801e-6
250.39977007027028	1.2126850643286484e-5	0.03642879881780632	6.520527881526483e-6
250.4067766837838	1.413934265764232e-5	0.03641748945099532	7.595075018506109e-6
250.4137832972973	1.6485012413003597e-5	0.036406426702458215	8.848008354087683e-6
250.4207899108108	1.9220253996203548e-5	0.036395602405079906	1.030957596941322e-5
250.42779652432432	2.241203728633599e-5	0.03638500832832981	1.2015705329331578e-5
250.43480313783783	2.6134427955708523e-5	0.036374636955036246	1.4006035930941236e-5
250.44180975135134	3.0478335079423157e-5	0.03636448090288388	1.63293208628008e-5
250.44881636486485	3.5542785847581215e-5	0.03635453309394194	1.9038456290882783e-5
250.45582297837836	4.145013158606047e-5	0.03634478696924186	2.219903919979354e-5
250.46282959189188	4.834138618272013e-5	0.03633523627702432	2.5886581204768723e-5
250.46983620540541	5.637876965306142e-5	0.036325874795124696	3.018789041633884e-5
250.47684281891893	6.57611438261385e-5	0.03631669679559327	3.52097135420666e-5
250.48384943243244	7.670037978516689e-5	0.03630769651022748	4.106509587626005e-5
250.49085604594595	8.946293685264604e-5	0.03629886884929753	4.7896936019587146e-5
250.49786265945946	0.00010434828035643831	0.036290208572563584	5.586564755431639e-5
250.50486927297297	0.00012171640895845853	0.036281711705824136	6.516352813501672e-5
250.51187588648648	0.00014197510395747722	0.036273373334401414	7.600939819475698e-5
250.5188825	0.00016560836958488698	0.03626518769945422	8.866225336959759e-5
250.5258891135135	0.00019318026156376163	0.03625715070689657	0.0001034241617765374
250.532895727027	0.0002253415562276649	0.036249258358475256	0.00012064337573308807
250.53990234054055	0.0002628627953307646	0.036241506602994876	0.00014073265340594897
250.54690895405406	0.00030663399561036504	0.036233891629058955	0.00016416836154106398
250.55391556756757	0.0003576935704726026	0.03622640989890461	0.00019150641735402846
250.56092218108108	0.00041725999706409373	0.036219057800525964	0.00022339929223871
250.5679287945946	0.0004867483536900641	0.036211831913621054	0.0002606045316536766
250.5749354081081	0.000567811644380183	0.03620472894941959	0.0003040071438033236
250.58194202162161	0.0006623763952029667	0.03619774573156859	0.000354638475706665
250.58894863513513	0.0007726958397520935	0.03619087919297314	0.00041370497489593273
250.59595524864864	0.0009013848139073561	0.03618412656075162	0.00048260639368559834
250.60296186216215	0.0010515078785824595	0.0361774849632193	0.0005629835438539468
250.6099684756757	0.001226629841052736	0.036170951749662394	0.0006567447948769981
250.6169750891892	0.001430906928462985	0.0361645243649555	0.000766115065434979
250.6239817027027	0.0016691972316082988	0.036158200435945295	0.0008936953434952868
250.63098831621622	0.0019471590367416353	0.03615197759517195	0.0010425146484991433
250.63799492972973	0.002271376919131568	0.036145853887115935	0.0012160976990165055
250.64500154324324	0.0026495512020979282	0.0361398274296874	0.001418566884767546
250.65200815675675	0.003090634164887544	0.03613389647451491	0.0016547139671554433
250.65901477027026	0.0036050831650230332	0.03612805968051449	0.0019301369639847877
250.66602138378377	0.004205067547044541	0.03612231593688412	0.0022513494905833293
250.67302799729728	0.004904777395148114	0.03611666477197029	0.002625946802282769
250.68003461081082	0.005720731136130473	0.036111106072522686	0.003062769808836882
250.68704122432433	0.006672174054736089	0.03610564058294684	0.0035721183968711657
250.69404783783784	0.0077815128342404805	0.036100270057604064	0.004165983663390257
250.70105445135135	0.009074786537433955	0.036094997307260575	0.004858299230440339
250.70806106486486	0.010582410410330737	0.036089824050974786	0.005665339700278958
250.71506767837838	0.01233962182087788	0.036084762015004206	0.0066059577031331385
250.7220742918919	0.014387423122648275	0.03607982129183357	0.00770208796016294
250.7290809054054	0.016773396392571166	0.036075015873013434	0.008979181253123405
250.7360875189189	0.019552872308363774	0.036070366547181154	0.01046682857609163
250.74309413243242	0.022789930466952248	0.0360659017019391	0.012199293469409716
250.75010074594593	0.026558762473502688	0.036061660468056256	0.014216237812716274
250.75710735945947	0.030945289945015803	0.03605769623419093	0.016563582335720438
250.76411397297298	0.03604883371923154	0.03605408177841671	0.019294393591407923
250.7711205864865	0.04198378650560852	0.03605091628995637	0.022469769493573682
250.7781272	0.048881879997142996	0.036048333933999664	0.026160039474880416
250.7851338135135	0.05689466167151695	0.03604651647561872	0.030446073252014313
250.79214042702702	0.0661954386431157	0.03604570922195914	0.03542029701187296
250.79914704054053	0.07698205419827332	0.03604624241057654	0.041188150920986516
250.80615365405404	0.08947996658528844	0.03604855974278774	0.047869693069279066
250.81316026756755	0.10394400032055938	0.0360532577500949	0.05560048175817153
250.82016688108106	0.12066151122186562	0.03606113333768486	0.06453319795025486
250.8271734945946	0.13995364279566774	0.036073248722481834	0.0748382227895864
250.83418010810811	0.1621773073946695	0.036091016566552676	0.08670456589957187
250.84118672162163	0.18772525002385806	0.03611630775421602	0.10033973415213343
250.84819333513514	0.21702366391768066	0.03615158744308418	0.1159682562559031
250.85519994864865	0.2505291841013088	0.03620008935008428	0.13382982331963802
250.86220656216216	0.28872308417881765	0.03626602445341499	0.1541758490148298
250.86921317567567	0.3320984082421819	0.036354833450673606	0.17726218563436674
250.87621978918918	0.3811429311087963	0.0364734681695087	0.20333956519976495
250.8832264027027	0.43632886496601897	0.03663072507503721	0.23264746621458504
250.8902330162162	0.49806621682302177	0.03683762409223458	0.2653887887706111
250.89723962972974	0.5666799845905374	0.03710772623014644	0.3017167409482103
250.90424624324325	0.6423589156133497	0.037457488536971326	0.3417069232074532
250.91125285675676	0.7251083509255796	0.037906521866506095	0.3853314273965074
250.91825947027027	0.8146887365264331	0.038477658327265706	0.4324248691336486
250.92526608378378	0.9105602848130998	0.039196761170610245	0.48265635695033826
250.9322726972973	1.0119113249898755	0.040091493886318004	0.535550678010608
250.9392793108108	1.1174887845725918	0.041190496882555515	0.590387910661013
250.94628592432431	1.2256522649821593	0.042521526910168764	0.6462386586660391
250.95329253783783	1.3343818939399366	0.04410903715666208	0.7019713517879285
250.96029915135134	1.441334280443327	0.0459712491346635	0.7562858049598351
250.96730576486488	1.5439171680576789	0.04811728209360331	0.8077582590856042
250.9743123783784	1.6395464344601292	0.05054394406593682	0.8549813435120017
250.9813189918919	1.725681911115287	0.05323325576068909	0.8965962591154001
250.9883256054054	1.800083389452549	0.056151944476748136	0.9314209975159617
250.99533221891892	1.8609754237897043	0.05925181212201538	0.9585424178357426
251.00233883243243	1.9071908001443958	0.06247267950718644	0.9773915322706984
251.00934544594594	1.938247699569782	0.06574660269105556	0.9877860173213068
251.01635205945945	1.9544267571652705	0.06900343453956259	0.9899640220907377
251.02335867297296	1.95668788233397	0.07217665024831388	0.9845370968873588
251.03036528648647	1.9465633250456884	0.07520897986600912	0.9724335525395029
251.0373719	1.9260519730723367	0.07805648295268475	0.954826264795002
251.04437851351352	1.8974031000061873	0.08069192736723392	0.933018746170156
251.05138512702703	1.8629257394209893	0.08310619756414057	0.9083388456352555
251.05839174054054	1.8248664242960237	0.08530713869901593	0.8820685108420638
251.06539835405405	1.7852485023358335	0.0873170556758279	0.8553459990322767
251.07240496756756	1.7457851720071587	0.08916922142989334	0.8291234616891592
251.07941158108108	1.7078429625971985	0.09090413244798656	0.8041435592127568
251.0864181945946	1.672409759835163	0.09256480874921733	0.7809189904089414
251.0934248081081	1.6400971402240314	0.09419257700385793	0.7597372280903738
251.1004314216216	1.6112344992449112	0.09582536410870399	0.7407207169333523
251.10743803513512	1.5858875619799313	0.09749425829809205	0.7238372130428683
251.11444464864866	1.5639354584565337	0.0992230040103665	0.7089518707544927
251.12145126216217	1.5451569929754523	0.10102843856043107	0.695881457051544
251.12845787567568	1.5292804067314643	0.10292154562562224	0.6844270992671759
251.1354644891892	1.5160044182038448	0.10490743207973671	0.6743852009615822
251.1424711027027	1.5050385023125021	0.10698727755631174	0.6655718423812738
251.1494777162162	1.496136860370606	0.10916032611196795	0.657842173584383
251.15648432972972	1.4890576726381897	0.11142222802702766	0.6510604564535202
251.16349094324323	1.4836869030587183	0.11377484029898406	0.6451824485158144
251.17049755675674	1.4799474912117287	0.11622093894904528	0.6401870942724377
251.17750417027025	1.4776889755933984	0.11875712645845457	0.6360040506047716
251.1845107837838	1.4767916389173779	0.12138044498275395	0.6325802270800873
251.1915173972973	1.4771663151501702	0.12408966092196644	0.6298808705597544
251.19852401081081	1.4787058675661393	0.12688262322266627	0.627858241560845
251.20553062432433	1.4813623575373407	0.129760808936625	0.626499520406614
251.21253723783784	1.485007452540179	0.1327199047485162	0.62573480888246
251.21954385135135	1.489578647255986	0.13575939715993585	0.6255341112521043
251.22655046486486	1.4949495717165149	0.1388743503628846	0.62582325392407
251.23355707837837	1.501054722178611	0.14206397293540382	0.6265659864978664
251.24056369189188	1.5077950286481685	0.1453251260000853	0.6277028990620955
251.2475703054054	1.515091893171764	0.14865555973228692	0.6291861957718966
251.25457691891893	1.5228679990613723	0.15205257237651498	0.6309676531519107
251.26158353243244	1.5310362795532264	0.155512127364737	0.6329923298966375
251.26859014594595	1.5395407505586216	0.1590316600833176	0.6352230312503917
251.27559675945946	1.5482979875257499	0.1626056597066153	0.6376068259069665
251.28260337297297	1.557268969681728	0.1662321496780237	0.6401178186101605
251.28960998648648	1.5663908702277338	0.16990616161497116	0.6427149563021587
251.2966166	1.575628303693705	0.17362495173020914	0.6453755632232671
251.3036232135135	1.5849481030019004	0.1773862100399808	0.6480786330658798
251.31062982702701	1.5943239388719879	0.1811871603387924	0.6508078013374103
251.31763644054053	1.6037428072784068	0.1850273515550337	0.6535552256298656
251.32464305405406	1.6131875168586525	0.18890459737180923	0.656311590567196
251.33164966756758	1.622653806475829	0.1928186446257188	0.6590746305086387
251.3386562810811	1.6321335882371721	0.19676884310549958	0.6618401995633183
251.3456628945946	1.641628082731625	0.20075530779305717	0.6646112621006526
251.3526695081081	1.6511390023941717	0.20477824835760006	0.6673897600769664
251.35967612162162	1.660668754948565	0.208838271835071	0.6701785926136061
251.36668273513513	1.6702222942120366	0.2129363658423717	0.6729820087702978
251.37368934864864	1.6798017643245224	0.21707327759405323	0.6758023719772877
251.38069596216215	1.689412538410737	0.2212501553625969	0.678643866107962
251.38770257567566	1.6990546174424106	0.22546763758976823	0.6815071866395677
251.3947091891892	1.7087310165315877	0.22972677155957338	0.6843944745604603
251.4017158027027	1.718443365954575	0.2340287057515968	0.6873072185368476
251.40872241621622	1.728194857131829	0.23837460727963114	0.6902474466622591
251.41572902972973	1.7379864953472346	0.2427657336529422	0.6932157906479788
251.42273564324324	1.7478176005371377	0.24720283234421603	0.6962114526248392
251.42974225675675	1.7576900854738884	0.2516873874446077	0.6992350595768102
251.43674887027026	1.7676011797639128	0.25621997785713313	0.7022843339254645
251.44375548378378	1.7775505878169087	0.26080171954466347	0.7053583069279259
251.4507620972973	1.7875361244499977	0.2654334584188029	0.7084547026323653
251.4577687108108	1.7975565420180026	0.2701162782680816	0.7115717328245618
251.46477532432434	1.8076089261309212	0.27485098686937276	0.7147065653008614
251.47178193783785	1.8176907616384934	0.2796384466020664	0.7178566432348994
251.47878855135136	1.8278016854903771	0.2844799986266954	0.7210206174446896
251.48579516486487	1.8379375753735852	0.28937638349556166	0.7241949161860359
251.49280177837838	1.8480989585432581	0.29432923064246763	0.7273787592869809
251.4998083918919	1.8582837325970232	0.2993397091867611	0.7305700856677388
251.5068150054054	1.868493240901952	0.3044100235192125	0.7337685789818233
251.5138216189189	1.8787260973752236	0.3095412650745312	0.7369730148073446
251.52082823243242	1.8889846973681612	0.3147356491776973	0.7401836878791275
251.52783484594593	1.8992690543014936	0.3199951891407502	0.7434001131840546
251.53484145945944	1.90958342745557	0.3253226164048419	0.7466242881648586
251.54184807297298	1.9199291454838898	0.33072036767664864	0.7498564026278627
251.5488546864865	1.930308955775415	0.3361911961321401	0.7530978276033222
251.5558613	1.9407242791542743	0.34173766164297187	0.7563491662355932
251.56286791351351	1.9511780971645956	0.3473625782595577	0.7596122362348161
251.56987452702703	1.961671972451335	0.35306867954452686	0.7628881244149425
251.57688114054054	1.9722081209915667	0.35885882351813236	0.7661784564705022
251.58388775405405	1.9827869636068476	0.3647355528593487	0.7694839424490997
251.59089436756756	1.9934089444954208	0.3707013202969983	0.7728057291928455
251.59790098108107	2.004073576992748	0.3767584640268429	0.7761443996165404
251.60490759459458	2.014778655906416	0.3829086208459122	0.7795000547799559
251.61191420810812	2.025520697035819	0.38915315668855194	0.7828724020446002
251.61892082162163	2.0362985083052925	0.3954940456026962	0.7862625952476762
251.62592743513514	2.047106736295655	0.4019318533813283	0.7896695825755585
251.63293404864865	2.0579433164518615	0.40846820388497695	0.7930943622841117
251.63994066216216	2.068801419595807	0.4151026889001715	0.796535395714689
251.64694727567567	2.0796765980478287	0.421835774737426	0.7999925199999662
251.65395388918918	2.090562541522761	0.428667125347889	0.8034645631280025
251.6609605027027	2.101455392261788	0.43559693533508675	0.8069513186869899
251.6679671162162	2.1123490312646465	0.44262453880624064	0.8104515991076741
251.67497372972971	2.1232371880155987	0.44974870251052695	0.8139641046307273
251.68198034324325	2.1341164335588694	0.45696933842794596	0.8174882193177638
251.68898695675676	2.144983568023437	0.4642855390596516	0.8210236348658648
251.69599357027028	2.155833942399536	0.4716962138999174	0.8245690416267679
251.7030001837838	2.1666644104546204	0.4792002839283403	0.828123724731846
251.7100067972973	2.177472530584204	0.48679695390674543	0.8316870069591135
251.7170134108108	2.1882580165393004	0.49448609203693317	0.8352590278566107
251.72402002432432	2.1990175715117704	0.5022661886616827	0.8388387676507894
251.73102663783783	2.2097483386927697	0.5101362708409477	0.8424253942270259
251.73803325135134	2.2204511048263837	0.5180959755572628	0.8460196879484959
251.74503986486485	2.2311246676141248	0.5261444691848478	0.8496210771594106
251.7520464783784	2.2417682523070677	0.5342810019298176	0.8532294296335267
251.7590530918919	2.2523813425394215	0.5425051982204032	0.8568447916583524
251.7660597054054	2.2629608795189675	0.5508153909707447	0.8604662792071465
251.77306631891892	2.2735051792108742	0.5592104584635998	0.864093632864226
251.78007293243243	2.284015999811864	0.5676909331207529	0.867728077403344
251.78707954594594	2.294492087735623	0.5762558008905654	0.8713694069059887
251.79408615945945	2.3049328392481163	0.5849043744236005	0.8750177142442241
251.80109277297296	2.3153375273660606	0.5936361621601012	0.8786733033268792
251.80809938648648	2.3257042107385835	0.6024500224812086	0.8823360210921605
251.815106	2.336032402037018	0.6113456169707047	0.8860061717660308
251.82211261351353	2.3463205944567247	0.620321929872499	0.8896836545895584
251.82911922702704	2.3565692788802495	0.629378926945594	0.8933692271259822
251.83612584054055	2.366776447703058	0.6385155175060723	0.8970624779288813
251.84313245405406	2.376941331242582	0.6477310267549946	0.9007638099753954
251.85013906756757	2.387063736194016	0.6570254724122886	0.904473892997295
251.85714568108108	2.397141822238791	0.6663976056118607	0.9081922803138716
251.8641522945946	2.4071752316612094	0.6758468738357268	0.9119189807642528
251.8711589081081	2.417163493702877	0.6853730014452045	0.9156540486735366
251.8781655216216	2.427109117143715	0.6949762951135527	0.9193993236524227
251.88517213513512	2.437003327193196	0.7046528014863588	0.9231504619163675
251.89217874864863	2.4468490942970296	0.7144038886464268	0.9269099949845021
251.89918536216217	2.456644344115986	0.724228398631742	0.9306774398430683
251.90619197567568	2.466387665641113	0.7341255954773973	0.9344528923791511
251.9131985891892	2.4760796608889883	0.7440956170444966	0.9382374136015972
251.9202052027027	2.4857187758544086	0.7541373278338834	0.9420305063317047
251.92721181621621	2.4953030023462923	0.7642494196701269	0.945831453804827
251.93421842972973	2.5048406763245694	0.7744349135419274	0.9496447253698509
251.94122504324324	2.5143143263476855	0.7846859123956745	0.953461332402521
251.94823165675675	2.5237301291800294	0.7950050151345838	0.9572852847751862
251.95523827027026	2.533087314067954	0.8053913365827947	0.9611166644165213
251.96224488378377	2.5423835146588503	0.8158432553328692	0.9649544543791078
251.9692514972973	2.551616665775238	0.8263590474360318	0.9687977879428452
251.97625811081082	2.560786809616413	0.8369386151272439	0.9726475064700885
251.98326472432433	2.569893265765521	0.8475814323672566	0.9765042125532608
251.99027133783784	2.578935133507299	0.8582864596138996	0.9803675439029658
251.99727795135135	2.5879116507192017	0.8690529832658457	0.9842376278989758
252.00428456486486	2.596823806530557	0.8798810460518958	0.9881153364396748
252.01129117837837	2.6056681356026	0.8907684201407726	0.9919990270254019
252.01829779189188	2.6144439639642205	0.901714366715411	0.995888682696877
252.0253044054054	2.6231490913931594	0.9127171212218024	0.9997833279311407
252.0323110189189	2.631785284259338	0.9237769547581091	1.003684270927812
252.03931763243244	2.6403503124606944	0.9348924216745398	1.0075904924378183
252.04632424594595	2.6488431532998598	0.9460623084389933	1.0115016732751274
252.05333085945946	2.6572634860780955	0.9572859551539086	1.0154179911535097
252.06033747297298	2.6656102396228585	0.9685624357920872	1.0193395595550547
252.0673440864865	2.6738850861646104	0.9798920310385865	1.0232676740367044
252.0743507	2.6820856180119685	0.9912731128355018	1.027201113361191
252.0813573135135	2.690210343473765	1.0027041448330467	1.031138920826516
252.08836392702702	2.6982616721387362	1.0141859051827102	1.0350828365169378
252.09537054054053	2.7062366935382727	1.0257167264333886	1.0390317910008886
252.10237715405404	2.7141343942390717	1.037295459420372	1.0429854620918622
252.10938376756758	2.721955947330108	1.0489222631567243	1.046944769626962
252.1163903810811	2.729697875531084	1.0605946613108528	1.050907653030287
252.1233969945946	2.7373621016807013	1.0723131863932254	1.0548756522449023
252.1304036081081	2.744943754444265	1.084074546067117	1.058846301189617
252.13741022162162	2.7524466029813834	1.0958805648969474	1.0628222924050077
252.14441683513513	2.759866653139697	1.1077283453374525	1.0668013273893922
252.15142344864864	2.767205100148699	1.1196180002454947	1.0707842943933126
252.15843006216215	2.774463436621452	1.1315497292274312	1.0747718939067128
252.16543667567566	2.7816372854752442	1.1435204214852202	1.078761733591201
252.17244328918918	2.7887293431031486	1.1555312692399042	1.0827556819909165
252.17944990270271	2.795735750964642	1.1675791799817394	1.0867514138553482
252.18645651621623	2.8026568720152163	1.1796639721834261	1.0907494237897382
252.19346312972974	2.8094932897710083	1.1917852979606143	1.0947507533301917
252.20046974324325	2.816241192049056	1.2039403219432072	1.09875290528754
252.20747635675676	2.8229011967027264	1.2161290329981702	1.102756593478349
252.21448297027027	2.8294726494699174	1.2283503279506656	1.1067619995746418
252.22148958378378	2.835958065894534	1.2406053492209315	1.110771162631032
252.2284961972973	2.842351850594455	1.25288991703526	1.1147804314486185
252.2355028108108	2.8486554827772883	1.2652044864607639	1.1187907699372803
252.2425094243243	2.8548683898104583	1.2775479854413243	1.1228021443001541
252.24951603783782	2.8609919752527846	1.2899204204525037	1.1268156209347135
252.25652265135136	2.867021727995607	1.302318336477662	1.1308280360584828
252.26352926486487	2.8729602730231534	1.314742723784424	1.1348411436338421
252.27053587837838	2.878807479293345	1.3271927196164823	1.1388549306942997
252.2775424918919	2.8845621858247386	1.3396668816445403	1.142868905501177
252.2845491054054	2.8902238178702824	1.3521641308033587	1.1468828105434505
252.29155571891891	2.8957922871321102	1.3646837264702412	1.1508966502243065
252.29856233243243	2.901270031410398	1.3772263781703056	1.1549120267508888
252.30556894594594	2.9066521318874927	1.3897883197171939	1.158925658582081
252.31257555945945	2.9119416519522145	1.4023704805359023	1.1629392679787105
252.31958217297296	2.917135219073146	1.4149707273586873	1.1669516618828437
252.3265887864865	2.9222339294196127	1.4275887366310542	1.1709634094661336
252.3335954	2.927237800891602	1.4402239269261095	1.1749746063679347
252.34060201351352	2.9321477961230484	1.4528761042887048	1.1789855163345564
252.34760862702703	2.93696436244443	1.4655444042450725	1.18299574955141
252.35461524054054	2.9416863658373664	1.4782272861567545	1.1870044178814638
252.36162185405405	2.9463136251303346	1.4909239488892565	1.1910115148582898
252.36862846756756	2.9508462435887193	1.5036335239113099	1.195017049721301
252.37563508108107	2.955284496028775	1.5163555558906543	1.1990209198219128
252.38264169459458	2.9596280530700736	1.5290886120825067	1.203022580525616
252.3896483081081	2.963877252852744	1.541832430869179	1.2070222792096554
252.39665492162163	2.968032323553828	1.5545864973638586	1.211020406026648
252.40366153513514	2.972093505698775	1.5673500280379613	1.215016644938946
252.41066814864865	2.976059843216292	1.5801219501254857	1.2190105038394505
252.41767476216216	2.9799314125041936	1.5929010889888573	1.2230016414082878
252.42468137567568	2.983707873944333	1.6056867894309677	1.2269899366213701
252.4316879891892	2.987395527328017	1.6184822652388229	1.2309795956022234
252.4386946027027	2.9909823428897573	1.6312786300803142	1.234961300079341
252.4457012162162	2.9944716901010686	1.6440779982385536	1.2389387635636353
252.45270782972972	2.997863857060798	1.6568798931340936	1.2429120221427967
252.45971444324323	3.001159100397137	1.6696837514642262	1.2468810559578052
252.46672105675677	3.004356869957505	1.6824879275510558	1.2508449016135212
252.47372767027028	3.007457713396641	1.6952922980251555	1.2548036804831082
252.4807342837838	3.010462534827447	1.708096655474009	1.2587574997022726
252.4877408972973	3.013370382341639	1.7208996946280066	1.2627059222569512
252.4947475108108	3.016180483524654	1.7337000331623091	1.2666483945209337
252.50175412432432	3.0188883685948187	1.7464935401907051	1.2705809714099139
252.50876073783783	3.0215058248009017	1.7592881815944612	1.2745113878772552
252.51576735135134	3.0240256592736805	1.7720778107256654	1.2784347396443385
252.52277396486485	3.026447960687727	1.7848617548545693	1.2823508242789001
252.52978057837836	3.0287732375819485	1.7976394999264602	1.2862591760635862
252.5367871918919	3.0310003178050544	1.810409482604661	1.2901583603559903
252.54379380540541	3.033130095190284	1.8231716841793797	1.294049088944212
252.55080041891893	3.035161112875091	1.8359242860980258	1.2979302817479021
252.55780703243244	3.037092047776874	1.8486655737919921	1.3018010427637392
252.56481364594595	3.0389215877003166	1.8613939311313912	1.3056602866676221
252.57182025945946	3.040648002510726	1.8741072391690703	1.309506611818816
252.57882687297297	3.0422697448252993	1.8868034374349338	1.3133385523661056
252.58583348648648	3.0437860621233863	1.8994812227078095	1.3171552093115941
252.5928401	3.0451954462071433	1.9121387206459624	1.3209553030541044
252.5998467135135	3.0464953679735753	1.9247728346168977	1.3247364011012535
252.606853327027	3.047683082607845	1.9373807795016227	1.3284963490594666
252.61385994054055	3.048756251261897	1.9499600642770072	1.3322330218208596
252.62086655405406	3.0497095765724804	1.9625056007017918	1.33594244002511
252.62787316756757	3.0505402714686656	1.9750142270725148	1.339622395095397
252.63487978108108	3.0512423216052498	1.9874801191931688	1.3432681441098693
252.6418863945946	3.051810919173761	1.999898358879451	1.3468755010798756
252.6488930081081	3.0522393979868045	2.0122629267570953	1.3504392852344573
252.65589962162161	3.0525195825862217	2.0245658125240564	1.3539530409895073
252.66290623513513	3.052641564465767	2.036798199021363	1.3574093154217872
252.66991284864864	3.0525955886870304	2.048951190838415	1.3608006903200436
252.67691946216215	3.0523683326070836	2.0610126184633195	1.3641168006731945
252.68392607567569	3.051947213456485	2.0729708654586974	1.3673480117461703
252.6909326891892	3.051313725801386	2.0848091205734836	1.3704805484437166
252.6979393027027	3.050448036616799	2.0965093346661154	1.3734992183849315
252.70494591621622	3.0493289900851024	2.108052292186597	1.3763879054779622
252.71195252972973	3.047927940565485	2.1194119770939563	1.3791251255330603
252.71895914324324	3.0462132685929286	2.1305599059246485	1.3816872177707948
252.72596575675675	3.044152590050012	2.1414662332116277	1.3840492329985283
252.73297237027026	3.0417036203934678	2.1520920220068223	1.3861785808560065
252.73997898378377	3.038818337613635	2.162393011463755	1.3880384999362605
252.74698559729728	3.0354411360268942	2.1723181856714864	1.3895868703975638
252.75399221081082	3.031507042316426	2.181807236053123	1.3907738552444675
252.76099882432433	3.0269459633612086	2.1907949042720256	1.3915459001727435
252.76800543783784	3.0216722292614775	2.1992009303156275	1.3918369501491534
252.77501205135135	3.0155865549451804	2.2069323283384485	1.3915708551492358
252.78201866486486	3.008580730043495	2.2138866764062803	1.3906642283348434
252.78902527837838	3.0005255862645037	2.2199413971768056	1.3890174625273484
252.7960318918919	2.9912747385988734	2.2249563870447218	1.386516954705728
252.8030385054054	2.980668006199309	2.228777622550961	1.383038579199909
252.8100451189189	2.9685148491096114	2.2312211831579383	1.3784340010791234
252.81705173243242	2.954609518393343	2.232086546966617	1.3725429155746913
252.82405834594596	2.938712779179903	2.2311391064299357	1.3651780450194262
252.83106495945947	2.920569494011219	2.22812662309422	1.356139361583732
252.83807157297298	2.899887999450024	2.222759122995918	1.3451973646007058
252.8450781864865	2.876359241357727	2.2147252851178725	1.3321076766522753
252.8520848	2.849647523088603	2.203684530035043	1.3166041513110218
252.8590914135135	2.819399259130188	2.189273289223276	1.298405246017823
252.86609802702702	2.785248320205041	2.1711101498516814	1.2772180562011597
252.87310464054053	2.746828781720178	2.1488073408706203	1.2527480416614503
252.88011125405404	2.7037882484748397	2.1219826024947306	1.2247098885673147
252.88711786756755	2.655808793569526	2.090278700158498	1.1928429296830578
252.8941244810811	2.6026261732086278	2.0533830669053303	1.1569268543307727
252.9011310945946	2.5440615016730628	2.0110572887664264	1.1168080987515363
252.90813770810811	2.4800886062884206	1.9632042386943525	1.072450958919934
252.91514432162163	2.4108181097925927	1.9098547152774001	1.0239287751361368
252.92215093513514	2.3365668414992684	1.8512364414137847	0.9714774423462696
252.92915754864865	2.2579378126559138	1.7878561630550274	0.9155587208743817
252.93616416216216	2.1757747688347924	1.7204597420552874	0.8568285989104947
252.94317077567567	2.0912133062876777	1.6500863174868543	0.7961782225866414
252.95017738918918	2.0057528966178526	1.5781445860084347	0.734786786460835
252.9571840027027	1.92108980058391	1.5062544081588065	0.6739978283468745
252.9641906162162	1.8391480461827028	1.4362805315865248	0.6153382802192608
252.97119722972974	1.7619501202857435	1.370208319853742	0.560416561574773
252.97820384324325	1.6915668046889722	1.3100956023249972	0.5108766076928274
252.98521045675676	1.6297870423757097	1.2577444867192114	0.4681457766269679
252.99221707027027	1.5781480243591868	1.2147263631450156	0.43344486652674935
252.99922368378378	1.5377540829066323	1.1821973795017329	0.40764584912188107
253.0062302972973	1.509021602578114	1.1606302415032657	0.3910792246432365
253.0132369108108	1.4923029796389535	1.1504569611060376	0.3839832584748494
253.02024352432431	1.4868884677370002	1.1510336211109107	0.3857752551884718
253.02725013783783	1.4917533242816972	1.161398763766801	0.39560430425404736
253.03425675135134	1.5054921213028394	1.1802023418948273	0.41231369899201403
253.04126336486488	1.5264500668151881	1.2058355362323305	0.43454728556886213
253.04826997837839	1.5528705470059656	1.2365785884920715	0.4608719967353814
253.0552765918919	1.5830179396887434	1.2707254089286422	0.4898779814131571
253.0622832054054	1.615283856703863	1.3066907164087862	0.5202630673622984
253.06928981891892	1.6482584300468315	1.3430842523973865	0.5508923758089311
253.07629643243243	1.6807737617801641	1.3787558395751902	0.5808329496019475
253.08330304594594	1.7119133823619663	1.412805603652425	0.6093604465059697
253.09030965945945	1.741010604355749	1.4445832904181999	0.6359572160406276
253.09731627297296	1.767623452530853	1.473663694659563	0.6602909202745719
253.10432288648647	1.7915054039497431	1.4998172047274136	0.6821885062139653
253.1113295	1.8125631608275385	1.5229675814002663	0.7016017147964413
253.11833611351352	1.830832024203916	1.5431668574889439	0.7185864493846941
253.12534272702703	1.8464291431999575	1.5605483264709685	0.7332636620649624
253.13234934054054	1.85954512719345	1.5753180642639382	0.7458130590169271
253.13935595405405	1.870405328953219	1.5877160364566252	0.7564409201336207
253.14636256756756	1.8792497836045885	1.5979954485023455	0.7653625353463256
253.15336918108108	1.886332497988315	1.6064227352910043	0.7728021287166027
253.1603757945946	1.8919002376069984	1.6132558800961136	0.7789754650161894
253.1673824081081	1.89618774314473	1.6187397814763949	0.7840861776388478
253.1743890216216	1.8994056562317037	1.6230941063156825	0.7883154475045342
253.18139563513515	1.9017607089138835	1.626534459829318	0.7918398810232459
253.18840224864866	1.9034116708368671	1.6292266523170447	0.7947927607335232
253.19540886216217	1.9045086793838013	1.6313276100477625	0.797299365038916
253.20241547567568	1.905172991653475	1.6329644528701173	0.7994599380441194
253.2094220891892	1.9054970445783523	1.634234651515033	0.8013484561501684
253.2164287027027	1.9055529253838708	1.635214960016139	0.8030215036187957
253.2234353162162	1.9053983109992225	1.6359669831635837	0.8045236034283578
253.23044192972972	1.9050818571006192	1.6365433041412578	0.8058929622579609
253.23744854324323	1.9046383197893113	1.6369819558067182	0.807156352306256
253.24445515675674	1.9040954290103937	1.6373131664432765	0.8083341587223771
253.25146177027028	1.9034821427824407	1.6375688060766718	0.80945027599605
253.2584683837838	1.9028132596997709	1.6377652401034999	0.8105145172901627
253.2654749972973	1.9021055309428267	1.637921059042217	0.8115404496743065
253.27248161081081	1.9013732357893054	1.6380516073360247	0.8125394623630646
253.27948822432433	1.9006225995163442	1.6381643086228173	0.8135154832779019
253.28649483783784	1.8998639293720643	1.638270204731592	0.8144770691757977
253.29350145135135	1.8991041574956673	1.63837646574859	0.815429712456436
253.30050806486486	1.8983440202683417	1.6384844255038267	0.8163729238773287
253.30751467837837	1.8975867780824442	1.6385974076090415	0.8173093501267855
253.31452129189188	1.8968340215002542	1.6387169647228241	0.818239803356551
253.3215279054054	1.8960862651691266	1.638843418387365	0.8191643354342848
253.32853451891893	1.89534500228814	1.638977622866312	0.8200841681578734
253.33554113243244	1.8946085244011024	1.6391177626611775	0.8209966386212988
253.34254774594595	1.8938777971278384	1.6392641893696858	0.821903095625945
253.34955435945946	1.8931526855520275	1.6394160907072857	0.8228033709695282
253.35656097297297	1.892433138800873	1.6395727402827989	0.8236972216322019
253.36356758648648	1.8917187343884312	1.6397330640681034	0.8245842808945931
253.3705742	1.891008504177374	1.6398953919893953	0.8254637832551598
253.3775808135135	1.8903015366376297	1.6400581275090644	0.8263349952222094
253.38458742702701	1.8895964489662003	1.6402192215140683	0.8271967361872333
253.39159404054053	1.8888921236093705	1.6403769053778683	0.8280480795981716
253.39860065405406	1.8881871795608909	1.640529153018937	0.82888790820888
253.40560726756758	1.887477759722279	1.6406718421609703	0.8297121544674969
253.41261388108109	1.8867657860929399	1.6408059870313152	0.8305243140723678
253.4196204945946	1.886046140688864	1.6409263421189357	0.8313181533170229
253.4266271081081	1.8853214838432657	1.6410346520714676	0.832097963291645
253.43363372162162	1.8845860489300925	1.6411251456050875	0.8328565078702059
253.44064033513513	1.8838425746435172	1.6411999445018	0.8335990572918757
253.44764694864864	1.8830885882614645	1.6412561031755466	0.8343217978223192
253.45465356216215	1.8823204016991075	1.6412900325159756	0.8350198057249834
253.46166017567566	1.8815411427377926	1.6413046571304286	0.835701086896961
253.4686667891892	1.8807489117107041	1.6412973130162731	0.8363607983185403
253.4756734027027	1.8799432235880305	1.6412676365213006	0.8369992455985297
253.48268001621622	1.879123818720109	1.6412152659949109	0.8376164928303159
253.48968662972973	1.8782907609803876	1.6411402333692113	0.8382129344900667
253.49669324324324	1.8774443973923622	1.6410428474107197	0.8387892353192712
253.50369985675675	1.8765845701778918	1.6409231197388996	0.8393450193018153
253.51070647027026	1.8757121860663928	1.6407819082785213	0.8398824374516628
253.51771308378378	1.8748278301114445	1.640619826650337	0.8404022766644951
253.5247196972973	1.8739326787953219	1.6404381451672885	0.8409052946318857
253.5317263108108	1.8730267817095676	1.6402371061953889	0.8413925797027157
253.53873292432434	1.8721112334845023	1.6400179137201831	0.841865109463083
253.54573953783785	1.871186750440972	1.639781511358408	0.8423238006595153
253.55274615135136	1.8702550938709268	1.6395299066526992	0.8427703099531394
253.55975276486487	1.8693160310855184	1.6392631246158595	0.8432051963822175
253.56675937837838	1.8683705475203167	1.638982444450064	0.8436294108206739
253.5737659918919	1.8674193984776404	1.6386889508566418	0.8440438784953574
253.5807726054054	1.866463021527899	1.6383834821307626	0.8444492457225123
253.5877792189189	1.8655011779578974	1.638066179710702	0.8448455829553501
253.59478583243242	1.8645343304650428	1.6377379541269155	0.8452335503714044
253.60179244594593	1.8635621481270452	1.6373989595464342	0.8456130049984626
253.60879905945947	1.86258253615848	1.6370475206810504	0.8459828018055519
253.61580567297298	1.8615957916474757	1.6366844757800438	0.846342877776346
253.6228122864865	1.8605986200403117	1.6363069857027752	0.8466913113963347
253.6298189	1.8595890039220573	1.635913614161678	0.8470264614331934
253.63682551351351	1.8585623185038396	1.6355002101273364	0.8473452083227385
253.64383212702703	1.8575163271343653	1.635065155330462	0.8476453343150074
253.65083874054054	1.8564446694649828	1.6346025765240175	0.8479222405507838
253.65784535405405	1.8553410878082819	1.6341067583523725	0.8481711557768884
253.66485196756756	1.8541980417419117	1.6335706981420517	0.8483862505319327
253.67185858108107	1.8530063726292287	1.632985750518035	0.8485603858715935
253.6788651945946	1.8517553485903635	1.6323416960885115	0.8486852069395564
253.68587180810812	1.8504322848452115	1.6316263206415458	0.8487507799776668
253.69287842162163	1.84902066275397	1.630823534945125	0.8487446048248901
253.69988503513514	1.8475048738568705	1.6299183712383505	0.8486538178623548
253.70689164864865	1.8458631234288405	1.6288893594502252	0.8484616321183694
253.71389826216216	1.8440712806064536	1.6277127640190874	0.8481489987622871
253.72090487567567	1.8420998387456462	1.6263594083433044	0.8476930968828221
253.72791148918918	1.839918226511931	1.6247993357457224	0.8470692655486964
253.7349181027027	1.83748710920962	1.6229934355701414	0.846246808840675
253.7419247162162	1.8347604005995206	1.620895855453835	0.8451897965892635
253.74893132972971	1.831689234543692	1.618458327888081	0.8438591297458458
253.75593794324325	1.8282111538825172	1.6156183646773674	0.8422061777617541
253.76294455675676	1.8242596524124504	1.6123101491682104	0.8401780724030946
253.76995117027028	1.819752669188573	1.6084514871149438	0.8377106110535927
253.77695778378379	1.8146012486770384	1.6039541700310798	0.8347332431659826
253.7839643972973	1.8086970568959946	1.5987097112241968	0.831161120861307
253.7909710108108	1.8019229962812908	1.5926017698215706	0.8269014326133479
253.79797762432432	1.7941375321490034	1.5854888161639618	0.8218434760281622
253.80498423783783	1.7851861371205187	1.5772169071007345	0.8158652388050123
253.81199085135134	1.7748911671189076	1.5676089986074537	0.8088270419092307
253.81899746486485	1.7630556325882614	1.5564691270810487	0.8005737532335587
253.8260040783784	1.7494506668714254	1.543568914998232	0.7909264187640452
253.8330106918919	1.7338310615881272	1.5286645444802582	0.779692255582547
253.8400173054054	1.7159228854788329	1.5114838392834231	0.7666568335536228
253.84702391891892	1.6954288044236898	1.491731741111218	0.751587813217576
253.85403053243243	1.6720259636461066	1.4690880735232044	0.734233948923788
253.86103714594594	1.6453865701943775	1.4432295990652153	0.7143396849782183
253.86804375945945	1.6151595530546494	1.4138104278963206	0.6916342864541745
253.87505037297296	1.580994787560422	1.3804868101583292	0.665849187516347
253.88205698648648	1.542575346931874	1.3429511169200758	0.6367424297922591
253.8890636	1.4995933598487854	1.3009060070225498	0.6040846121585394
253.89607021351353	1.4518322855334582	1.2541493093759872	0.5677184993850978
253.90307682702704	1.399133985250744	1.2025386780559975	0.5275395044717353
253.91008344054055	1.3414928703308588	1.1460887601557748	0.483565414635966
253.91709005405406	1.2790617659381636	1.0849751513064183	0.4359436704469065
253.92409666756757	1.2122112051908422	1.0195935624560661	0.3849977359633726
253.93110328108108	1.1415401032236294	0.9505702791180755	0.3312318054347227
253.9381098945946	1.0679146436709266	0.8787970242154717	0.27536891202459035
253.9451165081081	0.992508049171234	0.8054714728208757	0.2183696269879771
253.9521231216216	0.9167627059241689	0.7320537897262511	0.1614052146935941
253.95912973513512	0.8423632177251833	0.6602360542998256	0.1058325738997931
253.96613634864866	0.7712259174883264	0.5919270798086125	0.05317582453775922
253.97314296216217	0.7051786389635987	0.528927319359821	0.004888388358130828
253.98014957567568	0.6462492188224399	0.47321845810808005	-0.037449669677222644
253.9871561891892	0.5960739403154296	0.42636599392293467	-0.07257312852744537
253.9941628027027	0.5560333605115837	0.3896575571134564	-0.0994433701123818
254.00116941621621	0.5268820448396874	0.3637405890827454	-0.11751059748086846
254.00817602972973	0.5094101279701215	0.3492731238614907	-0.12627598259383305
254.01518264324324	0.5033262859431313	0.34585004681625986	-0.12603568255197006
254.02218925675675	0.5079864189880281	0.35270931327940624	-0.11739277895494607
254.02919587027026	0.522295197730861	0.36865550602485525	-0.10129889602968195
254.0362024837838	0.5448261055298458	0.39218604275686986	-0.07895617531967666
254.0432090972973	0.573950032799419	0.42162413151407613	-0.05171190215473085
254.05021571081082	0.6079508353067341	0.45523679933982825	-0.020963480492980156
254.05722232432433	0.6451601852429397	0.49136692496652257	0.011945500149822683
254.06422893783784	0.6840544495735967	0.5285265187894003	0.04580502163819132
254.07123555135135	0.7232969757006081	0.5654343656469422	0.0795662918271767
254.07824216486486	0.7617771947219301	0.6010502503681787	0.11237506505249402
254.08524877837837	0.7986660452984932	0.6346197473564604	0.14360721042855523
254.09225539189188	0.8333454277576449	0.6656038587048061	0.1728151321677178
254.0992620054054	0.8654316618103288	0.693694403038097	0.1997402314289607
254.1062686189189	0.8947123580237328	0.7187495132618215	0.2242608352635935
254.11327523243244	0.921115591518637	0.740760163782725	0.24636335029819023
254.12028184594595	0.9446887225825022	0.7598279559503233	0.26612586682965783
254.12728845945946	0.9655475808410001	0.7761144773739168	0.28367407598924865
254.13429507297298	0.9838496023392521	0.7898145451580875	0.29915959208644816
254.14130168648649	0.9997908235973282	0.8011546155372757	0.31276005352614455
254.1483083	1.0135702414024519	0.8103577725169491	0.3246490327285702
254.1553149135135	1.0253880799207074	0.8176426596533491	0.3349960494974554
254.16232152702702	1.0354298242215147	0.823208658247926	0.3439539764743851
254.16932814054053	1.0438917301556616	0.8272627511831813	0.3516843563733748
254.17633475405404	1.050926789097014	0.8299651308453578	0.35830865290888597
254.18334136756758	1.0566951515395462	0.831481485567147	0.3639552075986264
254.1903479810811	1.0613367994852603	0.8319552248380647	0.36873477381741154
254.1973545945946	1.064979370469413	0.8315155670210123	0.3727480015109859
254.2043612081081	1.067737914798571	0.8302781049330566	0.37608536745624294
254.21136782162162	1.0697171672205468	0.8283468785524967	0.3788290412076332
254.21837443513513	1.0710129350921616	0.8258159866698458	0.3810542066805552
254.22538104864864	1.0717105566294651	0.8227684944391047	0.3828273828205094
254.23238766216215	1.0718894499995286	0.8192805423220919	0.3842107011306404
254.23939427567566	1.0716208187285965	0.8154197761025208	0.3852594632354103
254.24640088918918	1.0709717541887773	0.8112488222120882	0.3860258334844718
254.25340750270271	1.0700016499762954	0.8068227118049546	0.38655566149797027
254.26041411621623	1.0687686796278981	0.8021941721125745	0.38689401293670606
254.26742072972974	1.0673025738064776	0.797390298470251	0.38706257316732684
254.27442734324325	1.0656566820669764	0.7924616345730757	0.38710500580299345
254.28143395675676	1.0638493509530895	0.7874251535217577	0.38703415923673423
254.28844057027027	1.0619008521401352	0.7822999280517956	0.38686551693541366
254.29544718378378	1.0598260313624428	0.7771001688642662	0.38661018982812756
254.3024537972973	1.0576355449854271	0.7718359559718545	0.3862759917708195
254.3094604108108	1.0553380027479753	0.7665156164197692	0.3858691259353434
254.3164670243243	1.052932468210351	0.7611378274814028	0.38538693959805137
254.32347363783785	1.0504372341460322	0.7557215386739543	0.3848462351084345
254.33048025135136	1.0478500111193645	0.750264309316774	0.3842432889165842
254.33748686486487	1.0451733527451954	0.7447689433828835	0.38357975043126835
254.34449347837838	1.0424106269644868	0.7392389022971203	0.38285792982888395
254.3515000918919	1.0395643231380882	0.7336768320222412	0.38207959622107207
254.3585067054054	1.0366362813107102	0.7280849203318623	0.3812460639293963
254.36551331891891	1.033623186017268	0.7224593630864026	0.38035243624236836
254.37251993243243	1.0305380068930057	0.7168143050766157	0.3794133577713995
254.37952654594594	1.0273772391090215	0.7111465481820193	0.37842370839489026
254.38653315945945	1.0241415633474922	0.7054571070964897	0.37738405205781494
254.39353977297299	1.0208326526160056	0.6997478834744637	0.3762957813446653
254.4005463864865	1.017451054849017	0.6940199470124133	0.3751594968479381
254.407553	1.013997743392172	0.6882747754139602	0.3739759466944694
254.41455961351352	1.0104729697102672	0.6825131584133273	0.37274549752817326
254.42156622702703	1.0068706193450112	0.6767281586588558	0.3714597631636453
254.42857284054054	1.003203558971024	0.6709356219226859	0.3701368510456498
254.43557945405405	0.9994644482186049	0.6651286802458916	0.3687670483832881
254.44258606756756	0.9956536542564319	0.6593080007954601	0.3673507730241858
254.44959268108107	0.9917710014216149	0.6534741803355516	0.36588804744234593
254.45659929459458	0.9878069397363	0.6476159661572061	0.36436457750272
254.4636059081081	0.98377989137044	0.6417559247179745	0.36280976804012355
254.47061252162163	0.9796804256951736	0.6358853751593679	0.36120828792917403
254.47761913513514	0.9755085382534652	0.6300043165222334	0.35956058681440856
254.48462574864865	0.9712640169270051	0.6241131642256501	0.3578667649470047
254.49163236216216	0.966947302621049	0.6182131210615005	0.3561276318700336
254.49863897567568	0.9625203479858848	0.6122460461790078	0.3542786973821245
254.50564558918919	0.9580902353671943	0.6063769905399624	0.35250660128140815
254.5126522027027	0.953553943170405	0.600452069284899	0.35062766768972164
254.5196588162162	0.948945799711781	0.5945202635590229	0.34870404809765826
254.52666542972972	0.9442658171847702	0.5885833051626284	0.3467367551949127
254.53367204324323	0.9395130302581951	0.5826406132021174	0.34472374528994865
254.54067865675677	0.9346887244935694	0.5766947950240454	0.3426677806441506
254.54768527027028	0.9297921614487351	0.5707451664535539	0.3405670891112207
254.5546918837838	0.9248236435038634	0.5647933717625861	0.3384235701677453
254.5616984972973	0.9197832645462785	0.5588399866909876	0.33623671769420216
254.5687051108108	0.9146709674761297	0.552885622115042	0.33400673762829985
254.57571172432432	0.9094860565618901	0.5469300156111063	0.33173267263174244
254.58271833783783	0.9042291676680161	0.5409749059520269	0.3294162184732933
254.58972495135134	0.8989000890083825	0.5350206555109411	0.32705730862881954
254.59673156486485	0.8934987989254393	0.5290678665914772	0.3246556246843385
254.60373817837836	0.8880251997518348	0.5231177583180766	0.3222127198339316
254.6107447918919	0.8824786299494523	0.5171697169561247	0.31972663629884907
254.61775140540541	0.8768590015762697	0.5112248891922061	0.31719852477460037
254.62475801891893	0.8711660111170652	0.5052841520736964	0.31462928644622057
254.63176463243244	0.8653991846418143	0.4993472060207672	0.31201720995903115
254.63877124594595	0.8595582628776419	0.4934152844329545	0.30936412302419836
254.64577785945946	0.853642820239503	0.487488498843391	0.3066691262252269
254.65278447297297	0.8476524814442017	0.4815667315598486	0.3039315022368561
254.65979108648648	0.8415868541580782	0.4756514650514495	0.30115305958658567
254.6667977	0.8354452660310446	0.4697422186671384	0.29833223298433237
254.6738043135135	0.8292269496716432	0.4638396343138167	0.2954697597082211
254.68081092702704	0.822931297619178	0.4579440899280338	0.2925653339604566
254.68781754054055	0.8165581919434047	0.45205603678776907	0.2896187496804108
254.69482415405406	0.8101059533893759	0.4461752271633803	0.28662938539735844
254.70183076756757	0.803574670012848	0.4403018913923546	0.2835963840988501
254.70883738108108	0.796962124267738	0.43443643020406636	0.2805205401862083
254.7158439945946	0.7902678138272698	0.4285788285695062	0.2774006758779446
254.7228506081081	0.7834910799765286	0.4227293977084761	0.27423664316581264
254.72985722162161	0.7766310267297201	0.41688828490340996	0.2710280160026045
254.73686383513513	0.7696866290216346	0.41105566916658526	0.2677742953777435
254.74387044864864	0.7626568576198222	0.40523168539860116	0.26447497535257875
254.75087706216217	0.7555406744359555	0.39941650472249185	0.26112958385044616
254.75788367567569	0.748337277653021	0.39361056381338305	0.25773787746073396
254.7648902891892	0.7410444444839435	0.3878133343303175	0.2542990566095576
254.7718969027027	0.7336637454622327	0.3820258972076097	0.25081279015389574
254.77890351621622	0.7261932459835289	0.37624828945816363	0.24727882849540264
254.78591012972973	0.7186323307176639	0.370480890761339	0.24369691749172237
254.79291674324324	0.7109804843119191	0.36472412491811185	0.24006686934333604
254.79992335675675	0.7032360562812953	0.3589783406344156	0.2363888663639837
254.80692997027026	0.6954017559612823	0.35324457715305335	0.23266277012508949
254.81393658378377	0.687476215954931	0.34752338057182175	0.22888891638954723
254.82094319729728	0.6794571908026744	0.3418147861468868	0.22506728931120135
254.82794981081082	0.67134906856917	0.3361205540433037	0.2211985908300669
254.83495642432433	0.663150631314152	0.33044149361169056	0.21728329135118005
254.84196303783784	0.6548587989058224	0.3247768668528817	0.21332126007931956
254.84896965135135	0.6464799004244907	0.31912976674769034	0.20931438340714878
254.85597626486486	0.63800985126193	0.3134997948606625	0.20526273506429923
254.86298287837838	0.6294554543747406	0.30788968724640814	0.20116846250387493
254.8699894918919	0.6208119144051705	0.3022989808909582	0.19703155414206686
254.8769961054054	0.6120868198171783	0.2967305630469839	0.19285466919446972
254.8840027189189	0.6032754424002097	0.2911840171164898	0.18863783599550243
254.89100933243242	0.5943830990071272	0.2856619467955154	0.18438344833687936
254.89801594594596	0.585415637223368	0.28016643927077367	0.18009440929108567
254.90502255945947	0.576368026926602	0.27469757949090257	0.1757706756446985
254.91202917297298	0.5672457212071229	0.2692574859736319	0.17141509870083713
254.9190357864865	0.558058070093011	0.2638494379620963	0.1670320900259079
254.9260424	0.5487960456867675	0.25847215757004444	0.16262019723762114
254.9330490135135	0.5394680031847938	0.2531287443949416	0.15818340039691953
254.94005562702702	0.5300843750936648	0.24782275541786916	0.1537266618826339
254.94706224054053	0.520632400291741	0.24255113041511578	0.1492469710483565
254.95406885405404	0.5111232781105666	0.23731837521194746	0.14474961537470804
254.96107546756755	0.5015607541083945	0.23212619708320528	0.14023754772317892
254.9680820810811	0.491947989407479	0.22697617062582273	0.1357132735559603
254.9750886945946	0.4823111581263901	0.22187774067300578	0.1311885073578855
254.98209530810811	0.47260364722091075	0.21681276314163273	0.1266457825393637
254.98910192162163	0.46285830026908187	0.21179704133810726	0.12209991354224084
254.99610853513514	0.4530768582938949	0.20683010612782518	0.11755281557572152
255.00311514864865	0.4432485633628218	0.20190932929002728	0.11300144401183453
255.01012176216216	0.4334068121792818	0.197045092093055	0.10846055043312275
255.01712837567567	0.4235389469171212	0.1922330931559044	0.10392628690774224
255.02413498918918	0.413648080607774	0.18747501589722207	0.09940110794166776
255.0311416027027	0.403735686351415	0.1827713726822481	0.09488666032109042
255.03814821621623	0.3938077484114271	0.17812451032178922	0.09038652841507824
255.04515482972974	0.38386465274522136	0.17353450271715484	0.08590178069333976
255.05216144324325	0.37391180540182434	0.16900321271207186	0.08143556773854416
255.05916805675676	0.36394991730349163	0.16453092400531766	0.07698909641698999
255.06617467027027	0.35398347217902376	0.16011910051206396	0.07256515213186612
255.07318128378378	0.3440141211871321	0.1557681205106676	0.06816517402786439
255.0801878972973	0.33404420194770124	0.15147876991991516	0.0637907901579343
255.0871945108108	0.32407775640591835	0.14725212563631165	0.059444252710537014
255.09420112432431	0.31411431745982926	0.14308788962851182	0.055125942820098445
255.10120773783783	0.3041572160940444	0.13898700851649662	0.050837851604891925
255.10821435135136	0.2942086977462297	0.13495003226783103	0.04658129024743875
255.11522096486487	0.2842715918280371	0.1309775433983634	0.04235772217455961
255.12222757837839	0.2743440298620661	0.127068648974427	0.038166613464967275
255.1292341918919	0.2644296123689968	0.12322440671726476	0.03400976678709357
255.1362408054054	0.2545286032005954	0.11944449600057798	0.029887441781352074
255.14324741891892	0.24464177761286335	0.11572883965071291	0.02579982411354251
255.15025403243243	0.23477025972217	0.11207751446914846	0.02174724060186422
255.15726064594594	0.2249140041486471	0.10849013770712274	0.017729537259479514
255.16426725945945	0.21507348587543743	0.10496653735441559	0.013746503651082702
255.17127387297296	0.20524825107557945	0.10150620714986974	0.009797565503962066
255.17828048648647	0.19543831814342574	0.09810885532434492	0.005882237649827847
255.1852871	0.18564257103000126	0.09477379795731311	0.001999498378718954
255.19229371351352	0.17585992377510043	0.09150046683892626	-0.0018516267505983013
255.19930032702703	0.1660889927418654	0.08828790494555577	-0.00567274955100999
255.20630694054054	0.15633032378662032	0.08513608014120051	-0.00946462784132829
255.21331355405405	0.14658162974351086	0.08204407274242519	-0.013229072001685034
255.22032016756756	0.1368409122821335	0.0790110225191703	-0.01696800922572233
255.22732678108108	0.12710416323038842	0.07603542643486653	-0.020684267200095783
255.2343333945946	0.11737319953220071	0.07311745180282013	-0.02437841378900726
255.2413400081081	0.10764467008628216	0.07025608359598558	-0.02805288701654234
255.2483466216216	0.09791341437120661	0.06744958646459283	-0.031711174243554525
255.25535323513515	0.08818190411234783	0.06469833254255851	-0.03535342314556195
255.26235984864866	0.07844591940831633	0.06200114295586683	-0.038982649232436654
255.26936646216217	0.06870137181582538	0.059356545137672696	-0.042601712169754655
255.27637307567568	0.05895102285385358	0.05676524672457082	-0.04621071700909481
255.2833796891892	0.04918862829007511	0.054225509903574394	-0.0498131263536142
255.2903863027027	0.03941727012749649	0.05173790269794134	-0.05340877729514408
255.2973929162162	0.029630742381760822	0.04930086556577603	-0.05700110857721639
255.30439952972972	0.019832506412849716	0.0469150318480953	-0.060589679071551154
255.31140614324323	0.010016014618386573	0.04457873006466097	-0.06417796080121935
255.31841275675674	0.0001854690347885649	0.04229311323767476	-0.06776485505818258
255.32541937027028	-0.009662393997384467	0.04005690852592214	-0.07135213907781325
255.3324259837838	-0.01952811710878577	0.037870456342069606	-0.07494064224058619
255.3394325972973	-0.029407585268644836	0.03573433255117403	-0.07852903824487092
255.34643921081081	-0.03930708630599616	0.033647248572511494	-0.08212022122977519
255.35344582432433	-0.04922351039047977	0.03160987661885367	-0.08571317297516942
255.36045243783784	-0.059152863354827376	0.029622863828412487	-0.08930624627284145
255.36745905135135	-0.06910155832120014	0.027685039244220857	-0.0929020157734575
255.37446566486486	-0.07906464176786976	0.025797456669081224	-0.09649844606042594
255.38147227837837	-0.08903668109074957	0.023961116304629573	-0.10009337431026398
255.38847889189188	-0.09902525211855707	0.022174160063549414	-0.10368949279433418
255.39548550540542	-0.10902563659590174	0.020437984768719917	-0.10728473032703331
255.40249211891893	-0.1190353352042806	0.018752945361142515	-0.11087777335443487
255.40949873243244	-0.12904708116295188	0.017120589146259243	-0.11446535857809152
255.41650534594595	-0.13907322157300886	0.015537243481375642	-0.11805269174979742
255.42351195945946	-0.14910905762632737	0.014005008815045412	-0.12163861147843674
255.43051857297297	-0.1591660677915291	0.012520877978296003	-0.12523111628049188
255.43752518648648	-0.1691401339277298	0.011106964088166107	-0.1288003211222211
255.4445318	-0.17866335678587025	0.009776502232066704	-0.13216616655629154
255.4515384135135	-0.18856949731428246	0.00846168902867879	-0.13558912770608794
255.45854502702701	-0.198710815816387	0.007163774465877255	-0.13918668899970035
255.46555164054055	-0.2088243639268015	0.005923059556669727	-0.1427778576065857
255.47255825405406	-0.21888718864959358	0.0047446970646943774	-0.1463228878112738
255.47956486756757	-0.22898256417225016	0.0036142019595299165	-0.1498812446689719
255.48657148108109	-0.23910485684629637	0.002530783510377526	-0.15345578154710432
255.4935780945946	-0.24919736354581792	0.0015046746858087	-0.15700367678070848
255.5005847081081	-0.2593343427593571	0.0005218025022360002	-0.1605752524418263
255.50759132162162	-0.26956482821438266	-0.0004260792625739338	-0.16421399637745204
255.51459793513513	-0.27974955389492323	-0.0013148301436166395	-0.16781414339671274
255.52160454864864	-0.29004240706294965	-0.002172050057054423	-0.1714879301901224
255.52861116216215	-0.30039180051039266	-0.00298871882334388	-0.17520165481603622
255.53561777567566	-0.3108011631094006	-0.0037654243674042445	-0.1789561499478098
255.5426243891892	-0.3212917688512479	-0.00450585801046309	-0.18276780539200208
255.5496310027027	-0.3318541402738312	-0.005208263678655531	-0.18663048207797622
255.55663761621622	-0.3424965705327176	-0.005874007082589954	-0.19054981380936412
255.56364422972973	-0.35320125079074705	-0.006499994300907822	-0.1945146419395896
255.57065084324324	-0.36395382058463144	-0.007084270264915075	-0.19851381500167695
255.57765745675675	-0.37477539279644445	-0.007629732770049789	-0.20256324636941636
255.58466407027026	-0.38563600278152044	-0.008131534709026708	-0.20664204734223768
255.59167068378378	-0.39653722276126074	-0.008589684790125195	-0.2107507742340725
255.5986772972973	-0.4074628578849228	-0.009001624317477018	-0.21487831024371928
255.6056839108108	-0.4184019532763564	-0.009365808737240112	-0.2190175527171302
255.61269052432434	-0.42934315585566124	-0.009680738775734006	-0.22316097455506245
255.61969713783785	-0.44025354203435957	-0.009942049114098194	-0.22728660566367728
255.62670375135136	-0.45115304825309593	-0.010152738238621482	-0.23140812347501336
255.63371036486487	-0.46201939067682823	-0.010309973549380234	-0.23551103743789215
255.64071697837838	-0.4728463287364154	-0.010413328596156297	-0.23959183037618742
255.6477235918919	-0.48361817076087543	-0.010461194586784572	-0.24364107913232602
255.6547302054054	-0.49432281309651754	-0.010452674605797532	-0.24765172185803425
255.6617368189189	-0.5049480502802071	-0.01038695994754822	-0.25161692497272653
255.66874343243242	-0.5154777700052474	-0.010262859017868553	-0.255527601267311
255.67575004594593	-0.5258926236001179	-0.01007900131637507	-0.25937289806051195
255.68275665945947	-0.53617719678742	-0.009834666945396515	-0.26314420209685113
255.68976327297298	-0.546307792373269	-0.009528257657049375	-0.26682846129543053
255.6967698864865	-0.5562656032298896	-0.00915908636927875	-0.2704160386315893
255.7037765	-0.5660188743835459	-0.008725141714276316	-0.2738899047926408
255.71078311351351	-0.575515415693904	-0.008222923249200471	-0.27721852981760525
255.71778972702703	-0.5847439256134691	-0.0076534463202458675	-0.2803993867157328
255.72479634054054	-0.5936461820293161	-0.007012959907318764	-0.28339902934321665
255.73180295405405	-0.6021784935409195	-0.0062997691634955715	-0.286194056839913
255.73880956756756	-0.6102565831660628	-0.005509041407842184	-0.2887354183248451
255.74581618108107	-0.6178355136403147	-0.004640427662792953	-0.29100162206576086
255.7528227945946	-0.6248187899889049	-0.003688817755981146	-0.2929380808037923
255.75982940810812	-0.6311323039554413	-0.0026523375499237557	-0.29450680184610617
255.76683602162163	-0.6366656002906727	-0.0015266617131884657	-0.2956472085237165
255.77384263513514	-0.6412754725418195	-0.0003061217478716918	-0.2962791011464808
255.78084924864865	-0.6448330719737444	0.0010122216438642106	-0.29633382187111534
255.78785586216216	-0.6471739042599758	0.002433450727113833	-0.2957219730018196
255.79486247567567	-0.6481131940328623	0.003962287431711401	-0.2943435689746177
255.80186908918918	-0.647432544179569	0.005603896695969625	-0.29207940327453397
255.8088757027027	-0.6448888095343146	0.00736300545478618	-0.28879794358923283
255.8158823162162	-0.6402044529134363	0.00924421570962567	-0.28434861930404476
255.82288892972974	-0.6330676953969004	0.011251679003015791	-0.27856294571966067
255.82989554324325	-0.6231192715642512	0.013389020257079396	-0.27124478062263296
255.83690215675676	-0.6099931082896569	0.01565729078907982	-0.26219973864838325
255.84390877027027	-0.5932698874958042	0.01805683819009976	-0.25120193805706137
255.85091538378379	-0.5724928317900542	0.020586152748978945	-0.23800683982924453
255.8579219972973	-0.5471745306183176	0.023240977447760644	-0.22235349904350715
255.8649286108108	-0.5168032795774528	0.026013853175726513	-0.20396953300290627
255.87193522432432	-0.4808619960639102	0.02889314625135745	-0.18258165985589583
255.87894183783783	-0.4388413245241754	0.031862685346131604	-0.15792288378406072
255.88594845135134	-0.3902706625991484	0.03490078755946	-0.129750423619491
255.89295506486488	-0.33474154513920573	0.03798024808698945	-0.09785863212809728
255.8999616783784	-0.2719612762912951	0.04106748677874862	-0.062109427773732094
255.9069682918919	-0.20179164444345352	0.044122960752065836	-0.022453403947040373
255.9139749054054	-0.1243079129099187	0.047101574914253985	0.021037288069695386
255.92098151891892	-0.039859745298088896	0.049953673635832044	0.06813539326753419
255.92798813243243	0.05087762564977756	0.052626908911721525	0.11843100146680147
255.93499474594594	0.14683701101933747	0.05506836244380731	0.17129456287360484
255.94200135945945	0.24655551588851304	0.057228378592007016	0.22587881673507704
255.94900797297296	0.34815121108056457	0.05906346251159618	0.28110605710053516
255.95601458648648	0.4493510841281803	0.06053999121012603	0.335686567155115
255.9630212	0.5475860763835635	0.06163806845631771	0.38817434010452745
255.97002781351352	0.6400942402965886	0.062353446257227226	0.4370271783673209
255.97703442702704	0.7241151887968349	0.06269905355383161	0.48072029910117087
255.98404104054055	0.7970571303233674	0.06270435706314056	0.517835809265469
255.99104765405406	0.8566473428772569	0.06241318283476639	0.5471446692689005
255.99805426756757	0.9012624208256262	0.06187995919669429	0.5678060363166402
256.0050608810811	0.9298903967470852	0.061165010401783446	0.5793177151487693
256.0120674945946	0.9423666537290625	0.060329696480838794	0.5816798996890526
256.0190741081081	0.9393130984084924	0.05943010101453183	0.5753240559680147
256.0260807216216	0.9219503520032692	0.058515740958049546	0.5610165521214555
256.0330873351351	0.8921377104352508	0.05762491846984176	0.5398805978145391
256.04009394864863	0.8520778897293005	0.05678477907256622	0.5132160255819357
256.04710056216214	0.8041389456344874	0.05601240300180554	0.4824017659333965
256.05410717567565	0.7507023489982312	0.05531579828744343	0.4488111658144474
256.06111378918916	0.6940118462902913	0.05469567661586243	0.4137256751796274
256.0681204027027	0.6360606393232435	0.05414763798873918	0.3782727344662847
256.07512701621624	0.5785262056829193	0.05366417359298142	0.34339086277176417
256.08213362972975	0.5227381556836895	0.05323591079552598	0.3098123773418985
256.08914024324326	0.4696868948681341	0.05285366121742217	0.2780727717040965
256.0961468567568	0.4200688127269304	0.05250989604507389	0.24854283732291763
256.1031534702703	0.3742908843807515	0.05219605745219537	0.22141852356533148
256.1101600837838	0.33253040509398396	0.05190515914970216	0.19676615443776346
256.1171666972973	0.2947978257563881	0.05163209118206719	0.17456058163730145
256.1241733108108	0.2609766655263511	0.05137255338566293	0.15470547267939516
256.13117992432433	0.2308200322613296	0.05112149490938753	0.13702606636181153
256.13818653783784	0.20406679792302293	0.05087663895581399	0.12135242538956671
256.14519315135135	0.18043752592916146	0.050636647123087054	0.10750983220686088
256.15219976486486	0.15965258275010588	0.05040085265320718	0.09532844349490946
256.15920637837837	0.14144103109379003	0.05016900073689014	0.08464742854353524
256.1662129918919	0.12554505694877025	0.0499411357165345	0.0753159611223775
256.1732196054054	0.11171788100011996	0.04971735718575223	0.06719014621183785
256.1802262189189	0.09972346251114553	0.04949775844140224	0.0601318726809949
256.1872328324324	0.08933838023278765	0.04928229601329398	0.05400967825822408
256.1942394459459	0.08035933053381188	0.0490710146523359	0.04870410165683192
256.20124605945944	0.07260078529255536	0.04886370787658422	0.04410576071452263
256.20825267297295	0.065897541591748	0.048660203254546154	0.040117499696435036
256.2152592864865	0.06010441083818992	0.04846031498511555	0.0366542036262316
256.2222659	0.055094482924321404	0.0482638551624804	0.03364163569101476
256.22927251351354	0.05075713318266015	0.048070653940364985	0.031015344536344292
256.23627912702705	0.04699670154135322	0.04788054724300681	0.028719680400141386
256.24328574054056	0.04373066075758345	0.04769339110822133	0.026706763769613496
256.25029235405407	0.0408869925373193	0.04750900070453757	0.024934816816360793
256.2572989675676	0.03840597681448783	0.04732741685525778	0.023369614337074244
256.2643055810811	0.03623406422822882	0.04714846477098807	0.02198027113887815
256.2713121945946	0.03432596072702069	0.04697206269763132	0.02074076159225545
256.2783188081081	0.03264322913745641	0.04679812193604649	0.019629031759535384
256.2853254216216	0.031152892196849708	0.04662657083169305	0.018626200436945295
256.29233203513513	0.02982654660766452	0.04645734224325171	0.017716004103410666
256.29933864864864	0.028640140882366393	0.04629037308323116	0.016884830449238858
256.30634526216215	0.02757300287746046	0.0461256152286164	0.016121025456783768
256.31335187567566	0.026608170099948616	0.04596301345266019	0.015415032614777422
256.3203584891892	0.025731002317637395	0.04580251655405909	0.014758648415350848
256.3273651027027	0.024929459164016513	0.04564406709575196	0.014145200862194984
256.3343717162162	0.02419351631311314	0.04548761541969229	0.013569214102317727
256.3413783297297	0.023514486423690386	0.04533311571115038	0.013026020895854874
256.3483849432432	0.022885844397011513	0.04518051838155054	0.012512199753233753
256.35539155675673	0.02230232189811959	0.045029775843003716	0.012025069493668866
256.3623981702703	0.021760062556237768	0.04488084546878258	0.011562837748155577
256.3694047837838	0.02125573464157793	0.044733686533465496	0.011124083757023319
256.3764113972973	0.02078770151751818	0.044588261143928234	0.010708384888745577
256.38341801081083	0.020355382288035052	0.04444453196657209	0.010315951122705365
256.39042462432434	0.019958177966134416	0.04430246140449699	0.009947062294133557
256.39743123783785	0.01959677296739006	0.044162019116039765	0.00960276429492374
256.40443785135136	0.019272385516518473	0.04402317784501616	0.009284410932904486
256.41144446486487	0.01898618610376821	0.04388591559745806	0.008993339931044342
256.4184510783784	0.018739727940642492	0.04375022276056409	0.008731072954068254
256.4254576918919	0.018534405331305754	0.04361609647311399	0.008498977434585008
256.4324643054054	0.018371367461051034	0.043483546057978294	0.008298183339716759
256.4394709189189	0.01825110185046172	0.043352594707524936	0.008129275391804833
256.4464775324324	0.01817344589366237	0.04322327293504946	0.007992378408761052
256.45348414594594	0.018137606460036582	0.04309561602222216	0.007887044315052799
256.46049075945945	0.018141976218100493	0.04296965108191014	0.007812213198770961
256.46749737297296	0.01818424433433584	0.04284539315438876	0.007766205723248152
256.47450398648647	0.01826058355881384	0.042722920317174215	0.007746379121096227
256.4815106	0.018367350018837804	0.04260223686786556	0.0077500139800546295
256.4885172135135	0.018500077306893757	0.042483372081249436	0.007773852868345767
256.495523827027	0.018654192294309355	0.04236633933433799	0.00781450880645958
256.50253044054057	0.01882497801530181	0.04225110729523747	0.007868504614211567
256.5095370540541	0.019008310469180868	0.04213779298441184	0.007932751337866573
256.5165436675676	0.019200029884656133	0.04202631297177666	0.008004199616752115
256.5235502810811	0.019396657286182756	0.04191667517298263	0.008080276234120054
256.5305568945946	0.019594754960845628	0.04180884885352335	0.00815836401937922
256.5375635081081	0.019791280875534722	0.04170284076862969	0.008236215574636926
256.54457012162163	0.019983215246947652	0.041598640094278105	0.008311572251271113
256.55157673513514	0.020167965997734554	0.041496224037520305	0.00838248500443336
256.55858334864865	0.02034302002310127	0.041395539383907595	0.008447067036259241
256.56558996216216	0.020506203595567322	0.04129658544915909	0.008503686526992169
256.5725965756757	0.02065565376601014	0.041199321963361804	0.008550955922765389
256.5796031891892	0.020789601975974865	0.04110371234520518	0.008587471601298757
256.5866098027027	0.020906453720587817	0.04100971360165431	0.008612063444908566
256.5936164162162	0.02100516575388427	0.04091726220411186	0.008623927538483012
256.6006230297297	0.021085323785054	0.040826280222901225	0.008622751530564627
256.60762964324323	0.021147441913700108	0.040736705287661185	0.008608931405421585
256.61463625675674	0.02119287080192706	0.04064847947783717	0.008583453041474263
256.62164287027025	0.021223346291511704	0.04056157261545125	0.008547644425214884
256.62864948378376	0.02124108057130737	0.04047595594620351	0.008503156304476508
256.63565609729727	0.021248017886632626	0.040391605815244355	0.008451456970802
256.6426627108108	0.021246304180466306	0.04030850380569179	0.008394144163576117
256.64966932432435	0.021237650077377348	0.04022662845985374	0.008332497719975483
256.65667593783786	0.02122364454038959	0.04014596573353077	0.00826769786257508
256.66368255135137	0.021205593416553568	0.04006649787081507	0.008200714171134448
256.6706891648649	0.021184556736223208	0.039988210039466995	0.008132329765143446
256.6776957783784	0.021161512336719056	0.03991108846679243	0.008063261403601486
256.6847023918919	0.021137077665061538	0.0398351175938295	0.007993968263282813
256.6917090054054	0.021111902316389833	0.03976026194280231	0.007924925117669124
256.6987156189189	0.021086467328205512	0.03968656500283146	0.007856484378173226
256.70572223243244	0.021061143378957335	0.03961398050598524	0.007788934637286312
256.71272884594595	0.021036417612279493	0.03954249201612346	0.0077225882232009125
256.71973545945946	0.021012506480681863	0.03947209254153952	0.007657626040362431
256.72674207297297	0.020989630342578072	0.03940276947078968	0.007594210306357029
256.7337486864865	0.020967980057466667	0.0393344867126574	0.0075324783849183945
256.7407553	0.0209477811628442	0.039267285391067934	0.00747258675384495
256.7477619135135	0.020929101908734125	0.039201119546560706	0.007414588958690927
256.754768527027	0.020912109415338647	0.0391359799634983	0.007358600874976392
256.7617751405405	0.020896826660583623	0.03907185250237572	0.0073046402472015295
256.76878175405403	0.020883337040722615	0.039008688720384974	0.0072527686073164625
256.77578836756754	0.020871707580318113	0.03894656482871904	0.007203013419788537
256.78279498108105	0.02086191642482373	0.0388854070004286	0.00715536875696276
256.7898015945946	0.020853952905575623	0.03882520894188305	0.007109818410000776
256.79680820810813	0.020847803863270405	0.038765957256289355	0.007066344842619433
256.80381482162164	0.02084339928125603	0.038707640656392074	0.007024892828665249
256.81082143513515	0.020840664833906477	0.03865024598701766	0.0069854010343657425
256.81782804864866	0.02083948832534666	0.03859373386845189	0.006947787650021284
256.8248346621622	0.020839805830817557	0.038538154550065956	0.006911989121200661
256.8318412756757	0.02084145997877125	0.03848345551600522	0.006877886033353037
256.8388478891892	0.020844354408371436	0.038429622385158645	0.0068453936894323775
256.8458545027027	0.020848347275493364	0.0383766444345617	0.006814399711243477
256.8528611162162	0.020853275786458722	0.038324508865931035	0.00678477628279209
256.85986772972973	0.020858997553897602	0.03827320287567032	0.006756407764315509
256.86687434324324	0.02086535100150994	0.03822271389020634	0.0067291642935105225
256.87388095675675	0.020872197348330828	0.03817302488698458	0.006702931359492183
256.88088757027026	0.02087936455311874	0.03812410219643141	0.006677579734339893
256.88789418378377	0.020886694550714752	0.03807600571782793	0.006652981752683982
256.8949007972973	0.02089415080342024	0.03802866433236217	0.006629064050570626
256.9019074108108	0.02090151768162595	0.037982078925364725	0.006605683365424845
256.9089140243243	0.02090870381097863	0.037936235900552534	0.006582754222315284
256.9159206378378	0.02091555576701431	0.0378911250091689	0.006560155472136156
256.9229272513513	0.020921993042458183	0.037846734789167516	0.006537814526867192
256.9299338648649	0.020927921622732285	0.037803054693070326	0.0065156508991483205
256.9369404783784	0.02093325188485667	0.0377600730062167	0.00649358764933749
256.9439470918919	0.02093795248682975	0.03771778065488583	0.006471588997491729
256.9509537054054	0.020941920625820374	0.03767616787032757	0.006449576148202265
256.95796031891894	0.020945120408579487	0.037635224974415675	0.006427514070883629
256.96496693243245	0.02094753682587797	0.03759494340170625	0.006405384326320556
256.97197354594596	0.020949146031836997	0.03755531222727671	0.006383163395003974
256.97898015945947	0.020949963798867512	0.03751632325921357	0.006360857546853307
256.985986772973	0.02094999451274652	0.03747796638257102	0.006338467759374454
256.9929933864865	0.020949263733499434	0.03744023534816045	0.006316010686113846
257.0	0.020947831265	0.037403120217	0.0062935256565
