t	CL	CD	CM
1.2e-6	-1.6943101286999993	7874.464668499998	0.6025330736099997
0.007008205805805806	-1.5048024729537528e-6	0.2554324462839576	5.362771748217141e-7
0.014015211611611612	-1.4841639396719092e-6	0.18601125300583005	5.335699573330841e-7
0.021022217417417416	-1.5345323457193137e-6	0.15323618664702413	5.322480508069817e-7
0.028029223223223224	-1.478316121589921e-6	0.13320784716575645	5.347667914910724e-7
0.03503622902902903	-1.4923134933493876e-6	0.11938712192201308	5.367191448965383e-7
0.04204323483483483	-1.4801340389198776e-6	0.1091331516158604	5.366664595030489e-7
0.04905024064064064	-1.4289812684677731e-6	0.10114694475112172	5.397172324118182e-7
0.05605724644644645	-1.4530090679838983e-6	0.09466478236893024	5.410620919781313e-7
0.06306425225225225	-1.449356293392544e-6	0.08921840884513574	5.434820350408271e-7
0.07007125805805806	-1.440091086286444e-6	0.08456889101340732	5.451255793241847e-7
0.07707826386386386	-1.430228702353859e-6	0.08055255050281944	5.487560453650952e-7
0.08408526966966967	-1.4228780146454519e-6	0.07704151607728835	5.50711116632663e-7
0.09109227547547548	-1.4134040594526244e-6	0.07394474743614597	5.523905823726981e-7
0.09809928128128129	-1.4060190141171715e-6	0.07119181120449607	5.545411661112803e-7
0.10510628708708708	-1.4008243204941752e-6	0.06872606550005358	5.57261498726125e-7
0.11211329289289289	-1.3887257473073356e-6	0.06650177037564192	5.585998516407239e-7
0.1191202986986987	-1.3822154264276753e-6	0.06448374539479265	5.597491921429382e-7
0.12612730450450452	-1.3714989273896097e-6	0.06264249202695339	5.598448339774478e-7
0.1331343103103103	-1.3813329993920007e-6	0.06095659291770052	5.618857653103247e-7
0.1401413161161161	-1.3764393243048971e-6	0.059405664027889285	5.620676739488244e-7
0.14714832192192193	-1.3724535696129848e-6	0.05797261488181564	5.636120321551655e-7
0.15415532772772772	-1.3661867130614962e-6	0.05664610576747678	5.650398361085158e-7
0.16116233353353354	-1.3559712640842431e-6	0.05541304610192419	5.680039992738614e-7
0.16816933933933934	-1.3691207341393132e-6	0.05426439253865889	5.702708481503913e-7
0.17517634514514516	-1.3508944520952457e-6	0.05319083421160969	5.715914382519691e-7
0.18218335095095095	-1.3649559417186562e-6	0.05218441293576322	5.747233984843989e-7
0.18919035675675674	-1.371860498313395e-6	0.05123800056927181	5.774727969864893e-7
0.19619736256256257	-1.3795550495055747e-6	0.05034671875598383	5.815484541847453e-7
0.20320436836836836	-1.386091131055095e-6	0.049507462018443166	5.854969595490098e-7
0.21021137417417418	-1.3909620068140278e-6	0.04871377507120704	5.901973831161874e-7
0.21721837997997998	-1.3985569055166118e-6	0.04796338924214703	5.956025677421205e-7
0.2242253857857858	-1.411665901223389e-6	0.04725190983200608	6.018157565344283e-7
0.2312323915915916	-1.3997712657078089e-6	0.046576073942304855	6.093985528064287e-7
0.23823939739739738	-1.4029790443323786e-6	0.04593350102126455	6.174872457565186e-7
0.2452464032032032	-1.414718569580719e-6	0.045321631541389275	6.269564921616293e-7
0.252253409009009	-1.430486043557674e-6	0.04473832021742736	6.374152815522026e-7
0.2592604148148148	-1.446491977178313e-6	0.04418251424434299	6.49120993716927e-7
0.26626742062062064	-1.4640007383359657e-6	0.04365133467429969	6.624674911080621e-7
0.2732744264264264	-1.4906565780279343e-6	0.04314281862805534	6.783566761439847e-7
0.28028143223223223	-1.520157667786981e-6	0.042654659757668696	6.96201218546745e-7
0.28728843803803805	-1.574914948893186e-6	0.04218788362265376	7.181705858444497e-7
0.2942954438438438	-1.6279127547163987e-6	0.04173981297378938	7.395868029080706e-7
0.30130244964964964	-1.6928583033664584e-6	0.041309390816830285	7.667794586367944e-7
0.30830945545545546	-1.759041795535954e-6	0.04089501553039274	7.970766554122845e-7
0.3153164612612613	-1.8425585633854812e-6	0.04049614044477211	8.341608175188892e-7
0.32232346706706705	-1.9328495925885365e-6	0.040114251844511645	8.750435866351709e-7
0.32933047287287287	-2.0444604548192956e-6	0.03974389722152423	9.240679419493821e-7
0.3363374786786787	-2.1730681632610376e-6	0.039384644270406895	9.806178216522348e-7
0.34334448448448446	-2.3200127701488273e-6	0.03903617086498604	1.0466845185580355e-6
0.3503514902902903	-2.4931645000010216e-6	0.03869813817419694	1.1243044855027293e-6
0.3573584960960961	-2.6886942386999358e-6	0.038370199547308415	1.2133538582592404e-6
0.3643655019019019	-2.9186945846210928e-6	0.03805200719316826	1.3179603891815513e-6
0.3713725077077077	-3.1867299113725358e-6	0.03774326309961929	1.4395355949450115e-6
0.3783795135135135	-3.4969958174554828e-6	0.03744352965211292	1.5810136451566878e-6
0.38538651931931933	-3.856009116545955e-6	0.037152530383984285	1.7458412617194305e-6
0.3923935251251251	-4.275793686392491e-6	0.03686994016492487	1.9373102198286616e-6
0.3994005309309309	-4.755332254465953e-6	0.03659544729987021	2.1607087589690173e-6
0.40640753673673674	-5.319067836282085e-6	0.03632875268174041	2.4217797523501843e-6
0.41341454254254256	-5.984272579801426e-6	0.036069565950519196	2.7243937468988156e-6
0.42042154834834833	-6.763385211676541e-6	0.03581760919825128	3.0778035135031494e-6
0.42742855415415415	-7.67305643493419e-6	0.03557265112386008	3.4892149489046583e-6
0.43443555995995997	-8.734933242831141e-6	0.03533436460357118	3.969622366166522e-6
0.4414425657657658	-9.975012695621691e-6	0.03510254051687623	4.529468117189e-6
0.44844957157157156	-1.1423491136427235e-5	0.034876943924616925	5.18235113418294e-6
0.4554565773773774	-1.3115548724342213e-5	0.0346573503405164	5.944219784211581e-6
0.4624635831831832	-1.50895147714733e-5	0.03444354430868039	6.83288080456031e-6
0.46947058898898897	-1.7393085796518437e-5	0.03423531952758109	7.86926628388945e-6
0.4764775947947948	-2.0081073104494625e-5	0.034032508542196055	9.077982415562944e-6
0.4834846006006006	-2.3218760619577597e-5	0.03383486350941799	1.0488460513563957e-5
0.49049160640640643	-2.6879916655195428e-5	0.03364223429924519	1.2133740938896376e-5
0.4974986122122122	-3.1151107698303225e-5	0.03345444050524015	1.405253080652402e-5
0.504505618018018	-3.6137237380656544e-5	0.03327133861253045	1.6292253344212585e-5
0.5115126238238238	-4.195271324381399e-5	0.033093253525865854	1.8903698817569615e-5
0.5185196296296296	-4.873846981931577e-5	0.03291946721975135	2.1950267928262538e-5
0.5255266354354354	-5.6656757214958766e-5	0.03274984007492068	2.5504735203471818e-5
0.5325336412412413	-6.589507066142097e-5	0.032584256287315046	2.9651227066825057e-5
0.5395406470470471	-7.667323536015422e-5	0.03242259365987287	3.4488298068321604e-5
0.5465476528528529	-8.924825157325256e-5	0.03226472226319508	4.013115711082126e-5
0.5535546586586586	-0.00010391983183926352	0.03211051662125048	4.6714324866787185e-5
0.5605616644644644	-0.00012103875814119844	0.03195985711111511	5.4394696795783366e-5
0.5675686702702702	-0.00014101180169169512	0.031812641902975	6.335470967269362e-5
0.5745756760760761	-0.00016431325760723098	0.031668777495368776	7.380685083279253e-5
0.5815826818818819	-0.00019149815795828603	0.03152815427773136	8.599978462194093e-5
0.5885896876876877	-0.00022321746403954014	0.0313906602212263	0.0001002250611970378
0.5955966934934935	-0.0002602236619348901	0.03125621391691791	0.00011681984014858535
0.6026036992992992	-0.00030339494968935327	0.031124733012708683	0.00013617745321201094
0.6096107051051051	-0.0003537612969067364	0.030996119215604537	0.00015875919682208217
0.6166177109109109	-0.00041254208697687336	0.030870288734782123	0.00018511811109816044
0.6236247167167167	-0.00048108598062514946	0.03074715572659787	0.00021584751865356722
0.6306317225225225	-0.0005610501611524343	0.030626656389338404	0.0002516925530954266
0.6376387283283284	-0.000654329952028284	0.030508710112963532	0.0002935025411700447
0.6446457341341342	-0.0007631432521336813	0.030393238802409094	0.00034227101662274463
0.6516527399399399	-0.0008900779873821872	0.030280167577037442	0.00039915691594669014
0.6586597457457457	-0.0010381429897115778	0.03016943198424978	0.00046550767365602803
0.6656667515515515	-0.0012108299813629688	0.030060976917452527	0.0005428870640201179
0.6726737573573573	-0.0014122229620414212	0.02995473682873686	0.0006331241331262471
0.6796807631631632	-0.001647099952641686	0.029850639876250744	0.0007383589982906467
0.686687768968969	-0.0019210019699817944	0.0297486295719034	0.0008610735996186822
0.6936947747747748	-0.002240349291901114	0.029648657239632437	0.001004144264218749
0.7007017805805806	-0.0026126398195873593	0.02955066596068265	0.00117093037026001
0.7077087863863863	-0.0030466385082845143	0.029454602298203122	0.0013653576051925057
0.7147157921921922	-0.0035524429408147385	0.029360396585170905	0.0015919561286836712
0.721722797997998	-0.004141899848222526	0.02926799644104144	0.0018560368549237886
0.7287298038038038	-0.00482862069005024	0.02917735789047131	0.002163705737275143
0.7357368096096096	-0.0056284336152560436	0.029088425650084973	0.0025220670632607033
0.7427438154154155	-0.006559754424281958	0.029001138475944516	0.0029393787931485545
0.7497508212212213	-0.00764386325942351	0.028915431479565348	0.00342520081169527
0.756757827027027	-0.008905228719140595	0.02883123711799382	0.003990541272278935
0.7637648328328328	-0.010372075728214646	0.02874848662163493	0.004648117959455838
0.7707718386386386	-0.012077166950586487	0.02866708622132825	0.005412660710853984
0.7777788444444445	-0.014058039185762525	0.028586989325796626	0.006301215254273111
0.7847858502502503	-0.016357490971440805	0.028508014280079173	0.007332976379394931
0.7917928560560561	-0.019022013022456558	0.028429949601013554	0.008529010974410271
0.7987998618618619	-0.022111999440337145	0.028352307919090304	0.009916845266703351
0.8058068676676676	-0.02568823194397593	0.02827527802632438	0.011524107984846876
0.8128138734734734	-0.029820706056574192	0.02819858211937996	0.013382773735862512
0.8198208792792793	-0.03458906338414875	0.028121798439269496	0.01552937416786156
0.8268278850850851	-0.04008104742647026	0.028044406376121968	0.01800438715378427
0.8338348908908909	-0.04639909001485503	0.027965924868060318	0.020854111310034975
0.8408418966966967	-0.0536242787605891	0.027884455494976017	0.024120254705022885
0.8478489025025026	-0.061896937432227336	0.027799764520777016	0.02786566797630547
0.8548559083083083	-0.07131928087135309	0.02771031570024985	0.03214073740786922
0.8618629141141141	-0.08201663608549589	0.02761431001242423	0.0370045854900116
0.8688699199199199	-0.094077715732012	0.027508180592091064	0.04250923392832943
0.8758769257257257	-0.10764249943239818	0.027389747853770567	0.04872115852141684
0.8828839315315316	-0.12276236004644725	0.027254899643508475	0.055674842005745635
0.8898909373373374	-0.13954912831736835	0.027097806739760984	0.06343639539628602
0.8968979431431432	-0.15800643477877263	0.026913197767491612	0.07202138432755392
0.9039049489489489	-0.178008625498869	0.026692623605981694	0.08140491413512797
0.9109119547547547	-0.1995578041947144	0.02642785657992789	0.09160835375961755
0.9179189605605605	-0.2223579517725001	0.02610805538503215	0.10253104701814984
0.9249259663663664	-0.24619649343746555	0.025722029663853316	0.11411543769074489
0.9319329721721722	-0.2704265252434734	0.025256751312706122	0.12613264794700893
0.938939977977978	-0.29466965928459593	0.02470049392540286	0.13843599675011498
0.9459469837837838	-0.31803415259191953	0.024040360100522476	0.15071744930787653
0.9529539895895895	-0.3396875457855632	0.023267401248841302	0.16262549726345799
0.9599609953953954	-0.35889434744326143	0.02237363998844689	0.17390430161072146
0.9669680012012012	-0.3742928649060334	0.021359726029683477	0.18397697230112395
0.973975007007007	-0.3852973506630779	0.02022968679982871	0.1926402525131998
0.9809820128128128	-0.3907423900863348	0.019001140741407067	0.1993597825756224
0.9879890186186187	-0.389755101885289	0.0176926793644101	0.2037958073357209
0.9949960244244245	-0.38225771444254136	0.016342543420740586	0.20586933702595375
1.0020030302302303	-0.3678372749959548	0.014995069868519721	0.20535251101326896
1.0090100360360361	-0.34636607402530334	0.013698157966996985	0.20209278413098453
1.016017041841842	-0.3183831666927051	0.012497117273146507	0.1962600064946713
1.0230240476476475	-0.2846710981625402	0.011442777804057232	0.18808998599396667
1.0300310534534534	-0.24616349708479718	0.010581165793702146	0.17788408991496768
1.0370380592592592	-0.20382233626802038	0.009949705762919512	0.16597161068689747
1.044045065065065	-0.15885735321810782	0.009580770247352256	0.15276479173137014
1.0510520708708708	-0.11238473601798311	0.009493469572921942	0.1386596262276993
1.0580590766766766	-0.06543021929449463	0.009696355374445189	0.12403220438402704
1.0650660824824825	-0.018974142459950796	0.010187504215050549	0.10924424118607401
1.0720730882882883	0.026284856786984428	0.010957433261401701	0.0945661690775498
1.0790800940940941	0.06971840613351073	0.01198886345665216	0.08024518164319622
1.0860870998999	0.11091997448183172	0.013261044838638731	0.06644990659291794
1.0930941057057058	0.14954826178349012	0.01474745030727097	0.05332739055103566
1.1001011115115116	0.18549460564449485	0.016423933069621904	0.04094207483359056
1.1071081173173174	0.2187063296531883	0.01826463885834052	0.029336929598808424
1.1141151231231232	0.24920159428283525	0.02024417637240577	0.01852766468043216
1.1211221289289288	0.2771207202369645	0.022342365884741606	0.00848529228771075
1.1281291347347346	0.3025474115547695	0.024534627492419633	-0.0008010313489081051
1.1351361405405405	0.3256992484537031	0.02680664019454815	-0.009392010916303503
1.1421431463463463	0.34676746991618623	0.029143481720338853	-0.017340826765819637
1.149150152152152	0.3659182947618576	0.03152974651919672	-0.02469274845034246
1.156157157957958	0.38335153205680594	0.03395600040317819	-0.03150737132786797
1.1631641637637637	0.3992576486561557	0.03641464464439263	-0.0378424321994473
1.1701711695695696	0.4138042954279027	0.038898238934731814	-0.04374849599104289
1.1771781753753754	0.42715822015929905	0.04140128559434656	-0.04927752614369121
1.1841851811811812	0.43944436089289823	0.043918731561252075	-0.054466043058673454
1.191192186986987	0.4508095924299273	0.04644938622340959	-0.05936129459263807
1.1981991927927929	0.461393851281464	0.04899384489035103	-0.0640099269743221
1.2052061985985987	0.4712478996955811	0.051541772673396984	-0.06842145403209898
1.2122132044044045	0.48051122372139826	0.05410159651764151	-0.07264581481858758
1.2192202102102103	0.48924434320610866	0.056665646410901854	-0.0766990488793512
1.226227216016016	0.49752036297646124	0.05923894015879313	-0.08060525071172335
1.2332342218218217	0.5054132388293854	0.061821281079304215	-0.08438957451558526
1.2402412276276276	0.5129565156867589	0.06440831056395843	-0.0880597452951304
1.2472482334334334	0.5202302311717124	0.06700640736456505	-0.09164611170586778
1.2542552392392392	0.527234923462408	0.06961038588312894	-0.0951432827033083
1.261262245045045	0.5340491135534126	0.07222832737042086	-0.09858306618090475
1.2682692508508508	0.5406599182308651	0.07485164320390901	-0.10195473912765987
1.2752762566566567	0.5471124703041867	0.0774857932246672	-0.1052758836982628
1.2822832624624625	0.5534325183467235	0.08013170378774749	-0.10855536252891777
1.2892902682682683	0.5596310641143286	0.08278873340065748	-0.11179542486965013
1.2962972740740741	0.5657314802883099	0.08545720411852153	-0.11500436898833225
1.30330427987988	0.5717337554122234	0.08813832724138675	-0.11818007353616522
1.3103112856856858	0.5776639178458498	0.09083555111677948	-0.12133284333534383
1.3173182914914916	0.5835347689827348	0.09354562311813909	-0.12446587851873749
1.3243252972972972	0.589359613101605	0.09627190795200606	-0.1275845349775142
1.331332303103103	0.5951705062857331	0.09901763114868926	-0.1307035203911982
1.3383393089089088	0.600950790166334	0.10177779776249851	-0.1338132011687527
1.3453463147147147	0.6067027969341436	0.1045525405997511	-0.1369138952169301
1.3523533205205205	0.6124381483226369	0.10734389022140012	-0.14001102437638463
1.3593603263263263	0.6181594078752767	0.11015363599703724	-0.14310522813668924
1.3663673321321321	0.6238637315590725	0.11297881718413018	-0.14619430977183323
1.373374337937938	0.6295486699907665	0.11581565607439617	-0.14927647753409853
1.3803813437437438	0.6352248041890527	0.11866962647603033	-0.15235700419596226
1.3873883495495496	0.6408942745144033	0.12154087621208805	-0.15543654040172314
1.3943953553553554	0.6465834249986232	0.12443269471706866	-0.15852987761139567
1.4014023611611612	0.6522373593485342	0.12733510045223703	-0.16160594322775806
1.408409366966967	0.6578822074338343	0.13025276539118386	-0.16467882606037318
1.4154163727727729	0.6635565951209061	0.13319266327731474	-0.16777079364944558
1.4224233785785785	0.669195673557009	0.1361438036215233	-0.1708443838642576
1.4294303843843843	0.6748569429198331	0.13911340969361685	-0.17393262879926571
1.4364373901901901	0.6804839926911894	0.14209466568231072	-0.17700255256289874
1.443444395995996	0.6861400831339806	0.14509562725155103	-0.18009121489817465
1.4504514018018018	0.691799284015717	0.1481156638967607	-0.18318321854825217
1.4574584076076076	0.6974129800697035	0.15114319698787373	-0.18624933855193768
1.4644654134134134	0.7030696658844904	0.15419337700549288	-0.18934222228723674
1.4714724192192192	0.7087242203638788	0.15725984433175663	-0.19243548252680714
1.478479425025025	0.7143728313728579	0.16034073186997239	-0.19552722091915337
1.4854864308308309	0.7199439029333363	0.1634260413489157	-0.1985700708201677
1.4924934366366367	0.7256120149371457	0.16654222351882494	-0.2016721773919285
1.4995004424424425	0.7312776896792221	0.16967603709450754	-0.20477324048733433
1.5065074482482483	0.7369774180344453	0.17282812645137252	-0.2079014988322051
1.5135144540540542	0.7425976157278876	0.1759797122135319	-0.21098249617339318
1.5205214598598598	0.7482213990366294	0.1791485306018541	-0.21406675565356756
1.5275284656656656	0.7538510502926995	0.18233574219334792	-0.2171552965889892
1.5345354714714714	0.7594807011055743	0.18553793487590187	-0.2202447420132946
1.5415424772772772	0.7651074760049552	0.18875448732232863	-0.22333304831310102
1.548549483083083	0.7707411427161227	0.19198897231516548	-0.22642626249864567
1.5555564888888889	0.7763658352342502	0.19523455881278876	-0.2295147238836701
1.5625634946946947	0.7820007764833872	0.19850097634352518	-0.23260980157244526
1.5695705005005005	0.7876313932049784	0.20177990324077158	-0.23570335610435136
1.5765775063063063	0.7932592614013694	0.20507268359841366	-0.2387961781255487
1.5835845121121122	0.7988906896848125	0.2083829448417645	-0.24189150869403592
1.590591517917918	0.8045179560762056	0.21170649878255704	-0.2449852246580724
1.5975985237237238	0.8101401584850554	0.21504259180678184	-0.24807682350819485
1.6046055295295296	0.8157654880484388	0.21839614759629186	-0.25117085165184727
1.6116125353353354	0.8213917742908504	0.2217658504545967	-0.2542661382487971
1.618619541141141	0.827013576083001	0.22514856753255466	-0.25735953088791874
1.6256265469469469	0.8326303852384083	0.22854361985131932	-0.26045150400729766
1.6326335527527527	0.838249558094354	0.23195559480536798	-0.2635459031769258
1.6396405585585585	0.8438683668343674	0.23538404953672448	-0.26664047358785
1.6466475643643643	0.8494752277775762	0.2388212203703686	-0.26972932636080527
1.6536545701701701	0.8550898067651247	0.24227805101553937	-0.27282429832822264
1.660661575975976	0.8606915207525091	0.24574431759774115	-0.27591242229695745
1.6676685817817818	0.8662881068668897	0.2492235883239378	-0.27899892070528026
1.6746755875875876	0.8718891691536075	0.25272122079351333	-0.2820896712832912
1.6816825933933934	0.8774838392262706	0.2562307628919773	-0.2851781723059847
1.6886895991991993	0.8830752794758778	0.25975589465152665	-0.28826501322806763
1.695696605005005	0.8886595427063592	0.2632917994110741	-0.291350112966507
1.702703610810811	0.8942446286574639	0.2668451651460487	-0.29443639862715926
1.7097106166166167	0.8998177578400904	0.2704075358166877	-0.29751750187095705
1.7167176224224223	0.9053871631547041	0.27398362064179066	-0.3005983196363687
1.7237246282282281	0.9109544850007852	0.2775748274191053	-0.30367930749474176
1.730731634034034	0.9165164885043721	0.28117980623296107	-0.3067583349155386
1.7377386398398398	0.922069985003815	0.2847967547965796	-0.30983351986709484
1.7447456456456456	0.9276203526531016	0.2884279325005646	-0.3129093415926275
1.7517526514514514	0.9331606585734344	0.2920693297031593	-0.3159809136773035
1.7587596572572572	0.9387003946344492	0.2957274631706177	-0.3190535572562496
1.765766663063063	0.9442321211889491	0.29939746523500615	-0.3221232988770246
1.772773668868869	0.9497543046187953	0.30307823483554697	-0.3251891558913117
1.7797806746746747	0.9552707296999038	0.3067723599360721	-0.328253287718198
1.7867876804804805	0.9607845832915712	0.3104819898927399	-0.3313173763214202
1.7937946862862864	0.9662879333934687	0.31420186025568364	-0.3343769946417572
1.8008016920920922	0.9717915514118025	0.31793820456475513	-0.3374399832571893
1.807808697897898	0.9772782068750802	0.32168183833332015	-0.340493470824372
1.8148157037037036	0.9827635262896954	0.3254422028505446	-0.3435477145069894
1.8218227095095094	0.9882408806274318	0.32921472313480105	-0.34659889528253296
1.8288297153153152	0.9937111688349379	0.33299872294654403	-0.34964958745568464
1.835836721121121	0.999175753888341	0.33679812745153775	-0.3526966197515996
1.8428437269269269	1.0046267983273907	0.3406061576625985	-0.3557376937194443
1.8498507327327327	1.0100820890896227	0.3444335699373127	-0.3587846665053855
1.8568577385385385	1.0155175136110488	0.34826666085659286	-0.36182017192012017
1.8638647443443443	1.0209485313921516	0.35211410342361216	-0.364855652704761
1.8708717501501502	1.0263789765562013	0.35597952316923787	-0.36789295332011507
1.877878755955956	1.0317921642690508	0.35985198949743274	-0.3709203854911357
1.8848857617617618	1.0372023446920982	0.36373900435315853	-0.3739511345485636
1.8918927675675676	1.0426037601448073	0.3676386707949732	-0.37697821254730485
1.8988997733733735	1.0479969453268514	0.3715530439717441	-0.38000024191890214
1.9059067791791793	1.0533829271887378	0.375479033122373	-0.3830225902947701
1.9129137849849849	1.0587598598716574	0.3794203749202426	-0.38603867827464966
1.9199207907907907	1.064130067123155	0.3833724697592173	-0.38905616782155744
1.9269277965965965	1.0694924415924054	0.38733888774163355	-0.3920710704189136
1.9339348024024023	1.074841898160756	0.39131839615146224	-0.39507684299078394
1.9409418082082082	1.0801969053072324	0.3953170125162633	-0.3980917793163754
1.947948814014014	1.0855428087945538	0.3993295063709947	-0.40110363640259633
1.9549558198198198	1.0908711071555595	0.4033500755670981	-0.4041079506606483
1.9619628256256256	1.0961851804244884	0.40738423710607347	-0.4070997684104437
1.9689698314314314	1.101515092168246	0.4114423888050164	-0.41010966962459255
1.9759768372372373	1.1068302634322518	0.4155106829540085	-0.4131130791206119
1.982983843043043	1.112138344307962	0.4195958782515023	-0.4161150693292758
1.989990848848849	1.1174359034812182	0.4236952932822709	-0.4191139447465914
1.9969978546546547	1.1227257539228075	0.42781092652984976	-0.42211134912693693
2.0040048604604603	1.1280123792264019	0.43194634246984415	-0.4251097868790768
2.011011866266266	1.1332889410281561	0.4360964260367407	-0.4281053981958567
2.018018872072072	1.138557829151129	0.4402621216836781	-0.4310989918416869
2.025025877877878	1.1438251268106008	0.44444825229153384	-0.43409495089058825
2.0320328836836836	1.1490894757144574	0.44865406502502475	-0.43709288008119773
2.0390398894894894	1.1543506057043045	0.4528802100797652	-0.44009234508042283
2.0460468952952953	1.1596079655105505	0.45712627204955997	-0.44309318427495664
2.053053901101101	1.1648651402559047	0.46139546072498533	-0.44609841318645177
2.060060906906907	1.1701188589758085	0.465685693335235	-0.44910518324898774
2.0670679127127127	1.1753748220742062	0.47000191966820465	-0.45211819556665345
2.0740749185185186	1.1806303808795349	0.4743425449897307	-0.4551349274567696
2.0810819243243244	1.1858794655794522	0.47870271494771427	-0.4581526036185472
2.08808893013013	1.1911427263322438	0.4830987393155991	-0.46118002946286774
2.095095935935936	1.1964089445726669	0.48751919795100196	-0.4642138148233914
2.102102941741742	1.201694326679754	0.491979321502095	-0.4672647486707622
2.1091099475475477	1.206983415474106	0.4964670490544195	-0.4703227888147123
2.1161169533533535	1.2122863904532293	0.5009925668156806	-0.47339576574854975
2.1231239591591593	1.2175958660256299	0.5055503879448858	-0.4764785148948023
2.130130964964965	1.222929072450063	0.5101565414053769	-0.47958227941396453
2.137137970770771	1.2282737697784767	0.5148015588638307	-0.4827004153745297
2.1441449765765768	1.2336417777908602	0.5194969836895262	-0.4858402107629243
2.1511519823823826	1.2390173600707535	0.5242299314762582	-0.48899355119776833
2.1581589881881884	1.244426387690491	0.5290244480171337	-0.49217634130214877
2.165165993993994	1.249854997938007	0.5338692581666977	-0.4953802541664293
2.1721729997997996	1.25530874479798	0.5387716425585136	-0.4986104113568296
2.1791800056056054	1.2607922839811732	0.5437374106643686	-0.5018707238921299
2.1861870114114113	1.2663016946990446	0.5487643067336652	-0.5051579419498292
2.193194017217217	1.2718450788743265	0.5538622146044423	-0.5084796115867687
2.200201023023023	1.27741954853632	0.5590315326056483	-0.5118350643172199
2.2072080288288287	1.2830300603585645	0.564277821245288	-0.5152266380282158
2.2142150346346345	1.288669392183185	0.5695989341110327	-0.5186527271636525
2.2212220404404404	1.294343897301741	0.5750029115316047	-0.5221171833749779
2.228229046246246	1.3000505174836219	0.5804902252355404	-0.525618795724698
2.235236052052052	1.3057854068270172	0.5860622411562479	-0.5291571779135464
2.242243057857858	1.3115383268951117	0.5917117120366872	-0.5327255224986591
2.2492500636636636	1.317318594287164	0.5974545998659051	-0.5363315816091719
2.2562570694694695	1.3231039337176844	0.6032729851305367	-0.5399617623987297
2.2632640752752753	1.3289037597687356	0.6091812383505895	-0.5436219715406315
2.270271081081081	1.3346831106013228	0.6151522434114864	-0.5472919205335658
2.277278086886887	1.3404583828209433	0.6212077511491291	-0.5509815679887515
2.2842850926926928	1.3461972546073266	0.6273208397679938	-0.5546706786740646
2.2912920984984986	1.3519095089655053	0.6335063659048105	-0.5583644190454817
2.2982991043043044	1.357565792818602	0.6397413526052139	-0.562045053718842
2.30530611011011	1.363173840820719	0.6460355156752832	-0.5657150366156533
2.312313115915916	1.3687182471983632	0.6523747356072118	-0.5693636522489419
2.319320121721722	1.374187940286883	0.6587556550990131	-0.5729864483997951
2.3263271275275277	1.3795956071471365	0.6651858733266268	-0.576586763640992
2.3333341333333335	1.3849208902106618	0.6716485246683265	-0.5801541581391557
2.3403411391391393	1.390185499368649	0.6781606612354671	-0.5837000292555992
2.347348144944945	1.3953814948045262	0.6847123769035085	-0.58722018883409
2.354355150750751	1.4005172469057605	0.6913061337233485	-0.590718469910712
2.3613621565565563	1.4055889102592283	0.6979359449705846	-0.5941950832053823
2.368369162362362	1.410617991539056	0.704618972349774	-0.5976619448613457
2.375376168168168	1.4155928599423448	0.7113367523867443	-0.6011125611742885
2.382383173973974	1.4205250811214167	0.7181031220088151	-0.6045557118137092
2.3893901797797796	1.425423044929332	0.7249201133969292	-0.6079938350821864
2.3963971855855855	1.430282619821697	0.7317804034762915	-0.6114220217915043
2.4034041913913913	1.4351129571842367	0.7386970897123898	-0.6148478532610451
2.410411197197197	1.4398900044220555	0.7456426208565123	-0.6182593194277715
2.417418203003003	1.444627353303345	0.752635672879395	-0.6216647366983716
2.4244252088088087	1.4493072860303584	0.7596495734229687	-0.6250530683912069
2.4314322146146146	1.453939454378645	0.7666997064196563	-0.6284300374322304
2.4384392204204204	1.4585311099306053	0.7737925734706846	-0.6317994790309867
2.445446226226226	1.4630700632770006	0.7809125749406394	-0.6351537114238379
2.452453232032032	1.4675326973435896	0.7880461409822174	-0.6384830180463102
2.459460237837838	1.4719640449209281	0.7952230113442039	-0.641805140361852
2.4664672436436437	1.4763341040060622	0.802422966093749	-0.6451055788797189
2.4734742494494495	1.4806805098049118	0.8096714741466946	-0.6484040059810772
2.4804812552552553	1.484941513463801	0.8169252008130489	-0.6516735532629206
2.487488261061061	1.4891619541341663	0.8242230236550419	-0.6549328780921293
2.494495266866867	1.4934085962593022	0.8315999289778535	-0.6582085203026239
2.5015022726726728	1.4974510877805924	0.8388997660475398	-0.6614054410427676
2.5085092784784786	1.501497253874168	0.8462625020071416	-0.6646068853502584
2.5155162842842844	1.5054826361427378	0.8536481489911202	-0.6677899174492107
2.5225232900900902	1.5094153353083422	0.8610594168170025	-0.6709567595409801
2.529530295895896	1.5133097970946032	0.8685126755540269	-0.6741132709691025
2.536537301701702	1.5171541558754174	0.8759917649159835	-0.6772531135510079
2.5435443075075077	1.5209426286367433	0.8834981755105629	-0.6803763818444555
2.5505513133133135	1.5246774580987388	0.891031308559152	-0.6834846172710061
2.557558319119119	1.528356406417714	0.8985855836309707	-0.6865750168046932
2.5645653249249247	1.53198249182138	0.9061601910518032	-0.6896493592015579
2.5715723307307305	1.535557122918333	0.9137625220842003	-0.6927109062913985
2.5785793365365364	1.5390806454606525	0.9213998344420108	-0.6957581818002871
2.585586342342342	1.5425456685209442	0.9290488803040241	-0.6987832868195443
2.592593348148148	1.545960048120391	0.9367319604103911	-0.7017943595821313
2.599600353953954	1.5493251022081242	0.9444384545404869	-0.7047869749966723
2.6066073597597597	1.5526390702187904	0.952173144633707	-0.7077645998354076
2.6136143655655655	1.5559012153159277	0.9599318204856205	-0.7107264153703118
2.6206213713713713	1.5591135987529239	0.9677165460593217	-0.7136730746708584
2.627628377177177	1.562275622317181	0.9755256998790479	-0.7166049949729811
2.634635382982983	1.5653977661020397	0.9833772319691733	-0.7195298442563408
2.6416423887887888	1.568464211545621	0.9912394818248493	-0.7224354006238924
2.6486493945945946	1.5714876255500712	0.9991344614158006	-0.7253298102552432
2.6556564004004004	1.5744623072092079	1.007048279878973	-0.7282088842496922
2.6626634062062062	1.5774006469981594	1.0149982158536444	-0.73108072577716
2.669670412012012	1.580310625198289	1.0229925880652566	-0.7339489923504646
2.676677417817818	1.5831870964634152	1.0310179761981941	-0.736807533392954
2.6836844236236237	1.5860426032137394	1.039089122843908	-0.739663880447537
2.6906914294294295	1.5888764390928856	1.047211395044997	-0.74252000023342
2.6976984352352353	1.5916886093449483	1.0553753833977622	-0.7453738499779483
2.704705441041041	1.5944915701403388	1.0635913744133658	-0.7482340779317809
2.711712446846847	1.5972895538026886	1.0718564203830545	-0.7511005961055995
2.718719452652653	1.6000963160944686	1.0801952686093992	-0.7539853404528972
2.7257264584584586	1.6029256141773969	1.088610852590428	-0.7568929624128146
2.7327334642642644	1.60578351983482	1.0970986016361555	-0.7598261587183772
2.7397404700700703	1.608694437716116	1.1056867874366556	-0.7627997941385375
2.746747475875876	1.6116825929441445	1.1144005973632534	-0.7658273117562677
2.7537544816816815	1.6147565409825242	1.1232356622739736	-0.7689103005790526
2.7607614874874873	1.6179496166863567	1.1322276855024413	-0.7720694775126815
2.767768493293293	1.6212802021775428	1.1413765409286887	-0.7753118681605787
2.774775499099099	1.6247894458907184	1.1507265670128666	-0.7786629226632766
2.7817825049049048	1.6285175976016566	1.1603091321480288	-0.7821440408542106
2.7887895107107106	1.632510046023003	1.1701672415549007	-0.7857818667911344
2.7957965165165164	1.6368095250449892	1.1803187970508695	-0.7895962540823641
2.802803522322322	1.641475546905628	1.1908309881554469	-0.7936241306679777
2.809810528128128	1.6465598004473176	1.2017357538965863	-0.7978934290744134
2.816817533933934	1.6521461720535402	1.2131078063462626	-0.8024526645868332
2.8238245397397397	1.6583136376642393	1.2250106033914168	-0.8073466361014895
2.8308315455455455	1.6651496953991625	1.2375201172813455	-0.812626153727251
2.8378385513513513	1.672760420161663	1.2507253010719281	-0.8183495544314738
2.844845557157157	1.681247451160351	1.2647150160628748	-0.8245759673428155
2.851852562962963	1.6907387601463901	1.2795962542750272	-0.8313775070903863
2.858859568768769	1.7013320641068106	1.2954481738788401	-0.8388145424438289
2.8658665745745746	1.7131950832554135	1.3124303028454603	-0.846985853693561
2.8728735803803804	1.7264119591145841	1.3305968465430384	-0.8559428848972165
2.8798805861861863	1.7411342101995086	1.350084911165374	-0.8657769045306838
2.886887591991992	1.7574382501412118	1.3709489973137152	-0.8765409718174737
2.893894597797798	1.7754657348483578	1.3933246011117917	-0.8883249774548218
2.9009016036036037	1.7952056255993178	1.417173162804405	-0.9011326587559265
2.9079086094094095	1.8167604589627848	1.442598439590966	-0.9150414619121615
2.9149156152152154	1.8400093931960937	1.4694555579302633	-0.9299968338799541
2.921922621021021	1.8648390809524655	1.4976265333672019	-0.945959211994813
2.928929626826827	1.8910344886915065	1.526894042858244	-0.9628239600995733
2.935936632632633	1.9183239227429907	1.5569943092949967	-0.9804675459478995
2.9429436384384386	1.94624556233253	1.5874674798337103	-0.9986538656306588
2.949950644244244	1.974321373846637	1.6178487307909122	-1.0171398771167097
2.95695765005005	2.0018833435545322	1.6474834536139888	-1.0355753089907005
2.9639646558558557	2.028244971986157	1.67570711542058	-1.0535920716485971
2.9709716616616615	2.0526521951338434	1.7017919202456666	-1.0707780694545408
2.9779786674674673	2.074420887379314	1.7250890777695165	-1.0867620266105826
2.984985673273273	2.092858524158876	1.7449416450001107	-1.1011481547486712
2.991992679079079	2.107417473528596	1.760843648604092	-1.1136154022719729
2.9989996848848848	2.117582237967148	1.7723165286020317	-1.1238548498801149
3.0060066906906906	2.1231651152515445	1.779219958928997	-1.131725861967236
3.0130136964964964	2.1241835875668196	1.7816137788007873	-1.137186955313475
3.0200207023023022	2.120789211783905	1.7796855812132228	-1.14026984320732
3.027027708108108	2.1133243027924897	1.7738149511898085	-1.1411174029479818
3.034034713913914	2.102266513409997	1.7645059056790557	-1.1399349796837388
3.0410417197197197	2.0881949149616883	1.7523535701116468	-1.1369826158224554
3.0480487255255255	2.0717087925333266	1.7379693938763423	-1.1325423846909903
3.0550557313313313	2.05342882549789	1.721973539698839	-1.1269161878516674
3.062062737137137	2.0339391719192164	1.7049428828537374	-1.1203908471099013
3.069069742942943	2.0138013235560357	1.6874198198697148	-1.1132408412262416
3.076076748748749	1.9934015696965353	1.6697787971588713	-1.1056677643186799
3.0830837545545546	1.9730963730906617	1.6523561931603699	-1.0978566920916257
3.0900907603603605	1.953240408897722	1.6354746326898701	-1.089991476397406
3.0970977661661663	1.9339638031245914	1.6192564718604456	-1.0821610905587273
3.104104771971972	1.9154989833251888	1.60390254554035	-1.0744915469185887
3.111111777777778	1.8979266789169817	1.5894770151926352	-1.0670436146906246
3.1181187835835837	1.8812646961182562	1.5759895883207167	-1.0598470246616287
3.1251257893893896	1.865565135067547	1.563474742571345	-1.05294547364514
3.1321327951951954	1.850825964378121	1.5519193640429287	-1.0463572617446009
3.139139801001001	1.837015516062369	1.5412806615362233	-1.0400848601860035
3.146146806806807	1.8240983172351468	1.5315152909633765	-1.034124341298578
3.1531538126126124	1.812026514490097	1.5225729945745201	-1.028465527236379
3.1601608184184182	1.8007439270643772	1.51439155448181	-1.0230911397681117
3.167167824224224	1.7901896993047077	1.5069075130231933	-1.0179799580050106
3.17417483003003	1.7803127468020858	1.50006197148516	-1.0131148897333044
3.1811818358358357	1.771046137722681	1.4937915124449117	-1.0084690125573552
3.1881888416416415	1.7623431516141783	1.488047629012627	-1.0040217716266968
3.1951958474474473	1.7541515222738162	1.4827755482739466	-0.999749274951567
3.202202853253253	1.7464091325084339	1.4779150403111603	-0.9956215076296253
3.209209859059059	1.739095930069035	1.4734412475627765	-0.991631190971599
3.216216864864865	1.7321603185969396	1.4693107098565306	-0.987754346039658
3.2232238706706706	1.7255857802528813	1.465502274246394	-0.9839827343322248
3.2302308764764764	1.7193215928917494	1.4619704988319577	-0.9802912085158162
3.2372378822822823	1.7133597790730375	1.458701995703203	-0.9766782809814232
3.244244888088088	1.70767152479001	1.4556764712639862	-0.973129078852712
3.251251893893894	1.7022327295386936	1.4528689045485643	-0.9696324199953154
3.2582588996996997	1.6970282718567247	1.450259756399476	-0.9661847810173066
3.2652659055055056	1.6920476961707809	1.4478438911303968	-0.9627835917049449
3.2722729113113114	1.6872812837693276	1.4456117173119432	-0.9594254467241876
3.279279917117117	1.68270826273746	1.4435434915118404	-0.9561018202540046
3.286286922922923	1.6783206953558854	1.4416323522003838	-0.9528120286613576
3.293293928728729	1.674114298813263	1.4398691323136743	-0.9495617091264787
3.3003009345345347	1.670061194460495	1.4382311721857786	-0.9463370563325832
3.3073079403403405	1.6661674760169607	1.4367222821499674	-0.9431447068799076
3.3143149461461463	1.662418946177842	1.4353311805323377	-0.9399809213222412
3.321321951951952	1.6588138229436333	1.4340493047785081	-0.9368529695931486
3.328328957757758	1.6553251008971244	1.432856912283397	-0.9337461508394983
3.3353359635635638	1.6519577089714361	1.4317544483789222	-0.9306675260643192
3.3423429693693696	1.6487107766105649	1.430742253386015	-0.9276212299446684
3.349349975175175	1.6455746872844759	1.4298095348128739	-0.9246057434149987
3.356356980980981	1.6425346766040685	1.4289459796093076	-0.9216145026541408
3.3633639867867866	1.6395813706391316	1.4281412046686623	-0.918646798350991
3.3703709925925924	1.6367179834170984	1.4273967019820724	-0.9157074220244209
3.3773779983983983	1.6339340803040179	1.4267011343878666	-0.9127944104264992
3.384385004204204	1.6312197128952954	1.4260456487398245	-0.90990498095089
3.39139201001001	1.6285693674939297	1.425423098068006	-0.907041003122059
3.3983990158158157	1.6259891217651457	1.4248417357976566	-0.9042060352243748
3.4054060216216215	1.62347042564025	1.424291840389143	-0.9013974339789078
3.4124130274274274	1.6210112870606501	1.4237751284084554	-0.8986131322840293
3.419420033233233	1.618615455861761	1.423295829412257	-0.8958575312878925
3.426427039039039	1.616281091185787	1.4228510261854885	-0.8931330983932428
3.433434044844845	1.6140176260556636	1.4224535806943133	-0.8904440391719946
3.4404410506506506	1.6118116623215488	1.422090450579328	-0.8877842491640864
3.4474480564564565	1.6096654040101763	1.421764270852403	-0.8851571340850082
3.4544550622622623	1.6075954755587514	1.4214939707082526	-0.8825741992252049
3.461462068068068	1.605591299807111	1.4212707179527735	-0.8800313328457604
3.468469073873874	1.6036549613408984	1.421095836597137	-0.8775324638156993
3.4754760796796798	1.6017891282547323	1.4209737071704887	-0.8750798007485485
3.4824830854854856	1.5999960952566126	1.4209073102899632	-0.8726778054978407
3.4894900912912914	1.5982720224375402	1.4208933132923174	-0.8703259806847452
3.496497097097097	1.596618816282626	1.4209347805213677	-0.8680253899866351
3.503504102902903	1.5950382227430489	1.4210338197519536	-0.8657760918992522
3.510511108708709	1.5935386507568172	1.4212009206480727	-0.8635848408230322
3.5175181145145147	1.5921040804665432	1.421420880539556	-0.8614429103896091
3.5245251203203205	1.590735617717618	1.4216971852060605	-0.859349315340578
3.5315321261261263	1.5894330778094663	1.4220328629356553	-0.8573021176446421
3.538539131931932	1.5881970341573384	1.4224242642816007	-0.8553054324928382
3.5455461377377375	1.5870190190351554	1.4228663592241757	-0.8533527101314685
3.5525531435435433	1.585894531208291	1.4233522948376003	-0.8514431350692827
3.559560149349349	1.5848168168577603	1.4238777941428966	-0.8495699048207994
3.566567155155155	1.5837847610126177	1.4244365976066913	-0.8477363689037888
3.573574160960961	1.5827950395415733	1.4250283391611784	-0.8459374657216858
3.5805811667667666	1.5818444258820685	1.4256441045819146	-0.84417435566263
3.5875881725725725	1.580926014631268	1.4262819674014577	-0.8424366758411985
3.5945951783783783	1.5800348052780133	1.4269318548646908	-0.8407239962676026
3.601602184184184	1.5791609825249886	1.4275858568037458	-0.8390283943044098
3.60860918998999	1.578309315559367	1.4282473730486434	-0.8373527661660901
3.6156161957957957	1.5774809057353785	1.4289141334768827	-0.8356993968992403
3.6226232016016016	1.5766638277818605	1.429576766567832	-0.8340587575963325
3.6296302074074074	1.5758555948964323	1.4302288252099256	-0.8324318781522715
3.636637213213213	1.5750514769982262	1.4308683151274115	-0.8308120420718152
3.643644219019019	1.574258199055162	1.4314964547531568	-0.829206454143021
3.650651224824825	1.5734720743302262	1.4321118402627258	-0.8276103406543385
3.6576582306306307	1.57268699160929	1.4327064352738297	-0.8260203572812873
3.6646652364364365	1.5719046810820039	1.4332820532447246	-0.8244368435610866
3.6716722422422423	1.5711271664353574	1.4338398383393085	-0.8228606132101699
3.678679248048048	1.5703561914194215	1.4343811930590928	-0.8212917685274826
3.685686253853854	1.5695884409369651	1.4349006767971877	-0.8197298970188103
3.6926932596596598	1.5688326385658788	1.435408496958405	-0.8181782933098632
3.6997002654654656	1.5680953865426355	1.4359079340826335	-0.8166424812023749
3.7067072712712714	1.5673794295856283	1.43640270629235	-0.8151219256718851
3.7137142770770772	1.5666935385479805	1.4369018868891208	-0.8136199911572473
3.720721282882883	1.5660467287762943	1.437412213890453	-0.8121421967536516
3.727728288688689	1.5654497586891825	1.4379475260452623	-0.8106901279066508
3.7347352944944947	1.5649177261589264	1.4385187739686534	-0.8092751019611305
3.7417423003003	1.5644644068490596	1.4391402962395559	-0.8079029331118356
3.748749306106106	1.5641080403688883	1.4398297906560085	-0.8065822152739195
3.7557563119119117	1.563876436836704	1.4406116002824305	-0.8053302649866825
3.7627633177177175	1.5637957435625813	1.4415138609185192	-0.8041567858469666
3.7697703235235234	1.5638942804503841	1.4425608118412478	-0.8030791985965855
3.776777329329329	1.5642083422007582	1.4437874701414997	-0.8021157655591051
3.783784335135135	1.5647818234510082	1.445235534384539	-0.8012894060710961
3.790791340940941	1.5656582216540764	1.4469468548364064	-0.8006208669917325
3.7977983467467467	1.5668910373101101	1.4489695946318817	-0.8001421382064692
3.8048053525525525	1.5685409581299912	1.451359555920557	-0.7998863215682809
3.8118123583583583	1.5706882772236956	1.4541932884710764	-0.7998946787459471
3.818819364164164	1.573407898625612	1.45753886289637	-0.800208392488579
3.82582636996997	1.5767906714576538	1.4614809060075071	-0.8008749759633922
3.8328333757757758	1.5809343000915559	1.4661078728104708	-0.8019479034309123
3.8398403815815816	1.5859495594482043	1.4715211791125504	-0.80348604647678
3.8468473873873874	1.5919527983461268	1.4778267197806279	-0.8055513534976506
3.8538543931931932	1.5990765395526771	1.4851428384746101	-0.8082173635772534
3.860861398998999	1.6074520366661407	1.4935847300586724	-0.8115559016261393
3.867868404804805	1.6172314237569285	1.5032875672308577	-0.8156479524056263
3.8748754106106107	1.6285470219310265	1.5143625240930718	-0.8205663622472346
3.8818824164164165	1.6415364480385182	1.5269255675702327	-0.8263854983169484
3.8888894222222223	1.656338179428959	1.5410882470955525	-0.8331798788375225
3.895896428028028	1.673017864902331	1.556889310755206	-0.8409886108367914
3.902903433833834	1.6916773676045787	1.5743986899691915	-0.849865071821851
3.90991043963964	1.7123224871763696	1.5935896174208128	-0.8598142932329527
3.9169174454454456	1.7349639306723275	1.614434114611044	-0.8708412427189752
3.9239244512512514	1.759405027194054	1.636704881132103	-0.8828449867565975
3.9309314570570573	1.785487514004312	1.6602063955014652	-0.8957386843995283
3.9379384628628626	1.812849640634766	1.6845467866783614	-0.9093324147068002
3.9449454686686685	1.8410810518686067	1.7092877906815584	-0.9234078969820492
3.9519524744744743	1.8696650896135867	1.7338935283850552	-0.9376868848384868
3.95895948028028	1.8979298949560688	1.757685724485498	-0.951814451801708
3.965966486086086	1.925138203354188	1.7799391170571428	-0.9653991272184185
3.9729734918918918	1.9505489877883764	1.7999345281147763	-0.9780462755336622
3.9799804976976976	1.973451247881965	1.8169942558584355	-0.9893760877490603
3.9869875035035034	1.9930954874792273	1.8304520957180996	-0.998990601847246
3.993994509309309	2.0089208289195706	1.8398001533344066	-1.006595127178805
4.0010015151151155	2.0205162307144215	1.8447320191117136	-1.0119632583657439
4.008008520920921	2.027672123383743	1.8451403544057985	-1.0149807375818747
4.015015526726727	2.03035881526625	1.8410922270749859	-1.0156282172748692
4.0220225325325325	2.0287666473090744	1.8328804555824105	-1.0139998375185273
4.029029538338339	2.023262500769035	1.8209617064193901	-1.0102812557724163
4.036036544144144	2.014331256125656	1.8058775699930267	-1.0047162147957163
4.0430435499499495	2.0025823240344574	1.788304589756156	-0.9976172584264477
4.050050555755756	1.9886287278343433	1.7688747396568725	-0.9892922053563532
4.057057561561561	1.9731200979283328	1.7482534335058788	-0.9800750080910029
4.064064567367367	1.9566032339058028	1.7269673876768785	-0.9702396485493675
4.071071573173173	1.9396571263789362	1.7055898080934693	-0.960085864964064
4.078078578978979	1.922707410441825	1.6845071153267173	-0.9498269165928402
4.0850855847847845	1.9060750041354484	1.6639925997287461	-0.939622900354952
4.092092590590591	1.890060693527358	1.644308656196241	-0.9296302420487736
4.099099596396396	1.874841705769901	1.6255842121595474	-0.9199387030992723
4.106106602202202	1.860550939994004	1.6079102459116024	-0.9106196153684583
4.113113608008008	1.8472305745108661	1.591283110541855	-0.9016956112173772
4.120120613813814	1.834921469162422	1.5757098026138832	-0.8931951395599105
4.127127619619619	1.823598916323191	1.5611331293122166	-0.8851082298189664
4.134134625425426	1.8132148087378934	1.5474766555350392	-0.8774148522342312
4.141141631231231	1.8037109246425924	1.5346607904920324	-0.8700915187173855
4.148148637037037	1.7949904425809475	1.5225621858005043	-0.8630883912120787
4.155155642842843	1.7870010825043954	1.511126215350848	-0.8563942881840154
4.162162648648649	1.7796186959013593	1.5002089972337793	-0.8499415690451286
4.169169654454454	1.7727368552325424	1.489703117942307	-0.8436848867825948
4.176176660260261	1.766339344908625	1.4795859990254292	-0.8376163990682328
4.183183666066066	1.7602903060028376	1.469724294715561	-0.8316752654814288
4.190190671871872	1.754523584438641	1.4600498735151042	-0.8258298086180139
4.197197677677678	1.7489692767857647	1.450502266346145	-0.8200528595360844
4.204204683483484	1.7435515296555242	1.4410046364751978	-0.814305425952056
4.211211689289289	1.7382232608635977	1.4315209386316936	-0.8085699648645331
4.2182186950950955	1.7329284575711505	1.4220068849694496	-0.8028236442227349
4.225225700900901	1.7276116940630637	1.4124082382958598	-0.7970382183947481
4.232232706706707	1.722253630913148	1.4027260261531953	-0.7912149792025904
4.2392397125125125	1.7167948228299887	1.3929002798299852	-0.7853210487531063
4.246246718318318	1.7112561898539411	1.3829665128316084	-0.7793752825525705
4.253253724124124	1.7056085788742772	1.3728995297866609	-0.7733620040241213
4.2602607299299295	1.699783860939735	1.362653518953721	-0.7672627488031765
4.267267735735736	1.693835189821177	1.3522817511589684	-0.7611006742056154
4.274274741541541	1.6877369332829897	1.3417679642000258	-0.7548676218491275
4.2812817473473475	1.681487783421702	1.331116114769992	-0.7485652575923283
4.288288753153153	1.6750997663265388	1.3203516183177162	-0.742207809630291
4.295295758958959	1.6685713607462742	1.3094779003425938	-0.7357974199721713
4.3023027647647645	1.6619136364723563	1.298512785506215	-0.7293455551560356
4.309309770570571	1.6551330492748009	1.2874667394440067	-0.7228592645961818
4.316316776376376	1.6482442228747944	1.2763611845101301	-0.7163513268624291
4.323323782182182	1.641261075851129	1.265214811729351	-0.7098320451496003
4.330330787987988	1.6342086984040685	1.254048522274732	-0.7033118764735548
4.337337793793794	1.627072206582091	1.242863395278813	-0.6967941802732949
4.344344799599599	1.6198659248741512	1.2316636077039764	-0.69028201916161
4.351351805405406	1.6126248805118324	1.2204961567915351	-0.6838022558808295
4.358358811211211	1.6053452179548306	1.2093520815895573	-0.6773504632345854
4.365365817017017	1.5980460457427488	1.1982583178758142	-0.6709426938201757
4.372372822822823	1.590724548317666	1.1872073117243795	-0.6645746938711059
4.379379828628629	1.5833824508615622	1.1762069970438156	-0.6582533425332181
4.386386834434434	1.576075177620912	1.1653018377316158	-0.6519991358625623
4.393393840240241	1.5687323057840172	1.1544422507758376	-0.6457893415940613
4.400400846046046	1.5614366311252499	1.1436935281766685	-0.6396579803876035
4.407407851851852	1.5541533911093937	1.1330304574163863	-0.633591445281554
4.414414857657658	1.5468877451992242	1.1224578231402733	-0.6275925988748685
4.421421863463464	1.5396396683386937	1.1119716330120526	-0.6216586896473563
4.428428869269269	1.5324257857546475	1.1015973267726864	-0.6158031328231025
4.435435875075075	1.5252312139861806	1.0913115046154336	-0.6100111048564667
4.442442880880881	1.5180603592317305	1.081124481456406	-0.6042890600912605
4.449449886686686	1.5109200523277906	1.071045695069237	-0.5986420861333489
4.4564568924924925	1.5038108204336704	1.0610663765480848	-0.593062701764164
4.463463898298298	1.49670846390255	1.0511782417387403	-0.5875489721279644
4.470470904104104	1.4896180225823759	1.0413761027308328	-0.5820967844417549
4.47747790990991	1.482539105779413	1.0316645705026004	-0.5767067613797832
4.484484915715716	1.475480305302628	1.0220569031161282	-0.5713858868117492
4.491491921521521	1.4684189385979427	1.0125228768960068	-0.5661173177530481
4.4984989273273275	1.4613618944653972	1.0030751103732756	-0.5609076308963244
4.505505933133133	1.454296406112282	0.9936955753151766	-0.5557468337174566
4.512512938938939	1.447236022464827	0.9844080298204241	-0.5506485086789629
4.5195199447447445	1.4401595665405758	0.9751883263057297	-0.5455974240001019
4.526526950550551	1.4330588953914727	0.9660319674423731	-0.5405903940420628
4.533533956356356	1.425907183899885	0.9569191968349824	-0.5356162377292537
4.540540962162162	1.4187573661037745	0.9478898857616839	-0.5306955408507835
4.547547967967968	1.4115825810634972	0.9389285624940822	-0.5258186934631705
4.554554973773774	1.4043517050738874	0.9300008142187448	-0.5209669418520159
4.561561979579579	1.397084204873885	0.9211359464114587	-0.5161552050666592
4.568568985385386	1.3897587679160184	0.9123082471918116	-0.511369289055173
4.575575991191191	1.3823799615853398	0.9035311047785248	-0.506615805949155
4.582582996996997	1.374931413889522	0.8947825976504469	-0.5018832196608025
4.589590002802803	1.3674148981142653	0.8860684646316221	-0.4971738409545209
4.596597008608609	1.359855814230816	0.8774096207147126	-0.49249710233689353
4.603604014414414	1.352190055770909	0.868756813767458	-0.4878274129230217
4.610611020220221	1.344455152205717	0.8601435036827525	-0.4831829461274741
4.617618026026026	1.3366250107994262	0.8515449434013548	-0.4785502546919156
4.624625031831832	1.3287068423049233	0.8429724397961038	-0.47393489714550086
4.631632037637638	1.3206923459424313	0.8344199500113278	-0.46933221303705214
4.638639043443443	1.3125686647700432	0.8258751143877359	-0.4647349230532579
4.645646049249249	1.3043544490194727	0.8173571934306004	-0.4601515466659626
4.652653055055055	1.2960259497111715	0.8088504716928313	-0.4555735382536384
4.659660060860861	1.28759755704898	0.8003649873639567	-0.45100582992341515
4.666667066666666	1.279050965733557	0.7918877394608256	-0.44644091543489073
4.673674072472473	1.2703627095935417	0.783408019776133	-0.4418727583065396
4.680681078278278	1.2615648946874907	0.7749401668781406	-0.4373089605706943
4.687688084084084	1.2526445095389416	0.7664851991667393	-0.4327485747709942
4.69469508988989	1.243603962540151	0.7580449605057294	-0.42819239377998936
4.701702095695696	1.234422310469264	0.7496022227994861	-0.4236292010950646
4.708709101501501	1.225122692496049	0.741178957963604	-0.419069240131471
4.7157161073073075	1.2156800785360151	0.7327532831269251	-0.41449964811955275
4.722723113113113	1.2061188950652137	0.7243492405309883	-0.40993213244271676
4.729730118918919	1.1964181421627014	0.7159502522880551	-0.4053574996315104
4.7367371247247245	1.186592920156143	0.7075648795225242	-0.4007795213747131
4.743744130530531	1.176633170153876	0.6991981221420283	-0.3961969158829431
4.750751136336336	1.166532573461811	0.6908394896965955	-0.39160350349984746
4.757758142142142	1.156301054094041	0.6825005343453571	-0.38700369602276324
4.764765147947948	1.145935016625938	0.674174828085244	-0.38239164909151685
4.771772153753754	1.135461442747117	0.6658854665312435	-0.37777647732963837
4.7787791595595595	1.1248731133506826	0.6576267647906318	-0.3731522320957397
4.785786165365366	1.1141741866677866	0.6493997213097894	-0.36851758275867325
4.792793171171171	1.1033783567712225	0.6412166402746029	-0.3638751853708778
4.799800176976977	1.0924827451324917	0.6330748688940757	-0.3592206323077628
4.806807182782783	1.0815023123161303	0.6249862568885264	-0.35455657836798776
4.813814188588589	1.0704083764776309	0.6169327415931876	-0.3498699837268465
4.820821194394394	1.0593045146000948	0.6089759519030581	-0.3451896946308742
4.8278282002002	1.048130325381261	0.6010780248319348	-0.3404882318983223
4.834835206006006	1.0369267441782406	0.5932786664459048	-0.33578177014028143
4.841842211811811	1.0256672709538737	0.5855661504759007	-0.3310510593413218
4.848849217617618	1.0144174220221638	0.5779684489058877	-0.32630588120444326
4.855856223423423	1.003226203267798	0.5705052383394529	-0.32155119842528057
4.862863229229229	0.9920323873494643	0.5631480305141694	-0.316765952971316
4.869870235035035	0.980914151326674	0.5559328177093916	-0.31196484646896105
4.876877240840841	0.9699173504944388	0.5488812304191762	-0.30715148988951807
4.883884246646646	0.959063330252853	0.5420038117459577	-0.3023255862029365
4.890891252452453	0.9483766724719491	0.5353057364612205	-0.29748046761177416
4.897898258258258	0.937909740723558	0.5288130246847275	-0.2926233262130535
4.904905264064064	0.9276881461398395	0.5225358983098488	-0.28775349730672284
4.91191226986987	0.9177430647101616	0.5164830711310832	-0.2828652631334889
4.918919275675676	0.9081360248564254	0.5106825790686684	-0.27796892872153994
4.925926281481481	0.8989006709755748	0.5051419231016978	-0.2730617434521268
4.9329332872872875	0.8900696740500907	0.49987292863385807	-0.26814223062358
4.939940293093093	0.8816803270148845	0.49488710427604443	-0.2632115684251512
4.946947298898899	0.8737781848786936	0.49019674273601144	-0.25827592978527447
4.9539543047047045	0.866384526849837	0.4858066913804548	-0.25333297912262825
4.960961310510511	0.859526546361211	0.4817208566869602	-0.24838146725595883
4.967968316316316	0.8532283998417245	0.4779395023623673	-0.2434262147877352
4.9749753221221225	0.8475016143941616	0.47446338654697184	-0.2384693472600308
4.981982327927928	0.8423498318589764	0.47128061020899714	-0.2335099237272924
4.988989333733734	0.8377446116769128	0.46836986268467046	-0.22854340520819888
4.9959963395395395	0.8337141684700402	0.4657427356375532	-0.22358633860649796
5.003003345345346	0.8302488399927265	0.46336226674391034	-0.21863032217477393
5.010010351151151	0.8272902267943515	0.46121481089446476	-0.2136816154964232
5.017017356956957	0.8248175840105194	0.4592806859041945	-0.20874459565890002
5.024024362762763	0.8228140795571388	0.4575401861021213	-0.203814237404892
5.031031368568568	0.8212323540141713	0.45596765773650516	-0.1989072134202227
5.038038374374374	0.8200179520680446	0.45452961953418664	-0.19401159983318347
5.04504538018018	0.8191237476378701	0.45320143778375893	-0.1891465357261266
5.052052385985986	0.8184869154091454	0.45194889480674205	-0.18430589554660287
5.059059391791791	0.8180477903246212	0.4507414855516137	-0.17949083816724645
5.066066397597598	0.817748555962874	0.4495532261201434	-0.17471523718019438
5.073073403403403	0.8175359823792078	0.44835532688720625	-0.1699708590709659
5.080080409209209	0.8173480520281566	0.4471225822124369	-0.1652704205997963
5.087087415015015	0.8171314009300983	0.4458300870270328	-0.16061247394634853
5.094094420820821	0.8168401359669508	0.4444584113221104	-0.15599967461520425
5.101101426626626	0.8164225593503038	0.44298749142226174	-0.15143897788536506
5.108108432432433	0.8158427650949752	0.44140318638995335	-0.1469316450835564
5.115115438238238	0.8150594913633227	0.43969277933604245	-0.14248533342567044
5.122122444044044	0.8140370230192358	0.437841562413018	-0.13809234987761834
5.12912944984985	0.8127463684216778	0.43584469256524755	-0.13376440066902165
5.136136455655656	0.8111694430162517	0.4336986244965133	-0.12950295913817858
5.143143461461461	0.8092900060106605	0.43139826117097996	-0.125301540089784
5.1501504672672676	0.8071034081855845	0.42895002612946287	-0.12117203648886099
5.157157473073073	0.8046033623258236	0.4263523363321552	-0.11710585834955128
5.164164478878879	0.8017929850582965	0.42361379698011764	-0.11311311630356272
5.171171484684685	0.7986765355511671	0.42074010907597365	-0.10919291320305716
5.178178490490491	0.795255023656609	0.4177323975044517	-0.10533790887883626
5.185185496296296	0.7915449476375555	0.4146050946560866	-0.10155722256051095
5.1921925021021025	0.7875612452138318	0.4113663431050477	-0.09784958141474763
5.199199507907908	0.7833113250703769	0.4080221473542656	-0.09421193805849072
5.206206513713714	0.7788216554421205	0.40458745506972726	-0.09064844846389336
5.2132135195195195	0.7740949164264854	0.4010624032966565	-0.08715109086372436
5.220220525325326	0.7691666259127137	0.3974646934868995	-0.08372538155212565
5.227227531131131	0.7640412251575842	0.3938016126169393	-0.0803730995705728
5.2342345369369365	0.7587301915814317	0.3900755182265593	-0.07708801912989233
5.241241542742743	0.7532550525075699	0.38629800702836825	-0.0738734555815069
5.248248548548548	0.7476111636861419	0.38246796792586985	-0.07072446604335934
5.255255554354354	0.7418270868870783	0.37859868093644966	-0.0676446510930908
5.26226256016016	0.7359112737905684	0.3746985324695013	-0.06463655705584594
5.269269565965966	0.7298478446513901	0.3707554119784995	-0.061685291075653
5.2762765717717715	0.7236837037964641	0.3667962607437443	-0.058806576621210006
5.283283577577578	0.7173988185482942	0.3628077148365996	-0.05598746311407703
5.290290583383383	0.7110092450199603	0.358800276547856	-0.05323252303459834
5.297297589189189	0.7045181764232954	0.3547780813171274	-0.05054135781428381
5.304304594994995	0.6979247804539973	0.3507382500257854	-0.04790853608425092
5.311311600800801	0.6912559771629967	0.3466925051490671	-0.04533898150877392
5.318318606606606	0.6844983971533612	0.34263694637733144	-0.042828919929611346
5.325325612412413	0.6776746591938131	0.3385814651851446	-0.04038125150337144
5.332332618218218	0.6707799955115037	0.3345236141642854	-0.03799182118359096
5.339339624024024	0.6638070838682839	0.33046334219486406	-0.03565980711009967
5.34634662982983	0.6567559204048941	0.3263993420595066	-0.033383696827999534
5.353353635635636	0.6496288333827772	0.3223376588042938	-0.031166057923383964
5.360360641441441	0.6424279841149417	0.3182743373522916	-0.029002320088734213
5.367367647247248	0.6351654542217436	0.3142191657908995	-0.026896084509986925
5.374374653053053	0.6278458710139543	0.3101699211404654	-0.02484275199302612
5.381381658858859	0.6204850032694308	0.306134532431151	-0.02284514662920722
5.388388664664665	0.6130632327092698	0.30210859772681686	-0.020900902885296932
5.395395670470471	0.6055881734061236	0.2980937634572285	-0.0190087143236422
5.402402676276276	0.5980509088378356	0.2940882283419144	-0.017167063126337357
5.4094096820820825	0.5904493322838468	0.29009070247882873	-0.015373809857560022
5.416416687887888	0.5827992873151736	0.2861089226065289	-0.013631348911839248
5.423423693693693	0.5751007365220003	0.28214093663845763	-0.01193607560052492
5.4304306994994995	0.5673518965273134	0.27818981924274383	-0.010288277672098542
5.437437705305305	0.559544777038874	0.27425366062146606	-0.008685309272992173
5.444444711111111	0.5516820714420909	0.2703327179367641	-0.0071255718041516114
5.4514517169169165	0.5437625029992527	0.2664281512695183	-0.00560946900662626
5.458458722722723	0.535790425054143	0.26253900078956804	-0.004135530028544248
5.465465728528528	0.5277861921010322	0.25867608449512425	-0.002707894859749546
5.4724727343343345	0.5197152886955126	0.25482766620230185	-0.0013195137279240618
5.47947974014014	0.5116036179982251	0.25100299652305097	2.814147071036182e-5
5.486486745945946	0.5034469952697624	0.24720099956803418	0.0013374007035093299
5.4934937517517515	0.4952443340586059	0.24342161387641353	0.002609236236090151
5.500500757557558	0.4869079151507665	0.23964272001408557	0.0038515434261606795
5.507507763363363	0.4786368953865849	0.23591502905967393	0.005052357337704957
5.514514769169169	0.47026046828398305	0.23219922524766118	0.006223860196380809
5.521521774974975	0.4618241272558185	0.22850746972620523	0.007365192296029039
5.528528780780781	0.4533289863846336	0.22483764710198445	0.008477486578335644
5.535535786586586	0.44479838303041613	0.22120096094204753	0.00955946997950808
5.542542792392393	0.4361902689236762	0.21758424650638078	0.010618572759338689
5.549549798198198	0.4275189410721617	0.21399290492444192	0.011653411549159507
5.556556804004004	0.41879555125010237	0.2104305178803913	0.012664183594079049
5.56356380980981	0.41001945691668096	0.206897345098583	0.013652268955602412
5.570570815615616	0.40118716191207937	0.2033928892585653	0.014619985661319099
5.577577821421421	0.3923071042329118	0.19992095429574008	0.01556777646902092
5.584584827227228	0.38336737918207914	0.1964780759559418	0.016498833460788297
5.591591833033033	0.3743744412647042	0.19306660406108087	0.017413601216286666
5.598598838838839	0.36530326276141967	0.189681571944459	0.018316284557621753
5.605605844644645	0.35617310698753213	0.18633102831223528	0.01920660459951964
5.612612850450451	0.34697465622323453	0.1830123578667737	0.020087938886133788
5.619619856256256	0.33770013282511135	0.17972429997696418	0.020963150301437437
5.626626862062062	0.32835743195443506	0.17647013678027734	0.021833533943468326
5.633633867867868	0.3189469154568675	0.17325131702546503	0.022701183307258264
5.640640873673673	0.30946952625610313	0.1700695439681905	0.02356867253334451
5.6476478794794795	0.299918550321677	0.16692333639392348	0.024437381982001488
5.654654885285285	0.2902831990792588	0.1638107862763746	0.025311137272837205
5.661661891091091	0.280580835136776	0.16073818409096743	0.026190339993054677
5.668668896896897	0.27079927990988967	0.1577030421558635	0.027078670258159614
5.675675902702703	0.26094517555470204	0.15470882755050464	0.027979135210339876
5.682682908508508	0.2509990595329698	0.15175185925599466	0.028895886250504006
5.6896899143143145	0.2409643667127516	0.14883456926331648	0.029831576350051976
5.69669692012012	0.2308401739758151	0.14595860360992258	0.03079104405340976
5.703703925925926	0.22061120741795234	0.14312305875587494	0.03177941614820589
5.7107109317317315	0.2102680460045145	0.1403282595478578	0.03280223418858275
5.717717937537538	0.19980036289361444	0.13757470273988853	0.03386534489748087
5.724724943343343	0.18919546800433792	0.1348624246756694	0.03497707407845872
5.731731949149149	0.1784483147044173	0.13219239456395634	0.03614257638858213
5.738738954954955	0.16754004903004044	0.12956278025120968	0.037370607336591664
5.745745960760761	0.15645441946180386	0.12697732198388242	0.03867014748140491
5.752752966566566	0.1451638246515096	0.12443226976363468	0.04005116080505831
5.759759972372373	0.13364458334914917	0.1219296270028735	0.04152768832925876
5.766766978178178	0.12185921133773167	0.11946638070378972	0.043113924647191416
5.773773983983984	0.10979256974679909	0.11704588360643399	0.04482499044006202
5.78078098978979	0.09739152494336636	0.11466507016822249	0.046680249576781456
5.787787995595596	0.08462465710044033	0.11232654664272416	0.04870148386645396
5.794795001401401	0.07142552931251657	0.11002668121485369	0.05091342712836
5.801802007207208	0.05774400995308863	0.10776731062551291	0.05334362974188535
5.808809013013013	0.043518416525799866	0.10554897689386528	0.05601987370148859
5.815816018818818	0.028644723535503503	0.10336716707315009	0.05898406699964562
5.822823024624625	0.013073468549633472	0.10122650439623392	0.06226783019938274
5.82983003043043	-0.003291547505185536	0.09912595033636484	0.06591332255774728
5.836837036236236	-0.02056192542189414	0.09706525187073249	0.06997152901040991
5.843844042042042	-0.038846856745694484	0.09504586635261895	0.07449347010688237
5.850851047847848	-0.05827370836506965	0.09306764784288825	0.07953748344824008
5.857858053653653	-0.07892265196093347	0.09113740229709222	0.08515279972317057
5.86486505945946	-0.10092896347625538	0.08925499913879742	0.091399112789397
5.871872065265265	-0.1244501280234407	0.08742360092108623	0.09834976170747331
5.878879071071071	-0.14954406780972745	0.08564967588909439	0.10604374067646653
5.885886076876877	-0.17630508796248445	0.08393947233989718	0.114534762517475
5.892893082682683	-0.2047815885535739	0.08230042740633084	0.12386101381047135
5.899900088488488	-0.23497322131817194	0.08074000833464498	0.13404122632526724
5.9069070942942945	-0.26679844850541684	0.07927106270949655	0.14506796342190423
5.9139141001001	-0.30015314708596724	0.07789234915703834	0.15691277281301494
5.920921105905906	-0.33470143749597764	0.07662377551886664	0.16947674994146655
5.9279281117117115	-0.37011812143668077	0.07546749330350189	0.18264457188240055
5.934935117517518	-0.4058255944950238	0.07443013924574231	0.19622424110060077
5.941942123323323	-0.4412644473672703	0.07351274115444709	0.2100106342913357
5.948949129129129	-0.47557128645866775	0.0727136895433782	0.22368090841744853
5.955956134934935	-0.5077907831639143	0.07202386894149874	0.23687072719525679
5.962963140740741	-0.537007073180632	0.07142742905390692	0.24922652678354146
5.9699701465465465	-0.5621373842136336	0.07091711568699041	0.26032280296807436
5.976977152352353	-0.5822170990228568	0.07044436849706247	0.26976160485792483
5.983984158158158	-0.5963586916844253	0.07001041203377847	0.27718034816633447
5.990991163963964	-0.603866680615175	0.06957126846562996	0.28226372420826923
5.99799816976977	-0.6043328994618525	0.06909886133638773	0.28480676788405723
6.005005175575576	-0.5975700257731549	0.06854331070832888	0.28468760045628566
6.012012181381381	-0.5838517278263201	0.06793852802066626	0.2819504420742788
6.019019187187187	-0.5636763336327202	0.06724781099345763	0.2767283070293377
6.026026192992993	-0.5377985089373305	0.06646677561054999	0.26925692816233404
6.033033198798798	-0.5072384868832784	0.06560146414441756	0.2598711590046482
6.040040204604605	-0.47313000915086145	0.06466221567646863	0.24895953456877096
6.04704721041041	-0.43654775760651726	0.0636623172124267	0.23690042397996763
6.054054216216216	-0.3986199227733861	0.062618905920973	0.22409699609574857
6.061061222022022	-0.3603864121018284	0.06155311011783531	0.21092730745864133
6.068068227827828	-0.3227004563126372	0.06048072376215304	0.19771005333724273
6.075075233633633	-0.2863383356236682	0.05942002260969461	0.1847387954371268
6.08208223943944	-0.2517646941246497	0.05838162227483614	0.17220000450831835
6.089089245245245	-0.21941513747848465	0.057377964047173616	0.16026399243851508
6.096096251051051	-0.18954883085374283	0.05641564415750561	0.14904703822387474
6.103103256856857	-0.16225923778031673	0.055499492014713867	0.13860228649154024
6.110110262662663	-0.13755589588038877	0.05463186664314854	0.1289513759212668
6.117117268468468	-0.115435093774319	0.053813947352621495	0.12011352556226357
6.1241242742742745	-0.09572596415559319	0.05304367205489115	0.1120424543475511
6.13113128008008	-0.0783325964186762	0.052320938057547665	0.10472039015334673
6.138138285885886	-0.0630464311971136	0.0516413874386442	0.0980847043276525
6.1451452916916915	-0.04969447536798726	0.051002482272603004	0.09208816596723716
6.152152297497498	-0.03808228623690053	0.05040059820459037	0.08667330781036633
6.159159303303303	-0.028021857164745746	0.04983187188353142	0.08177960072139455
6.1661663091091095	-0.01937925462733747	0.04929559318392673	0.0773711986688397
6.173173314914915	-0.011932806599932882	0.0487850644950775	0.07337278079147298
6.180180320720721	-0.005554029043682561	0.04829926898943627	0.06974931594338209
6.1871873265265265	-0.00010898451220005656	0.04783540153090403	0.06645638014000678
6.194194332332333	0.0045294494020591035	0.04739113626089267	0.06345420453675653
6.201201338138138	0.008465113312001825	0.04696468657388812	0.06070997975228336
6.208208343943944	0.011800739914652967	0.04655411782662183	0.05819184855455185
6.21521534974975	0.014631406210254182	0.046157419880664075	0.05586865773854279
6.222222355555555	0.017032959194392773	0.04577287084274852	0.053715098095119894
6.229229361361361	0.019074829516060154	0.045399560179605884	0.05171082698339931
6.236236367167167	0.02081247741759646	0.04503659441906858	0.04983791223539125
6.243243372972973	0.022251088165887188	0.04468466045641011	0.04809416202790119
6.250250378778778	0.02353480165829887	0.04433918767337183	0.04643268921771813
6.257257384584585	0.02461924080923272	0.04400334129365799	0.04487064591944646
6.26426439039039	0.025569152228515187	0.043674365217349465	0.04338417481819575
6.271271396196196	0.026380990099569623	0.04335336791594185	0.04197579652449302
6.278278402002002	0.02711030517089808	0.0430390255914911	0.04062760831770116
6.285285407807808	0.027714961420904106	0.0427318724183892	0.03934991973418202
6.292292413613613	0.02826292488068543	0.042430103792743534	0.03812158054909441
6.29929941941942	0.02878866587192487	0.0421333244623879	0.03693248692048715
6.306306425225225	0.029313892591658203	0.04184094389143977	0.03577598027304554
6.313313431031031	0.029773699194044306	0.04155477981217703	0.03467043753671035
6.320320436836837	0.03027440265990958	0.041272265774601025	0.03358387900711245
6.327327442642643	0.030760526348152427	0.040995041003191374	0.03253285159426018
6.334334448448448	0.03126682065828287	0.040722406673046725	0.0315071147635855
6.3413414542542546	0.03180357621037977	0.04045371576156696	0.03050133943830094
6.34834846006006	0.032349945933805954	0.04018957624431765	0.029521507025191674
6.355355465865866	0.03292390885280516	0.03992977235525938	0.028562799172575978
6.362362471671672	0.033456707965061214	0.039674932960519355	0.02764251948224202
6.369369477477478	0.03406418547212849	0.03942426756175341	0.026731097628177894
6.376376483283283	0.03473546996667047	0.03917743529027477	0.02582954853984368
6.3833834890890895	0.035323755042830626	0.03893589355371503	0.024976733567773197
6.390390494894895	0.03594476432940315	0.03869742871329103	0.02413991666637444
6.397397500700701	0.03659873599656299	0.03846265220512669	0.02331969342335089
6.4044045065065065	0.0372844357449612	0.038231148828468606	0.022515090899003033
6.411411512312312	0.038000310758940274	0.0380029553410394	0.021726137552125532
6.418418518118118	0.038745159416200235	0.037778152728119616	0.02095283430770646
6.4254255239239235	0.0395210536362047	0.03755661063461133	0.02019406280919304
6.43243252972973	0.04032659063878303	0.037338994156158746	0.01945071119785292
6.439439535535535	0.04115892647708477	0.03712472717324544	0.01872284061448185
6.446446541341341	0.0420171011524515	0.03691386068267141	0.018009725037112782
6.453453547147147	0.042899855625902525	0.036706265413536436	0.017310631421481856
6.460460552952953	0.04380470570911902	0.03650217238410226	0.016626450151656126
6.4674675587587585	0.044731377880775594	0.03630139778754965	0.015956454287966444
6.474474564564565	0.04567901176034003	0.03610405829111519	0.01530079525479948
6.48148157037037	0.04664499150357038	0.03590996510385621	0.014660029213121924
6.488488576176176	0.04763006757737896	0.03571911382901817	0.014031848100868112
6.495495581981982	0.04863049168707512	0.03553179295264827	0.013418022465662439
6.502502587787788	0.05006611411305633	0.03535363932419953	0.012724992764801882
6.509509593593593	0.05110227880094055	0.035177669380294777	0.012139929217737737
6.5165165993994	0.05216861417457254	0.03500487423634373	0.011562749875061434
6.523523605205205	0.053212295677513885	0.03483515512014046	0.011006431630156903
6.530530611011011	0.05429291089592257	0.03466864738865671	0.010456683112135092
6.537537616816817	0.05538228404392174	0.03450602188403079	0.009919119932713421
6.544544622622623	0.056479176334431	0.034346236338034075	0.009393721190307914
6.551551628428428	0.057572158521071747	0.03418984929186717	0.008882708619607172
6.558558634234235	0.05867179129752416	0.03403662924546483	0.008382831961630303
6.56556564004004	0.05976073067161547	0.033886526806848824	0.007897768845179225
6.572572645845846	0.06085797764184147	0.033739858599699045	0.007422975376725631
6.579579651651652	0.061939165048833594	0.0335959232073815	0.006962548195979761
6.586586657457458	0.06299334911818917	0.03345421111835536	0.006517946724215339
6.593593663263263	0.06405073397769068	0.03331543590452598	0.0060826857229028565
6.6006006690690695	0.06509682326721637	0.03317943754232542	0.005659517829137811
6.607607674874875	0.06612998836305865	0.03304618380729225	0.0052481585766901645
6.61461468068068	0.06715994233623893	0.03291583821984819	0.004845994845571938
6.6216216864864865	0.06815439838350425	0.032787320664182044	0.004458609088508591
6.628628692292292	0.06915394891015036	0.03266258795821151	0.0040785566237157645
6.635635698098098	0.07013679067624136	0.03254026828357247	0.003708671923802491
6.6426427039039035	0.07108103008141764	0.03241996622601641	0.0033529802304253097
6.64964970970971	0.07196923879026548	0.03229986241965405	0.0030128949358162894
6.656656715515515	0.072836587404686	0.032181770567061306	0.002682332045058823
6.6636637213213215	0.07367881600823527	0.032065486085972546	0.002361560930987043
6.670670727127127	0.07453080847426571	0.031953158250621415	0.002044537855962961
6.677677732932933	0.07532646983165332	0.031840868574589974	0.0017412958210206518
6.6846847387387385	0.07609441582906033	0.03173056968031233	0.0014472031401788882
6.691691744544545	0.07683355071962376	0.031622106236014504	0.0011618398406288688
6.69869875035035	0.07754262463966363	0.031515407201932716	0.000884916687196539
6.705705756156156	0.0782199056095585	0.031410498734719156	0.000616405676531978
6.712712761961962	0.07888957953372948	0.031309449631026755	0.00035271173508536505
6.719719767767768	0.0794967837845378	0.031208229057481197	0.00010098548547139194
6.726726773573573	0.08006666896621163	0.031108808360275495	-0.00014254288700927547
6.73373377937938	0.08059902277876001	0.031011029484113724	-0.0003784654367757637
6.740740785185185	0.081092347472171	0.03091479523036375	-0.0006070340374694571
6.747747790990991	0.08154372095686484	0.030820259799992734	-0.0008278897009313998
6.754754796796797	0.08195306273275711	0.030727201502369524	-0.0010417082661068006
6.761761802602603	0.08231827628911624	0.030635795995092394	-0.0012484794433570917
6.768768808408408	0.08263464679973953	0.03054568636654597	-0.0014476786481206702
6.775775814214215	0.08292961922205681	0.03046032735222873	-0.0016424120107283579
6.78278282002002	0.08314986701792963	0.03037378460215185	-0.0018278021759314173
6.789789825825826	0.08332017816662722	0.03028852463154868	-0.0020069346779983534
6.796796831631632	0.08343850777218002	0.030204720589999616	-0.0021794905212767345
6.803803837437437	0.0835037784679144	0.030122276482830196	-0.0023460996997247043
6.810810843243243	0.08351433715060805	0.03004119592344756	-0.0025067163846181468
6.817817849049049	0.08346817616544652	0.02996144371127855	-0.00266109691006513
6.824824854854855	0.08336450772163052	0.029882905134752974	-0.002810001865916907
6.83183186066066	0.0832024032989698	0.0298057672277887	-0.0029532358602742904
6.8388388664664665	0.0829793559722231	0.029729712276013506	-0.0030909660008613207
6.845845872272272	0.08269562125036914	0.029655052772330555	-0.0032232317844702427
6.852852878078078	0.08234869938460339	0.02958142055639636	-0.0033504491539829346
6.859859883883884	0.0819394550042847	0.029509091917913365	-0.0034723542146298247
6.86686688968969	0.08146514602303248	0.02943767139606434	-0.003589538544206127
6.873873895495495	0.08092044826986382	0.029362706602963987	-0.0037046661394295848
6.8808809013013015	0.0803204588247251	0.029293240390475317	-0.0038134381385074865
6.887887907107107	0.07965487084484998	0.02922482280868872	-0.003917684308647549
6.894894912912913	0.07892383232127384	0.029157379209534293	-0.0040175435709287
6.9019019187187185	0.07812850500062528	0.029090977358970854	-0.004113129466167596
6.908908924524525	0.07726862291830809	0.02902552029876175	-0.004204669714740508
6.91591593033033	0.07634496005332947	0.028960972750862977	-0.004292318839322041
6.922922936136136	0.07535803859609107	0.02889807255123793	-0.004375474167694388
6.929929941941942	0.07432340690723642	0.02882674979200883	-0.004466320553808792
6.936936947747748	0.0732176827964122	0.028764379746462794	-0.0045452847890854065
6.943943953553553	0.0720547224062917	0.028702922831514585	-0.004620760829463528
6.95095095935936	0.07083532813215498	0.028642269001275516	-0.004693088620728851
6.957957965165165	0.06956087131548713	0.028582315493518293	-0.004762484058070254
6.964964970970971	0.06823270199046096	0.02852295923134705	-0.004829247749560223
6.971971976776777	0.06685707422389055	0.0284643316595155	-0.004893423476814155
6.978978982582583	0.06543490439398612	0.028406295076054452	-0.004955280804141063
6.985985988388388	0.06396785784045934	0.028348739233510938	-0.0050149597400496035
6.992992994194195	0.062459764960607386	0.0282916855792671	-0.005072910069443744
7.0	0.060915779325	0.028235138699	-0.0051290031508
